[descriptive data]
title	CN 110161666 Example 2 (Venus Laowa 65mm f2.8 2x Ultra Macro APO)
[constants]
[variable distances]
Focal Length	66.0242	undefined
Angle of View	24.2768	undefined
F-Number	2.9	undefined
Image Height	28.4	28.4
Total Length	undefined	undefined	
Magnification	0	-1.95
d0	Infinity	58.83
d3	36.0482	1.0481
d17	1.3000	36.3001
Bf	0	0
[lens data]
1	131.0392	1.0000	1.61800	39.73	63.39
2	55.5671	3.5853	1.60342	38.64	38.01
3	154.2525	d3		39.73
4	45.5262	3.1741	1.77250	22.35	53.00
5	-348.9313	1.2600		22.35
6	25.1847	3.2661	1.49700	20.11	81.61
7	100.2668	3.5733		20.11
8	-65.8922	1.2000	1.80518	17.16	25.46
9	10.7033	3.2025	1.92286	16.18	20.88
10	16.7653	0.1500		17.16
11	15.2000	1.0000	1.80420	15.99	45.60
12	11.3000	4.5886	1.49700	14.87	81.61
13	-54.0400	0.1500		15.99
14	249.3084	2.0293	1.92286	13.81	20.88
15	-67.1764	1.0000		13.81
16	FS	0.2000		12.75
17	AS	d17		12.303
18	70.6960	0.8000	1.72916	11.57	57.67
19	15.5978	5.6256		11.57
20	-40.2688	1.0000	1.76182	19.83	26.61
21	15.8970	6.7521	1.90366	18.09	31.31
22	-20.9235	0.6129		19.83
23	-17.1788	0.8000	1.49700	19.34	81.61
24	46.3288	6.9569		20.23
25	26.8458	7.0000	1.51823	27.71	58.96
26	Infinity	12.3000		27.71
27	CG	2.0000	1.51680	31.00	64.20
28	CG	1.0000		31.00	
[figure]
source	Data/CN110161666_Figure03P.png
originX	11.98
originY	112.67
ppmm	5.121
[notes]
Bill: d0 measured.
