[descriptive data]
title	CN 205720849 U Example 2 (Venus Laowa 12mm f2.8 Zero-D)
[constants]
[variable distances]
Focal Length	12.500	undefined
Angle of View	120.2	undefined
F-Number	2.87	undefined
Image Height	43.26	43.26
Magnification	0	-0.02
d0	Infinity	615.54
d4	10.1074	10.1118
d12	5.1500	4.6207
Bf	38.8325	39.3529
[lens data]
1	41.3919	2.5000	1.74916	56.58	54.67
2	23.5576	5.0658		41.00	
3	51.6496	2.5000	1.58313	44.00	59.46
4	16.7988	d4		37.32	
5	39.7839	1.5000	1.49700	27.62	81.61
6	10.4818	5.1866		18.05
7	Infinity	5.5315	1.62588	19.98	35.74
8	-13.8133	1.0000	1.83481	19.98	44.72
9	70.3450	0.2000		19.98	
10	32.3483	4.8664	1.76182	18.62	26.61
11	-14.1918	3.0000	1.92286	18.62	20.88
12	-37.8109	d12		18.62	
13	AS	2.6149		13.671
14	24.8151	3.3000	1.61293	16.30	36.96
15	-43.5495	1.2000	1.91082	16.30	35.25
16	12.4551	4.5000	1.62004	16.30	36.30
17	-33.5744	0.1500		16.30	
18	-59.4780	4.2676	1.78472	17.66	25.72
19	-10.6778	1.0000	1.90366	17.66	29.31
20	-83.4618	0.1500		18.48	
21	34.0377	6.6000	1.49700	22.58	81.61
22	-19.9445	0.1500		22.58	
23	77.2021	1.0000	1.91082	23.52	35.25
24	19.2911	8.7000	1.49700	23.52	81.61
25	-19.2911	0.5000		23.52	
26	-15.8048	1.7000	1.80781	23.52	40.97
27	-23.9742	Bf		24.62	
[aspherical data]
3	51.6496	0.0080	5.00208E-05	-1.48696E-07	2.85395E-10	-3.26206E-13	5.77197E-17
4	16.7988	-0.5807	2.41854E-05	1.14397E-08	-1.61476E-09	4.64271E-12	-4.16529E-15
26	-15.8048	0.4154	1.60608E-04	-3.90127E-07	1.97932E-09	-1.00952E-11	5.34069E-14
27	-23.9742	-11.4671	3.56937E-05	3.58224E-07	-4.31857E-09	2.03624E-11	-3.90187E-14
[figure]
source	Data/CN205720849_Figure03P.png
originX	26.56
originY	240.59
ppmm	8.292
[notes]
Bill: d0 measured.
