[descriptive data]
title	CN 205427291 U Example 2 (Venus Laowa 15mm f4 Wide Angle Macro)
[constants]
[variable distances]
Focal Length	16.0000	undefined
Angle of View	110.398	undefined
F-Number	4.1	undefined
Image Height	43.26	43.26
Magnification	0	-0.7836
d0	Infinity	8.86
d13	10.7961	1.1015
Bf	38.8967	51.3022
[lens data]
1	51.1838	3.9185	1.77250	50.36	49.62
2	78.9199	0.1500		43.78	
3	24.9469	1.3500	1.91082	33.96	35.25
4	12.5294	5.1363		22.92
5	28.2260	1.2000	1.90366	24.62	31.31
6	10.0604	4.9375		17.31
7	212.9888	3.4261	1.84666	19.42	23.78
8	-21.6379	1.2000	1.72916	19.42	54.67
9	23.9034	1.9663		17.82	
10	230.1139	8.0000	1.90366	19.66	31.31
11	-217.2471	0.1500		19.66
12	60.1975	6.4309	1.48749	19.69	70.44
13	-14.8819	d13		19.69
14	AS	1.3985		11.012
15	24.1927	6.0736	1.51680	12.85	64.20
16	-11.4249	3.4204	1.80420	12.85	46.50
17	27.1687	0.1500		12.85
18	21.6812	3.7905	1.64769	14.17	33.84
19	-19.7942	0.1500		14.17
20	597.5644	1.2000	1.90366	17.07	31.31
21	12.9398	5.4309	1.48749	15.25	70.44
22	-22.1709	Bf		17.07
[figure]
source	Data/CN205427291_Figure03P.png
originX	27.54
originY	208.48
ppmm	8.024
[notes]
Bill: d0 measured.
