[descriptive data]
title	CN 210573001 Example 1 (Venus Laowa 24mm f14 2X Macro Probe)
[constants]
[variable distances]
Focal Length	23.7059	undefined	undefined
Angle of View	89.2	undefined	undefined
F-Number	14	undefined	undefined
Image Height	43.20	43.20	43.20
Total Length	undefined	undefined	undefined
Magnification	0	-0.025	-1.0
d0	Infinity	945.02	20.94
d44	11.8183	11.6860	8.5685
d46	67.2829	67.3702	70.5327
Bf	39.1540	39.1540	39.1540
[lens data]
1	8.731	1.0000	1.83481	7.46	42.72
2	2.810	2.4364		4.46	
3	-15.200	0.5000	1.90366	6.72	31.31
4	Infinity	10.0000	1.90366	8.52	31.31
5	Infinity	1.5000	1.90366	8.52	31.31
6	-8.258	0.1890		8.52	
7	14.600	8.1097	1.49700	9.14	81.61
8	-14.600	1.0498	1.84666	9.14	23.78
9	14.600	0.3000		9.60	
10	24.228	1.2500	1.84666	9.60	23.78
11	11.550	4.3000	1.48749	9.60	70.44
12	-11.550	0.4588		11.14	
13	39.496	3.0000	1.92286	11.96	20.88
14	-39.496	0.5000		11.96	
15	Infinity	12.0000	1.84666	12.00	23.78
16	Infinity	5.5000		12.00	
17	Infinity	12.0000	1.84666	12.68	23.78
18	Infinity	0.5000		12.68	
19	18.876	12.0000	1.84666	12.80	23.78
20	11.452	0.5400		12.80	
21	21.580	11.8794	1.84666	11.78	23.78
22	-7.799	7.6149	1.72825	11.78	28.32
23	17.232	0.5000		11.56	
24	15.849	12.0000	1.80518	11.22	25.46
25	7.800	11.6314	1.80610	11.22	40.73
26	-52.517	1.5929		11.22	
27	52.517	11.6314	1.80610	10.80	40.73
28	-7.800	12.0000	1.80518	9.88	25.46
29	-15.849	0.5000		9.88	
30	-17.232	7.6149	1.72825	10.34	28.32
31	7.799	11.8794	1.84666	10.34	23.78
32	-21.580	0.5400		10.34	
33	-11.452	12.0000	1.84666	8.52	23.78
34	-18.876	24.9577		12.10	
35	27.795	10.1314	1.48749	15.36	70.44
36	232.402	47.4770		15.36	
37	36.480	6.0000	1.92286	20.40	20.88
38	-194.024	10.5750		20.40	
39	-126.076	2.0000	1.84666	14.18	23.78
40	17.301	5.0000	1.49700	15.68	81.61
41	-12.218	3.0000	1.80518	15.68	25.46
42	-30.681	2.4000		16.38	
43	AS	29.7891		14.516
44	FS	d44		20.50
45	-269.800	3.0000	1.84666	24.36	23.78
46	-48.420	d46		24.36	
47	-17.670	2.0000	1.67270	15.62	32.17
48	31.177	1.1205		18.80	
49	Infinity	5.0000	1.83481	21.08	42.72
50	-46.700	Bf		21.08	
[figure]
source	Data/CN210573001_Figure01P.png
originX	51.47
originY	95.52
ppmm	2.495
[notes]
