[descriptive data]
title	CN 214795390 Example 1 (Yongnuo YN16mm F1.8S)
[constants]
[variable distances]
Focal Length	16.340	16.207	15.677
Angle of View	83	undefined	undefined
F-Number	1.78	undefined	undefined
Image Height	28.8	28.8	28.8
Magnification	0	-0.025	-0.15056
d0	Infinity	640.380	91.094
d13	5.51	5.17	3.62
d15	2.26	2.60	4.15
Bf	0	0	0
[lens data]
1	53.37144	3.90	1.730766	34.30	40.501
2	100.24190	0.20		31.50	
3	22.52626	1.15	1.729160	28.54	54.49924
4	11.27555	5.50		20.99
5	31.30543	1.00	1.496999	20.92	81.61466
6	10.15882	11.35		17.12
7	21.63004	2.55	1.900696	19.39	37.05356
8	15.15523	7.75	1.437000	19.39	90.70237
9	-14.67240	1.50		19.39
10	AS	1.50		18.189
11	23.40767	4.05	1.910822	17.70	35.25001
12	-35.81170	1.05	1.718520	17.70	33.45655
13	18.75506	d13		15.52	
14	-45.79530	7.95	1.726000	15.42	54
15	-15.56130	d15		19.26	
16	-21.83350	1.00	1.761819	19.56	26.55365
17	40.52053	1.00		20.68	
18	43.77887	4.00	1.696732	21.66	56.42017
19	-27.05200	14.50		21.66	
20	CG	2.00	1.516330	28.66	64.15015
21	CG	1.06		28.66	
[aspherical data]
14	-45.79530	0	-1.18330E-04	-7.26147E-07	-2.56514E-10	-6.45424E-11
15	-15.56130	0	-1.81750E-05	-2.43417E-07	7.78733E-10	-8.46798E-12
[figure]
source	Data/CN214795390_Figure01P.png
originX	18.55
originY	87.92
ppmm	2.499
[notes]
Bill: Closest Magnification measured. The production figure matches the patent figure at closest focus.
