[descriptive data]
title	CN 211955966 U Example 1 (Viltrox AF 50mm F1.8 FE)
[constants]
[variable distances]
Focal Length	49.00	46.48
Angle of View	47.8	undefined
F-Number	1.8	undefined
Image Height	43.2	43.2
Magnification	0	-0.07647
S	Infinity	500
d0	Infinity	627.28
d16	1.00	6.75
d18	8.61	2.86
Bf	0	0
[lens data]
1	-72.62	1.00	1.63	28.58	35.7
2	31.38	1.74		28.58	
3	34.26	6.50	1.80	30.68	46.6
4	-82.03	0.10		30.68	
5	97.50	2.60	1.80	29.86	46.6
6	Infinity	0.10		29.86	
7	27.28	2.90	1.85	27.65	23.8
8	39.05	1.81		26.47	
9	150.32	1.00	1.62	26.47	36.3
10	22.52	5.28		24.18
11	AS	5.22		23.757
12	-21.54	1.00	1.65	23.51	33.8
13	21.54	6.70	1.69	27.52	54.6
14	-125.58	0.10		27.52
15	52.65	6.00	1.81	28.64	41.0
16	-33.35	d16		28.64
17	100.00	1.00	1.50	26.10	81.6
18	31.03	d18		26.10	
19	49.05	7.30	1.51	31.92	81.4
20	-40.26	0.10		31.92	
21	927.62	1.00	1.67	31.64	33.1
22	41.83	28.44		31.64	
23	CG	2.00	1.52	44.22	64.2
24	CG	1.00		44.22
[aspherical data]
15	52.65	0	-3.17E-06	-1.74E-08	2.02E-10	-8.90E-13	2.15E-15
16	-33.35	0	9.97E-06	-1.43E-08	1.80E-10	-8.20E-13	2.20E-15
17	100.00	0	5.09E-05	-3.64E-07	1.29E-09	-2.03E-12	
18	31.03	0	5.94E-05	-3.67E-07	1.28E-09	-2.02E-12	
[figure]
source	Data/CN211955966_Figure01P.png
originX	62.84
originY	194.11
ppmm	5.472
[notes]
Bill: Patents says a13-a16 but it's clearly a15-a18. Measured d0 and Magnificaation.
