[descriptive data]
title	CN 216772097 Example 1 (Panasonic Lumix S 35mm F1.8)
[constants]
[variable distances]
Focal Length	33.8450	33.4514	30.2876
F-Number	1.8710	1.8784	1.9281
Image Height	43.26	43.26	43.26
Magnification	0	-0.025	-0.22050
S	Infinity	undefined	240
d0	Infinity	1338.91	137.84
d19	1.8000	2.5230	8.7213
d22	7.8560	7.1330	0.9347
Bf	0	0	0
[lens data]
1	66.5499	3.41	1.94595	36.62	18
2	313.0913	0.30		33.66	
3	157.8254	0.90	1.49700	29.86	81.6
4	15.7038	7.98		23.26	
5	FS	5.85		20.53
6	-18.2918	0.90	1.68893	24.69	31.2
7	-318.0662	0.01	1.56732	27.53	42.8
8	-318.0662	5.13	1.49700	27.53	81.6
9	-25.7001	0.30		27.53
10	102.2234	5.42	1.72916	31.94	54.7
11	-43.2435	0.70		31.94
12	AS	4.05		29.015
13	FS	0.30		29.24
14	67.6048	7.77	1.59282	30.76	68.6
15	-26.1852	0.01	1.56732	30.76	42.8
16	-26.1852	1.20	1.80610	30.76	33.3
17	-64.4895	2.11		32.26
18	-72.2364	4.35	1.51602	29.54	56.5
19	-26.0047	d19		29.54
20	214.2128	2.70	1.51602	24.48	56.5
21	30.5085	4.20		21.82
22	FS	d22		24.58
23	FS	0.00		25.34
24	300.0000	7.00	1.51602	30.48	56.5
25	-31.6485	9.07		30.48
26	-26.1426	2.16	1.51680	30.88	64.2
27	-96.5349	12.42		35.19
28	CG	2.10	1.51680	46.38	64.2
29	CG	1.00		46.38	
[aspherical data]
18	-72.2364	0	-1.55403E-05	-2.45467E-08	2.50355E-10	-3.87306E-13
19	-26.0047	0	4.73655E-06	-7.15905E-09	1.19263E-10	-1.60781E-13
20	214.2128	0	4.97404E-05	-2.03601E-07	2.89599E-10	
21	30.5085	0	6.94755E-05	-2.23480E-07	2.84101E-10	
24	300	0	2.87359E-05	-9.88945E-09	-3.25614E-11	
25	-31.6485	0	1.48027E-05	-6.62808E-10	-4.28859E-11	
[figure]
source	Data/CN216772097_Figure01P.png
originX	8.51
originY	143.18
ppmm	6.743
[notes]
Bill: Measured intermediate d0 and MFD d0 and Magnification.
