[descriptive data]
title	DE 10 2022 118285 Example 1 (Fujifilm Fujinon XF150-600mm F5.6-8 R LM OIS WR)
[metadata]
[constants]
[variable distances]
Focal Length	154.611	582.420	undefined	undefined
Angle of View	10.4	2.8	10.2	2.4
F-Number	5.76	8.19	5.85	9.48
Image Height	28.8	28.8	28.8	28.8
Magnification	0	0	-0.07093	-0.24263
S	Infinity	Infinity	2400	2400
d0	Infinity	Infinity	2073.39	2074.82
d6	24.897	97.402	24.897	97.402
d11	79.546	3.466	79.546	3.466
d18	20.998	31.214	20.998	31.214
d22	11.323	4.682	11.323	4.682
d23	5.239	5.239	6.686	26.890
d26	26.884	26.884	25.437	5.233
Bf	0	0	0	0
Aperture Diameter	27.927	19.502	27.927	19.502
[lens data]
1	219.92339	1.800	1.62005	75.47	36.35
2	106.03107	0.173		73.23
3	107.10239	8.084	1.43700	73.23	95.10
4	-1680.72811	0.200		73.23
5	104.53654	7.587	1.43700	71.17	95.10
6	Infinity	d6		71.17
7	-189.34115	2.156	1.69680	36.85	55.53
8	64.65608	3.911		32.45
9	-72.79432	1.424	1.43700	32.45	95.10
10	77.59181	3.220	1.85896	33.17	22.73
11	259.94009	d11		33.17
12	Infinity	4.886	1.49700	46.72	81.54
13	-77.53366	0.394		46.72
14	123.85155	3.510	1.49700	45.98	81.54
15	Infinity	0.100		45.98
16	83.54384	7.171	1.43700	46.09	95.10
17	-112.04376	1.836	1.91082	46.09	35.25
18	Infinity	d18		46.09
19	57.39355	1.224	1.78590	40.14	44.20
20	34.62265	1.500		37.11
21	34.60758	8.297	1.49700	38.07	81.54
22	-244.56997	d22		38.07
23	AS	d23		27.927
24	-279.12302	3.447	1.73800	26.79	32.33
25	-37.04456	1.148	1.69680	26.79	55.53
26	62.10900	d26		27.33
27	434.57118	3.680	1.54814	20.01	45.78
28	-22.53399	0.827	2.00069	20.01	25.46
29	-33.25735	2.500		20.01
30	51.14499	3.011	1.80519	19.46	25.48
31	-51.14499	0.839	1.72915	19.46	54.64
32	26.55426	1.993		17.95
33	-96.45008	0.666	1.81600	17.95	46.54
34	42.45805	2.614		18.52
35	30.17232	4.692	1.67300	18.09	38.26
36	-22.16027	0.810	2.00069	18.09	25.46
37	33.82280	3.126	1.73800	20.00	32.33
38	-72.36949	1.252		20.00
39	49.39686	4.043	1.60342	20.24	38.03
40	-29.15715	5.600		20.24
41	-23.02408	0.657	1.62041	18.24	60.37
42	126.75141	53.922		21.48
43	CG	2.850	1.51680	29.00	64.20
44	CG	1.000		29.00
[figure]
source	Data/DE102022118285_Figure01P.png
originX	20.56
originY	163.49
ppmm	1.299
[notes]
Bill: Measured d0 and Magnification
