[descriptive data]
title	DE 11 2013 006887 Example 1 (Fujifilm Fujinon XF55-200mm F3.5-4.8 R LM OIS)
[metadata]
[constants]
AsphericalOddCount	9
[variable distances]
Focal Length	56.68	104.94	194.28
Angle of View	27.8	15.0	8.2
F-Number	3.56	4.17	4.98
Image Height	28.40	28.40	28.40
Total Length	undefined	undefined	undefined
Magnification	0	0	0
d0	Infinity	Infinity	Infinity
d5	14.332	36.233	51.700
d10	15.857	10.029	3.968
d17	6.488	15.986	26.427
d20	15.478	11.858	3.530
d23	6.213	16.113	30.932
Bf	0	0	0
[lens data]
1	93.4577	4.30	1.58913	44.78	61.14
2	Infinity	0.10		44.78	
3	103.1337	1.71	1.58144	43.04	40.75
4	37.9520	7.15	1.49700	39.86	81.54
5	1295.9911	d5		39.86	
6	-114.4807	0.84	1.88300	21.20	40.76
7	54.6230	2.00		18.56	
8	-39.7040	0.85	1.72916	18.46	54.68
9	39.7040	2.20	1.92286	20.32	20.88
10	503.7335	d10		20.32	
11	AS	1.00		19.029
12	35.2473	3.20	1.72777	21.84	40.33
13	302.5188	6.51		21.84	
14	68.0514	5.70	1.43875	23.38	94.93
15	-23.0494	0.30		23.38	
16	40.9271	1.00	1.84666	23.82	23.78
17	20.2890	d17		19.66	
18	28.8457	3.86	1.74320	19.48	49.34
19	-43.3070	0.85	1.80100	19.48	34.97
20	107.9227	d20		21.34	
21	Infinity	2.61	1.92286	19.04	18.90
22	-68.1850	1.10	1.72916	20.78	54.68
23	27.9438	d23		16.32	
24	Infinity	3.58	1.48749	29.10	70.23
25	-55.5622	19.027		29.10	
26	CG	0.60	1.54763	27.88	54.98
27	CG	0.81		27.88	
28	CG	1.55	1.54763	28.44	54.98
29	CG	0.50		28.44	
30	CG	0.70	1.49784	28.76	54.98
31	CG	1.12		28.76	
[aspherical data]
12	35.2473	0	-1.2149980E-05	4.7067069E-06	-3.4603603E-06	4.1742359E-07	-1.8773629E-08	-1.2486166E-09	9.5621054E-11	-5.6719225E-12
13	302.5188	0	8.2860572E-07	1.5620405E-05	4.0098895E-07	-3.0524648E-07	4.2803201E-08	-4.0112483E-10	-3.4720627E-10	1.4077889E-11
[figure]
source	Data/DE112013006887_Figure01WP.png
originX	6.38
originY	103.28	138.59
ppmm	3.458
[notes]
