[descriptive data]
title	EP 2 664 955 Example 1A (Canon EF200-400mm f4L IS USM Extender 1x)
[constants]
[variable distances]
Focal Length	205.00	389.99
Angle of View	12.04	6.36
F-Number	4.12	4.12
Image Height	43.28	43.28
Total Length	389.84	389.84
Magnification	0	0
d0	Infinity	Infinity
d8	43.02	78.02
d18	25.57	3.10
d25	38.33	25.80
Bf	68.49	68.49
[lens data]
1	304.970	8.16	1.48749	100.06	70.2
2	-999.267	0.30		99.55	
3	299.609	3.55	1.80610	97.75	33.3
4	127.050	0.11		94.89	
5	127.907	12.03	1.43387	94.90	95.1
6	3844.966	0.60		94.24	
7	121.044	11.08	1.49700	91.58	81.5
8	942.757	d8		90.13	
9	156.356	6.56	1.90366	48.10	31.3
10	-98.955	2.30	1.69680	47.35	55.5
11	80.378	3.14		43.00	
12	488.480	2.10	1.69680	42.64	55.5
13	50.627	5.43	1.90366	40.64	31.3
14	299.399	2.12		39.91	
15	-162.580	2.00	1.83481	39.75	42.7
16	89.993	5.17		38.58	
17	-74.380	1.95	1.83481	38.56	42.7
18	1006.217	d18		39.59	
19	-1013.600	4.23	1.49700	41.74	81.5
20	-100.198	0.15		42.42	
21	162.423	4.43	1.49700	43.43	81.5
22	-274.369	0.15		43.59	
23	82.585	2.20	1.90366	43.76	31.3
24	53.309	6.69	1.49700	42.87	81.5
25	1003.667	d25		42.71	
26	-65.984	2.00	1.76182	39.89	26.5
27	-97.801	17.75		40.56	
28	102.573	5.96	1.59282	42.27	68.6
29	-127.044	4.25		42.05	
30	AS	22.15		39.75	
31	139.420	3.17	1.80610	31.01	33.3
32	-139.420	1.55	1.51633	30.84	64.1
33	57.943	3.27		30.01	
34	-131.673	1.50	1.65160	30.01	58.5
35	71.997	3.68		30.35	
36	81.168	4.07	1.62299	31.95	58.2
37	-120.665	0.15		32.10	
38	174.462	3.04	1.62299	32.11	58.2
39	-122.981	1.10		32.03	
40	-65.541	1.60	1.80610	31.98	33.3

41	431.470	45.38		32.27	
42	67.652	7.37	1.57501	41.71	41.5
43	-105.478	2.00	1.88300	41.48	40.8
44	435.743	Bf		41.34	
[figure]	
source	Data/EP2664955_Figure01P.png
originX	24.52
originY	62.50
ppmm	0.937
[notes]
Bill: Patent diameters.
