[descriptive data]
title	EP 3 029 504 A1 Example 4 (Leica Summilux-TL 35mm F1.4 Asph)
[constants]
[variable distances]
Focal Length	34.4	undefined
Angle of View	44.84	43.72
F-Number	1.44	undefined
Total Length	94.8	94.8
Image Height	28.40	28.40
Magnification	0	-0.10741
d0	Infinity	306
d14	2.29	9.39
d16	12.12	5.02
Bf	0	0
Aperture Diameter	19.69	19.69
[lens data]
1	77.925	2.78	1.8340	34.016	37.35
2	84.502	0.50		32.418	
3	39.721	4.37	1.9229	30.652	20.88
4	197.430	1.60	1.5174	29.074	52.15
5	17.810	4.81		23.200	
6	29.847	6.23	1.8348	21.600	42.72
7	-34.044	1.30	1.7552	20.868	27.53
8	25.531	4.33		19.444	
9	AS	5.32		19.690	
10	-18.468	1.30	1.6889	19.938	31.16
11	29.908	6.89	1.7292	23.672	54.67
12	-35.357	0.40		24.820	
13	55.611	6.56	1.7432	26.400	49.30
14	-33.421	d14		26.646	
15	2000.000	1.80	1.7432	23.324	49.30
16	51.269	d16		22.200	
17	204.370	4.84	1.8810	28.626	40.14
18	-52.790	0.21		29.200	
19	47.533	5.18	1.8348	29.364	42.72
20	-88.488	1.50	1.6477	28.916	33.84
21	30.586	18.13		26.928	
22	CG	1.50	1.5168	32.000	64.20
23	CG	0.80		32.000	
[aspherical data]
13	55.611	0	-3.216E-06	-4.801E-09	2.164E-11	4.021E-14
14	-33.421	0	6.802E-06	-8.283E-09	3.717E-11	8.350E-15
15	2000.000	0	4.716E-05	-2.777E-07	1.021E-09	-1.800E-12
16	51.269	0	5.477E-05	-2.745E-07	9.612E-10	-1.649E-12
[figure]
source	Data/EP3029504_Figure04P.png
originX	15.53
originY	268.48
ppmm	12.210
[notes]
Bill: Patent supplies all diameters including AD. Magnification measured.

