[descriptive data]
title	EP 3 136 147 Example 1 (Leica Summilux-SL 50 f/1.4 ASPH)
[constants]
[variable distances]
Focal Length	51.964	51.175	50.624
Angle of View	45.218	44.430	43.516
F-Number	1.44	1.554	1.672
Image Height	43.28	43.28	43.28
Total Length	142	142	142
Magnification	0	-0.0587	-0.1076
d0	Infinity	858	458
d11	10.989	6.424	2.867
d17	3.491	8.055	11.613
Bf	0.800	0.800	0.800
[lens data]
1	130.905	2.400	1.51680	51.65	64.17
2	42.994	17.142		46.98	
3	-37.064	2.277	1.74077	45.90	27.76
4	60.459	15.182	1.69680	53.51	55.46
5	-49.318	0.300		53.51
6	65.854	9.237	1.92286	56.01	20.88
7	-226.822	0.300		56.01
8	33.813	14.873	1.59282	47.62	68.62
9	-90.894	3.936	1.72825	45.16	28.32
10	23.690	9.901		33.20
11	AS	d11		31.431
12	42.044	2.622	1.83481	27.99	42.72
13	100.805	5.363		27.99
14	-38.554	1.300	1.76182	25.53	26.61
15	79.645	1.849		25.53
16	100.609	6.914	1.73077	31.91	40.51
17	-32.664	d17		31.91
18	-73.645	1.900	1.69895	34.57	30.05
19	98.001	1.500		36.59
20	69.849	6.526	1.80860	38.57	40.42
21	-86.432	21.790		38.57
22	CG	1.410	1.51680	54.02	64.20
23	CG	0.800		54.02	
[aspherical data]
16	100.609	0.00	-1.3716E-06	6.8119E-09		
17	-32.664	0.00	2.6675E-06	5.9131E-09	-8.3101E-12	1.7159E-14
20	69.849	0.00	8.1707E-07	6.9086E-09		
21	-86.432	0.00	1.5593E-06	5.5370E-09	1.0950E-11	-6.5642E-15
[figure]
source	Data/EP3136147_Figure01P.png
originX	49
originY	336
ppmm	7.204
[notes]
Bill: Doesn't agree with the publsihed specs on all details but quite close.
