[descriptive data]
title	GB 1 050 055 Example 1 (Nikon Ultra-Micro-Nikkor 29.5mm f/1.2)
[constants]
Scaled	29.5	100
[variable distances]
Focal Length	29.5
Angle of View	6
F-Number	1.2
Image Height	3.1
Magnification	-0.04
d0	591.996
Bf(p)	undefined
Bf	3.58
[lens data]
1	-44.26092	4.99819	1.74687	36.76	27.7
2	-59.11800	5.63804		38.18
3	217.92624	14.87508	1.60752	38.29	38.1
4	-217.92624	119.42115		38.29
4AS	AS	24.53		21.041
5	85.71107	6.49767	1.44850	25.67	67.0
6	-34.61825	1.49949	1.69402	25.67	31.2
7	154.94757	2.69896	1.69451	25.67	54.8
8	-1379.53240	0.89946		25.67
9	48.77235	5.03831	1.62598	25.85	57.9
10	Infinity	0.71980		25.85
11	28.24035	5.09819	1.59865	25.50	39.3
12	17.99382	6.49767	1.43498	22.97	94.9
13	999.66119	0.47997		22.97
14	12.19884	15.43470	1.51871	19.45	64.1
15	7.76735	Bf		6.70
[figure]
source	Data/GB1050055_Figure01P.png
originX	816.22
originY	781.63
ppmm	10.484
[notes]
