[descriptive data]
title	GB 1,383,783 Example 1 (Vivitar 75-205mm f3.8)
[constants]
[variable distances]
Focal Length	70	205
F-Number	3.65	3.65
Image Height	43.2	43.2
Magnification	0	0
d0	Infinity	Infinity
d5	2.041	47.555
d10	28.624	6.000
d13	24.389	1.500
Bf(p)	undefined	undefined
Bf	40.00	40.00
[lens data]
1	268.54	1.90	1.71736	54.16	29.5
2	80.13	6.90	1.58913	54.16	61.2
3	-410.77	0.30		54.16	
4	90.60	5.30	1.51009	53.20	63.4
5	3376.49	d5		53.20	
6	222.96	4.70	1.78472	44.88	25.7
7	-81.30	1.30	1.66672	44.88	48.4
8	154.03	2.70		44.88	
9	-184.02	1.00	1.66672	40.98	48.4
10	51.53	d10		33.91
11	-47.69	1.00	1.52249	33.91	59.6
12	33.79	4.80	1.62588	35.42	35.6
13	153.92	d13		35.42	
14	88.43	6.50	1.48749	34.85	70.0
15	-36.55	1.46	1.80518	34.85	25.5
16	-56.17	0.30		34.85
17	61.15	3.87	1.48749	34.85	70.0
18	284.27	0.30		34.85
19	38.35	6.00	1.48749	34.85	70.0
20	-104.13	1.02	1.64328	34.85	47.8
21	94.78	17.770		33.30
21AS	AS	32.076		22.617
22	-20.19	1.48	1.69700	27.12	48.5
23	-53.33	0.267		32.08	
24	135.84	4.00	1.58921	33.82	41.0
25	-53.64	Bf		33.82	
[figure]
source	Data/GB1383783_Figure01P.png
originX	45.51
originY	225.58
ppmm	7.377
[notes]
Bill: Chart marked f/3.65. Last group seems to be in a slightly different position.
