[descriptive data]
title	GB 1,418,386 Example 1 (Canon FD85-300mm f4.5 SSC)
[constants]
[variable distances]
Focal Length	85.0000	232.8332	300.0678
Angle of View	28.50	10.60	8.22
F-Number	4.5	4.5	4.5
Total Length	273.47573	273.47573	273.47573
Image Height	43.2	43.2	43.2
Magnification	0	0	0
d0	Infinity	Infinity	Infinity
d5	2.86247	55.07390	82.86247
d10	81.89916	16.08578	1.89916
d17	10.00000	23.60195	10.00000
d17AS	8.00000	21.60195	8.00000
Bf(p)	undefined	undefined	undefined
Bf	103.84	103.84	103.84
[lens data]
1	851.29000	3.00	1.71736	71.86	29.51
2	134.70000	8.40	1.58913	71.86	61.11
3	-268.54000	0.10		71.86	
4	113.92000	5.13	1.58913	68.02	61.11
5	333.43780	d5		67.80	
6	-6363.20000	1.50	1.71300	39.22	53.98
7	69.34600	5.50		39.22	
8	-84.58200	1.50	1.71300	35.80	53.98
9	68.95000	3.85	1.80518	35.80	25.43
10	-862.78373	d10		35.80	
11	148.55000	4.79	1.58913	39.44	61.11
12	-100.85000	0.10		39.44	
13	121.40000.	3.61	1.58913	39.44	61.11
14	-325.41000	0.10		39.44	
15	130.43000	5.93	1.58913	38.58	61.11
16	-81.76300	3.00	1.80518	38.58	25.43
17	434.73656	d17AS		38.58	
17AS	AS	2.00		28.566
18	-76.89200	4.22	1.59270	28.34	35.29
19	-27.91100	1.40	1.63854	28.34	55.38
20	-2572.20000	4.99		28.34
21	23.32800	4.66	1.58913	26.73	61.11
22	37.16200	2.27		26.73
23	109.00000	1.60	1.67003	24.86	47.25
24	25.25600	5.72		24.86
25	-134.89000	3.50	1.51633	24.05	64.15
26	-35.31517	Bf		24.05
[figure]	
source	Data/GB1418386_Figure01P.png
originX	63.60
originY	200.11
ppmm	3.751
[notes]
Bill: Repaired n25 from v25. Repaired intermeduate d17 based on IF.
