[descriptive data]
title	GB 2,573,612 Example 2 (Canon RF24-105mm F4 L IS USM)
[constants]
[variable distances]
Focal Length	24.72	50.92	101.84
Angle of View	82.38	46.04	23.98
F-Number	4.12	4.12	4.12
Image Height	43.28	43.28	43.28
Total Length	125.34	142.50	169.34
Magnification	0	0	0
d0	Infinity	Infinity	Infinity
d5	0.75	15.82	34.38
d13	21.53	9.07	2.38
d27	1.80	3.37	1.40
d29	11.59	10.02	11.99
d31	0.80	13.48	17.24
Bf	17.88	19.75	30.96
Aperture Diameter	13.086	16.726	19.35
[lens data]
1	266.275	1.80	1.80810	63.00	22.8
2	93.368	6.52	1.72916	61.29	54.7
3	Infinity	0.15		60.87	
4	49.826	6.97	1.72916	55.94	54.7
5	126.155	d5		54.73	
6	65.832	1.25	1.95375	31.37	32.3
7	15.019	8.19		23.43	
8	-33.476	1.10	1.58313	22.88	59.4
9	65.137	0.15		21.96	
10	40.325	5.03	1.80810	21.71	22.8
11	-40.325	0.97		20.83	
12	-25.491	1.00	1.80400	20.55	46.6
13	-63.435	d13		20.09	
14	AS	0.30		19.35	
15	44.965	2.30	1.91082	19.94	35.3
16	Infinity	0.15		19.93	
17	21.533	1.00	1.95375	19.90	32.3
18	13.108	6.76	1.59522	18.66	67.7
19	-795.231	1.37		18.10	
20	-152.936	0.80	1.74951	17.70	35.3
21	16.038	2.88	2.00069	17.20	25.5
22	30.717	3.81		16.77	
23	76.401	0.75	1.78472	16.79	25.7
24	19.110	3.57	1.49700	16.59	81.5
25	Infinity	0.15		16.72	
26	24.461	7.26	1.58313	18.62	59.4
27	-25.212	d27		19.76	
28	121.315	0.75	1.72916	19.99	54.7
29	23.846	d29		19.90	
30	-43.071	1.50	1.76450	24.17	49.1
31	-248.821	d31		27.13	
32	-68.116	4.50	1.80400	35.10	46.6
33	-32.318	Bf		36.00	
[aspherical data]
8	-33.476	0	5.17863E-06	-6.74704E-08	5.22888E-10	-4.25942E-12	1.45835E-14
9	65.137	0	-7.77410E-06	-4.92259E-08			
26	24.461	0	-2.73692E-05	5.32572E-08	-8.44820E-10	5.56287E-12	
27	-25.212	0	1.47893E-05	2.32565E-09	-6.75778E-10	4.79574E-12	
30	-43.071	0	-8.05959E-05	1.99191E-07	-1.06561E-09	-7.47195E-13	8.67762E-15
31	-248.821	0	-7.18829E-05	2.81391E-07	-1.44320E-09	4.20650E-12	-5.37088E-15
[figure]	
source	Data/GB2573612_Figure03P.png
originX	49.56
originY	131.51
ppmm	2.792
[notes]
Bill: Patent diameters. Patent AD is for telephoto.
