[descriptive data]
title	JP 7118221 B1 Example 1 (Olympus M.Zuiko Digital ED 40-150mm F4.0 Pro)
[constants]
[variable distances]
Focal Length	40.71	77.42	146.90
Angle of View	30.04	15.54	8.18
F-Number	4.066	4.080	4.077
Total Length	142.46	142.58	142.56
Image Height	21.60	21.60	21.60
Magnification	0	0	0
d0	Infinity	Infinity	Infinity
d5	5.64	25.36	41.77
d11	39.53	19.81	3.40
d19	3.05	5.81	5.03
d22	20.87	18.21	18.99
Bf	0	0	0
[lens data]
1	70.041	2.00	1.80000	43.80	29.84
2	46.975	6.90	1.49700	43.80	81.54
3	-315.584	0.15		43.80
4	83.054	3.00	1.43875	42.33	94.66
5	274.320	d5		42.33
6	-347.954	3.30	1.80810	28.98	22.76
7	-44.207	1.40	1.48749	28.98	70.23
8	22.630	2.10	1.80000	23.59	29.84
9	26.046	5.53		23.59
10	-30.946	1.00	1.85150	19.82	40.78
11	-1250.140	d11		19.82
12	AS	1.00		16.656
13	34.063	3.30	1.58313	22.89	59.38
14	-1201.005	6.59		22.89
15	28.050	4.60	1.48749	22.13	70.23
16	-47.935	0.15		22.13
17	45.152	1.00	1.91082	22.02	35.25
18	15.131	5.50	1.49700	20.60	81.54
19	-45.996	d19		20.60
20	43.494	1.70	1.92286	19.80	20.88
21	121.614	1.10	1.80610	17.51	40.92
22	15.400	d22		17.51
23	-17.949	1.20	1.51823	17.96	58.90
24	33.945	6.60	1.59270	24.57	35.31
25	-22.333	11.83		24.57
26	CG	4.00	1.51633	22.64	64.10
27	CG	0.80		22.64	
[aspherical data]
13	34.063	0	-8.93208E-06	-2.37994E-08	-4.33328E-10
14	-1201.005	0	1.38499E-05	-1.63147E-08	-4.08002E-10
22	15.400	-1.383	4.67270E-05	1.02479E-07	-3.43262E-10
[figure]
source	Data/JP007118221_Figure01AP.png
originX	20.49
originY	110.97
ppmm	2.663
[notes]
