[descriptive data]
title	JP 1986-212814 Example 3 (Canon New FD35-105mm f3.5-4.5)
[constants]
[variable distances]
Focal Length	36.35	70.20	103.29
Angle of View	61.5	undefined	23.7
F-Number	3.5	undefined	4.5
Image Height	43.2	43.2	43.2
Magnification	0	0	0
d0	Infinity	Infinity	Infinity
d5	1.472	12.945	19.052
d13	20.026	8.553	2.446
d22	5.792	15.910	21.852
Bf(p)	undefined	undefined	undefined
Bf	39.99	39.99	39.99
Aperture Diameter	19.185	19.463	19.742
[lens data]
1	199.227	2.25	1.80518	52.22	25.4
2	61.805	7.94	1.60311	47.58	60.7
3	-130.469	0.12		47.58
4	35.075	4.41	1.60311	38.41	60.7
5	74.304	d5		38.41
6	326.809	1.20	1.80400	27.08	45.6
7	16.902	5.10		21.01
8	-40.042	1.15	1.83481	21.01	42.7
9	90.902	0.23		23.32	
10	34.000	4.50	1.80518	22.06	25.4
11	-33.322	0.79		22.06	
12	-23.814	1.15	1.80400	21.54	46.5
13	-92.850	d13		23.50	
13AS	AS	0		19.185
14	52.445	2.56	1.65160	23.10	58.6
15	-160.382	0.10		23.10
16	35.707	3.04	1.72000	21.88	50.2
17	278.125	0.10		21.88
18	21.765	7.27	1.54072	20.38	47.2
19	-80.479	3.21	1.84666	20.38	23.9
20	16.054	2.86		16.68	
21	53.460	3.19	1.59551	16.13	39.2
22	-39.554	0		16.13
22FS	FS	d22		15.90
23	-21.113	1.11	1.80400	20.46	46.6
24	1540.591	5.14	1.63930	23.51	44.9
25	-20.324	Bf		23.51
[aspherical data]
22	-39.554	0	5.57E-06	-4.23E-08	4.35E-10
[figure]
source	Data/JP1986-212814_Figure03P.png
originX	26.70
originY	115.29
ppmm	3.736
[notes]
Bill: Intermediate AD is average.
