[descriptive data]
title	JP 1975-110330 Example 1 (Yashica ML 24mm F2.8)
[constants]
Scaled	24	100
[variable distances]
Focal Length	24
Angle of View	84
F-Number	2.8
Image Height	43.2
Magnification	0
d0	Infinity
Bf(p)	37.27
Bf	37.26
[lens data]
1	48.1044	1.766	1.66672	42.85	48.4
2	23.5747	3.727		35.52
3	30.5964	6.180	1.60311	35.36	60.7
4	-2899.9250	0.098		35.36
5	33.4049	1.274	1.65830	26.80	57.3
6	11.7302	7.159		20.14	
7	-36.1015	2.942	1.51823	20.14	59.0
8	38.4451	9.710	1.75690	23.64	31.7
9	-78.8986	1.766		23.64
10	30.0480	6.082	1.67790	15.17	55.5
11	-68.0606	1.11		15.17
11AS	AS	2.814		13.136
12	-22.5269	2.942	1.75520	13.29	27.5
13	44.1842	0.883		14.54
14	-199.0822	2.844	1.64000	14.54	60.2
15	-17.7151	0.098		14.54
16	671.0153	2.453	1.69680	16.89	55.6
17	-31.9130	Bf		16.89
[figure]
source	Data/JP1975-110330_Figure01P.png
originX	60.08
originY	355.04
ppmm	15.449
[notes]
