[descriptive data]
title	JP 1997-304697 Example 1 (Canon EF24-85mm f3.5-4.5 USM)
[constants]
[variable distances]
Focal Length	24.84	50.00	82.06
Angle of View	82.1	46.8	29.5
F-Number	3.58	4.01	4.68
Image Height	43.2	43.2	43.2
Magnification	0	0	0
d0	Infinity	Infinity	Infinity
d5	2.16	18.90	30.86
d13	13.63	6.15	2.20
d19	0.39	3.57	6.52
d20	1.66	3.86	3.94
d24	9.41	4.03	1.00
Bf(p)	undefined	undefined	undefined
Bf	37.91	43.30	46.35
Aperture Diameter	12.874	14.393	13.931
[lens data]
1	120.44	1.20	1.84666	55.64	23.8
2	56.54	6.46	1.69679	53.32	55.5
3	374.26	0.12		55.38	
4	45.99	4.88	1.69679	47.72	55.5
5	110.94	d5		45.40	
6	72.48	0.05	1.51640	26.48	52.2
7	72.35	1.15	1.80400	26.48	46.6
8	12.37	5.34		19.38	
9	-71.85	2.08	1.80517	19.38	25.4
10	-25.42	0.80	1.88299	19.38	40.8
11	35.59	0.11		19.38	
12	24.07	2.21	1.84665	17.20	23.9
13	177.18	d13		17.20	
14	AS	0.20		12.874
15	24.97	0.80	1.84666	15.68	23.8
16	15.39	3.60	1.48749	15.68	70.2
17	-80.73	0.10		15.68	
18	30.05	2.23	1.71299	15.54	53.8
19	-109.90	d19		15.54	
20	FS	d20		14.12
21	-47.40	2.41	1.84666	15.86	23.8
22	-16.52	0.22		15.86	
23	-15.38	0.80	1.80609	15.86	41.0
24	62.32	d24		17.56	
25	291.11	5.36	1.48749	22.58	70.2
26	-17.58	0.12		22.58	
27	61.13	3.49	1.75699	23.92	47.8
28	-49.31	2.07		23.16
29	-21.19	1.10	1.84665	23.16	23.9
30	-142.46	Bf		25.16	
[aspherical data]
6	72.48	0	6.122E-07	2.798E-10	5.866E-11	-6.974E-13
[figure]
source	Data/JP1997-304697_Figure01P.png
originX	64.49
originY	135.47
ppmm	2.672
[notes]
