[descriptive data]
title	JP 1999-142740 Example 1 (Nikon AF Zoom-Nikkor 28-105mm f/3.5-4.5D IF)
[constants]
AsphericalOddCount	3
[variable distances]
Focal Length	29.00000	50.00000	102.00000	undefined	undefined	undefined	undefined	undefined	undefined	undefined
Angle of View	75.1	undefined	23.6	undefined	undefined	undefined	undefined	undefined	undefined	undefined
F-Number	3.58	4.19	4.572	undefined	undefined	undefined	undefined	undefined	undefined	undefined
Image Height	43.2	43.2	43.2	43.2	43.2	43.2	43.2	43.2	43.2	43.2
Magnification	0	0	0	-0.03333	-0.03333	-0.03333	-0.06945	-0.11481	-0.19148	-0.50000
d0	Infinity	Infinity	Infinity	818.4666	1411.8082	2817.2270	367.3112	351.6660	329.6774	44.8350
d5	1.82043	12.60993	29.69067	1.31685	12.14048	28.95724	0.78191	11.03629	26.00578	21.58877
d15	11.73242	5.99633	0.87257	12.23600	6.46578	1.60600	12.77094	7.56997	4.55746	8.97447
d21	5.79309	2.61711	0.82545	5.79309	2.61711	0.82545	5.79309	2.61711	0.82545	0.82545
Bf	37.94289	51.71070	63.53376	37.94948	51.71726	63.54029	37.97169	51.78941	63.75280	65.09963
Aperture Diameter	16.179	16.912	18.152	16.179	16.912	18.152	16.179	16.912	18.152	18.152
[lens data]
1	64.59733	1.60	1.860741	56.16	23.01
2	43.93468	7.00	1.603001	53.22	65.42
3	133.25217	0.10		53.22
4	44.96142	6.00	1.620409	48.75	60.14
5	138.36050	d5		46.08	
6	359.22497	0.05	1.495210	27.40	56.34
7	80.00000	1.60	1.840421	27.40	43.35
8	13.94783	5.00		19.53
9	-50.56575	1.00	1.796681	19.53	45.37
10	40.83988	0.50		21.82	
11	27.38145	4.00	1.688930	20.55	31.08
12	-39.38317	1.60		17.87
13	-16.51500	1.10	1.772789	17.87	49.45
14	336.30779	2.35	1.804581	20.55	25.50
15	-35.86929	d15		20.55
16	AS	1.25		16.179
17	96.46656	3.20	1.612720	22.22	58.54
18	-50.68213	0.10		22.22
19	33.10808	6.00	1.620409	22.22	60.14
20	-23.70721	1.50	1.834000	22.22	37.35
21	138.45459	d21		22.22
22	15.04790	3.20	1.603001	21.99	65.42
23	17.07072	1.30		19.84
24	27.02352	1.85	1.796681	21.36	45.37
25	11.88653	8.50	1.516800	19.49	64.10
26	-39.19592	1.00		19.49
27	-92.62640	6.00	1.487490	19.28	70.41
28	-19.29532	1.20		20.73
29	-14.89949	1.50	1.796681	20.73	45.37
30	-34.25972	Bf		22.26
[aspherical data]
6	359.22497	400	-2.4560E-05	2.8177E-05	6.5534E-07	-1.1808E-07	-8.9550E-10	5.0981E-10	-1.0874E-12	3.1692E-15
[figure]
source	Data/JP1999-142740_Figure01P.png
originX	8.93
originY	79.74
ppmm	2.069
[notes]
