[descriptive data]
title	JP 1991-278012 Example 2 (Sigma APO Macro 180mm F2.8)
[constants]
[variable distances]
Focal Length	174.96	undefined
Angle of View	14.0	undefined
F-Number	2.92	3.06
Image Height	43.2	43.2
Magnification	0	-0.5
d0	Infinity	421.0
d8	7.10	40.06
d13	50.10	8.38
d18	8.20	16.96
Bf	42.40	42.40
Aperture Diameter	33.037	31.875
[lens data]
1	289.00	9.80	1.49700	77.52	81.6
2	-229.30	0.80		77.52	
3	145.65	13.90	1.49700	76.00	81.6
4	-145.65	2.80		76.00	
5	-126.00	4.00	1.74950	69.66	35.0
6	1500.00	0.35		71.62	
7	87.90	10.20	1.49700	68.56	81.6
8	378.00	d8		68.56	
9	-218.00	2.40	1.51680	47.16	64.2
10	97.70	6.45		49.44	
11	434.80	4.35	1.84666	46.40	23.8
12	-166.10	2.10	1.51742	46.40	52.2
13	81.63	d13		46.40	
14	1060.00	2.00	1.75520	45.96	27.5
15	100.00	7.75	1.48749	45.96	70.4
16	-100.00	0.30		45.96	
17	88.76	7.45	1.48749	45.30	70.4
18	-114.74	d18		45.30	
19	AS	12.00		33.037
20	FS	17.25		27.60	
21	-81.90	1.40	1.83400	29.78	37.4
22	51.58	1.60		29.78	
23	51.80	4.30	1.84666	31.32	23.8
24	279.00	Bf		31.32	
[figure]
source	Data/JP1991-278012_Figure03.png
originX	30.51
originY	372.51
ppmm	4.723
[figure]
source	Data/JP1991-278012_Figure03P.png
originX	105.91
originY	153.25
ppmm	3.402
[notes]
