[descriptive data]
title	JP 1980-017129 Example 1 (Konica Minolta Hexanon 21mm F2.8)
[constants]
Scaled	21	1
[variable distances]
Focal Length	21
Angle of View	92
F-Number	2.8
Image Height	43.2
Magnification	0
d0	Infinity
Bf	34.5366
[lens data]
1	48.6108	3.6939	1.71300	33.04	53.9
2	164.7345	0.0966		33.04	
3	44.2365	1.6527	1.72000	26.28	48.7
4	12.7117	2.1399		19.46	
5	19.6518	1.5561	1.71700	19.46	47.2
6	11.7600	2.4297		16.10	
7	20.7795	1.3608	1.71700	15.48	47.9
8	12.9465	2.8203		13.42	
9	21.8022	10.5000	1.75520	12.52	27.5
10	-47.0883	1.6044		12.52	
10AS	AS	1.6044		12.025
11	108.0093	4.2588	1.60311	12.58	60.7
12	-19.7148	1.1676	1.80518	12.58	25.4
13	37.2771	0.8757		12.58	
14	-75.9402	2.3331	1.69680	12.58	55.5
15	-17.0163	0.0966		13.92	
16	-85.5603	2.3331	1.69680	16.08	55.5
17	-21.8631	Bf		16.08	
[figure]
source	Data/JP1980-017129_Figure01P.png
originX	61.14
originY	258.74
ppmm	10.068
[notes]
