[descriptive data]
title	JP 1989-223409 Example 7 (Konica Minolta AF 70-210mm F3.5-4.5)
[constants]
[variable distances]
Focal Length	72.50	120.00	204.00
Angle of View	undefined	undefined	undefined
F-Number	3.60	4.3	4.65
Image Height	43.2	43.2	43.2
Total Length	undefined	undefined	undefined
Magnification	0	0	0
d0	Infinity	Infinity	Infinity
d6	3.300	25.382	50.008
d10	25.600	14.093	3.500
d10AS	23.340	11.833	1.240
d20	25.508	14.933	0.900
Bf(p)	undefined	undefined	undefined
Bf	38.70	60.58	85.30
[lens data]
1	84.163	3.200	1.84666	46.66	23.83
2	59.669	0.630		46.66
3	67.759	4.200	1.51680	45.54	64.20
4	318.999	0.150		45.54
5	71.936	5.050	1.51680	44.32	64.20
6	-962.899	d6		44.32	
7	-104.167	1.600	1.77250	22.90	49.77
8	27.868	3.400		22.90
9	33.674	3.000	1.75000	22.22	25.14
10	369.238	d10AS		22.22	
10AS	AS	2.260		21.570
11	714.495	2.750	1.51823	27.81	58.96
12	-75.330	0.880		27.81
13	-39.806	1.600	1.75520	23.62	27.51
14	48.404	3.100		27.81
15	-259.739	3.500	1.51680	24.04	64.20
16	-42.556	0.150		26.08
17	172.604	4.000	1.51680	28.03	64.20
18	-64.416	0.150		28.03
19	67.758	5.700	1.58913	29.60	61.11
20	-43.152	d20		29.60
21	579.015	3.700	1.67339	25.03	29.25
22	-48.512	1.000		25.03
23	-47.274	1.600	1.75450	25.03	51.57
24	39.699	Bf		25.03
[figure]
source	Data/JP1989-223409_Figure14P.png
originX	44.56
originY	99.45
ppmm	3.519
[notes]
