[descriptive data]
title	JP 1976-037247 Example 1 (Konica Minolta UC Hexanon AR 80-200mm F4)
[constants]
[variable distances]
Focal Length	79.925	196.158
F-Number	4	4
Image Height	43.2	43.2
Magnification	0	0
d0	Infinity	Infinity
d5	2.535	36.375
d10	33.846	0.381
d13	11.591	11.216
d13AS	8.831	8.456
Bf	48.523	48.523
[lens data]
1	300.239	2.00	1.80518	53.54	25.4
2	88.878	6.10	1.62299	53.54	58.2
3	-209.061	0.10		53.54	
4	79.669	4.50	1.62299	49.64	58.2
5	364.975	d5		49.64	
6	360.022	1.40	1.62299	32.88	58.2
7	37.738	5.85		30.14
8	-43.860	1.20	1.62299	30.14	58.2
9	42.500	3.60	1.80518	32.88	25.4
10	392.427	d10		32.88	
11	120.028	4.50	1.62299	32.88	58.2
12	-58.892	1.50	1.80518	32.88	25.4
13	-104.239	d13AS		32.88	
13AS	AS	2.76		30.847
14	71.579	3.00	1.54077	33.10	47.2
15	495.913	0.10		33.10	
16	30.407	13.00	1.53177	31.90	48.9
17	-174.099	2.00	1.75520	31.90	27.5
18	41.529	30.00		25.56	
19	49.454	4.50	1.53177	26.10	48.9
20	-61.404	2.00		26.10	
21	-29.989	1.50	1.74320	26.10	49.4
22	47.628	3.00		29.70	
23	48.034	5.00	1.56732	30.58	42.8
24	-106.580	Bf		30.58	
[figure]
source	Data/JP1976-037247_Figure01P.png
originX	29.92
originY	143.85
ppmm	2.984
[notes]
Bill: Slightly off, cannot locate where.
