[descriptive data]
title	JP 1980-121418 Example 1 (Canon New FD50-135mm f3.5)
[constants]
[variable distances]
Focal Length	51.6	90.0	131.5
Angle of View	45.5	27.0	18.7
F-Number	3.5	3.5	3.5
Image Height	43.2	43.2	43.2
Magnification	0	0	0
d0	Infinity	Infinity	Infinity
d5	2.924	23.780	34.662
d11	27.744	5.733	2.947
d13	9.700	10.854	2.759
d13AS	7.870	9.024	0.929
Bf(p)	undefined	undefined	undefined
Bf	36.40	36.40	36.40
[lens data]
1	101.4430	2.65	1.80518	50.78	25.4
2	53.1020	7.20	1.60311	50.78	60.7
3	274.3320	0.15		50.78	
4	70.9550	5.00	1.69350	46.62	53.2
5	769.9240	d5		46.62	
6	-321.2880	1.70	1.77250	33.11	49.6
7	25.9136	4.69		26.93
8	-103.9500	1.90	1.77250	26.93	49.6
9	83.5160	1.51		28.17
10	45.0168	3.30	1.80518	27.64	25.4
11	-801.7770	d11		27.64
12	-71.6020	1.80	1.60311	26.78	60.7
13	-346.6220	d13AS		26.78	
13AS	AS	1.83		25.669
14	68.1290	3.60	1.69680	27.00	55.5
15	-92.7390	0.15		27.00
16	57.3070	5.00	1.48749	26.96	70.1
17	-48.0366	1.40	1.74950	26.96	35.3
18	271.3350	0.15		26.96	
19	26.1826	1.50	1.70154	25.63	41.1
20	20.2016	5.00	1.48749	25.63	70.1
21	52.3936	8.75		26.78	
21FS	FS	19.21		20.71
22	150.0110	2.90	1.56965	26.38	49.4
23	-58.8110	3.55		26.38
24	-20.6730	1.70	1.80610	26.93	40.9
25	-69.7280	0.15		27.30
26	65.9320	3.68	1.56965	27.30	49.4
27	Infinity	Bf		27.30
[figure]
source	Data/JP1980-121418_Figure01P.png
originX	16.58
originY	99.28
ppmm	2.322
[notes]
Bill: Dooes not match patent figure.
