[descriptive data]
title	JP 1983-137812 Example 1 (Konica Minolta Zoom-Hexanon AR 70-150mm F4)
[constants]
[variable distances]
Focal Length	72.164	97.746	146.383
F-Number	4	4	4
Image Height	43.2	43.2	43.2
Magnification	0	0	0
d0	Infinity	Infinity	Infinity
d5	3.055	14.275	24.715
d12	21.968	14.466	0.300
d15	6.310	2.592	6.318
d15AS	4.310	0.592	4.318
Bf	38.255	38.255	38.255
[lens data]
1	65.376	1.80	1.80818	45.16	25.4
2	40.250	6.20	1.62299	42.76	58.2
3	217.791	0.10		42.76	
4	101.646	3.52	1.62299	40.30	58.2
5	-1360.521	d5		40.30	
6	-290.812	2.50	1.80513	28.06	25.4
7	-108.018	2.01		28.06	
8	-164.525	1.00	1.69680	24.22	55.5
9	54.256	2.45		21.79
10	-44.956	1.00	1.69680	21.79	55.5
11	32.841	2.55	1.80518	23.86	25.4
12	100.338	d12		23.86	
13	90.734	3.65	1.62299	23.52	58.2
14	-40.123	1.00	1.80518	23.52	25.4
15	-72.381	d15AS		23.52	
15AS	AS	2.00		22.668
16	24.136	3.87	1.51112	23.60	60.5
17	107.365	0.15		23.60	
18	28.823	3.00	1.51112	22.30	60.5
19	115.031	4.00		22.30	
20	Infinity	1.90	1.71736	19.14	29.5
21	28.170	15.00		18.18	
22	52.379	3.80	1.56732	21.04	42.8
23	-52.379	2.40		21.04	
24	-19.037	1.50	1.77250	21.04	49.6
25	230.640	2.40		23.76	
26	73.097	4.50	1.59581	27.46	39.2
27	-55.290	Bf		27.46	
[figure]
source	Data/JP1983-137812_Figure01P.png
originX	12.55
originY	60.54
ppmm	2.191
[notes]
