[descriptive data]
title	JP 1986-169808 Example 1 (Nikon AI-S Zoom-Nikkor 35-135mm f/3.5-4.5)
[constants]
[variable distances]
Focal Length	35.7	50.0	70.0	105.0	131.0
Angle of View	undefined	undefined	undefined	undefined	undefined
F-Number	3.57	3.8	4.0	4.3	4.60
Image Height	43.2	43.2	43.2	43.2	43.2
Magnification	0	0	0	0	0
d0	Infinity	Infinity	Infinity	Infinity	Infinity
d5	1.162	9.408	16.656	24.222	27.839
d15	20.673	15.722	11.236	5.766	2.387
d21	9.589	6.293	3.533	1.436	1.198
Bf	53.150	60.146	66.521	72.699	75.009
[lens data]
1	285.000	1.500	1.80518	56.66	25.4
2	62.500	8.600	1.62041	52.40	60.4
3	-190.000	0.100		52.40
4	46.700	5.000	1.77279	45.05	49.4
5	134.756	d5		42.53
6	69.100	1.100	1.79631	26.49	41.0
7	16.150	4.500		20.54
8	-91.300	1.000	1.79668	20.54	45.5
9	51.900	0.100		23.53
10	27.200	3.200	1.86074	19.88	23.0
11	-210.000	1.600		19.88
12	-30.538	1.000	1.78797	18.02	47.5
13	59.000	0.600		21.23
14	48.400	1.900	1.80518	19.87	25.4
15	146.499	d15		16.75
15AS	AS	0		19.250
16	2000.000	2.200	1.51454	21.24	54.6
17	-44.121	0.100		21.24
18	37.167	4.100	1.51454	21.84	54.6
19	-40.000	1.000		21.84
20	-35.620	1.000	1.79504	19.63	28.6
21	-178.784	d21		22.12
22	28.443	5.250	1.62374	22.13	47.1
23	59.700	6.200		17.88
24	168.000	1.900	1.79504	22.89	28.6
25	25.008	3.270		19.94
26	-158.000	3.100	1.53172	21.92	49.1
27	-33.520	0.100		24.97
28	32.800	4.500	1.46450	29.52	65.8
29	796.713	Bf		29.52
[figure]
source	Data/JP1986-169808_Figure04AP.png
originX	33.51
originY	111.52
ppmm	2.714
[notes]
