[descriptive data]
title	JP 1994-230285 Example 1 (Canon EF28-105mm f3.5-4.5 USM)
[constants]
[variable distances]
Focal Length	29.00	101.53
Angle of View	73.44	24.06
F-Number	3.50	4.66
Image Height	43.2	43.2
Magnification	0	0
d0	Infinity	Infinity
d5	1.91	29.26
d13	15.46	2.13
d19	2.20	7.88
d22	6.97	1.29
Bf(p)	undefined	undefined
Bf	38.01	50.76
Aperture Diameter	15.607	16.024
[lens data]
1	100.57	2.00	1.84666	50.30	23.8
2	50.50	5.70	1.69680	47.70	55.5
3	233.31	0.12		50.16	
4	45.95	4.80	1.71300	45.38	53.8
5	130.54	d5		45.38	
6	58.72	1.20	1.83400	27.36	37.2
7	13.17	5.73		19.98	
8	-70.16	1.10	1.80400	19.98	46.6
9	33.86	0.10		19.98	
10	22.71	4.35	1.84666	19.02	23.9
11	-52.07	0.60		17.80	
12	-30.56	1.10	1.83481	17.80	42.7
13	345.58	d13		17.80	
14	AS	0.00		15.607
15	24.44	1.20	1.84666	17.66	23.8
16	13.71	5.85	1.60311	17.66	60.7
17	-42.36	0.12		17.66	
18	29.24	2.05	1.77250	17.66	49.6
19	72.04	d19		17.66	
20	-51.38	3.35	1.75520	17.52	27.5
21	-12.69	1.10	1.80400	16.44	46.6
22	87.85	d22		17.52	
23	214.12	5.45	1.48749	21.76	70.2
24	-17.47	0.12		21.76	
25	70.48	2.60	1.69680	22.16	55.5
26	-89.32	3.04		21.92
27	-18.09	1.40	1.84666	21.92	23.8
28	-58.27	Bf		23.80	
[figure]
source	Data/JP1994-230285_Figure01P.png
originX	52.52
originY	125.48
ppmm	2.751
[notes]
