[descriptive data]
title	JP 1983-149014 Example 3 (Konica Minolta Zoom-Hexanon AR 65-135mm F4)
[constants]
[variable distances]
Focal Length	66.288	92.433	135.090
F-Number	4	4	4
Image Height	43.2	43.2	43.2
Magnification	0	0	0
d0	Infinity	Infinity	Infinity
d3	3.576	14.229	26.048
d8	25.574	14.921	3.102
d13	5.000	15.653	27.472
d13AS	1.000	11.653	23.472
Bf	71.139	71.031	70.888
[lens data]
1	81.280	1.42	1.74077	45.70	27.8
2	37.800	9.80	1.67003	43.24	47.3
3	-646.200	d3		43.24	
4	-416.100	1.04	1.62041	25.06	60.3
5	55.260	3.08		26.34
6	-59.250	1.04	1.735	26.34	49.8
7	35.224	3.67	1.78472	26.34	25.7
8	699.200	d8		26.34
9	282.250	2.83	1.62041	27.42	60.3
10	-79.540	0.10		27.42
11	68.000	1.04	1.78472	27.42	25.7
12	31.349	5.17	1.62041	27.42	60.3
13	-156.710	d13AS		27.42
13AS	AS	4.00		21.746
14	-52.500	2.00	1.53996	22.63	59.5
15	561.730	0.10		22.63
16	38.585	5.00	1.72342	22.63	38.0
17	Infinity	4.10		22.63
18	-192.548	5.20	1.63636	19.26	35.4
19	27.890	3.45		19.26	
20	540.000	2.00	1.55671	19.26	58.7
21	23.553	7.00	1.6516	23.36	58.6
22	-46.480	Bf		23.36	
[figure]
source	Data/JP1983-149014_Figure03P.png
originX	24.45
originY	60.40
ppmm	1.946
[notes]
