[descriptive data]
title	JP 1985-039613 Example 1 (Konica Minolta AF 28-135mm F4-4.5)
[constants]
[variable distances]
Focal Length	131.5	60.0	28.8
F-Number	4.6	4.4	4.1
Image Height	43.2	43.2	43.2
Magnification	0	0	0
d0	Infinity	Infinity	Infinity
d5	28.400	21.400	0.400
d13	0.800	10.622	21.742
d20	14.650	7.946	2.000
d23	1.400	8.104	14.050
Bf(p)	undefined	undefined	undefined
Bf	69.33	44.10	40.38
Aperture Diameter	26.005	17.540	15.971
[lens data]
1	321.943	2	1.84666	67.64	23.83
2	75.538	8	1.71300	65.18	53.93
3	-1674.088	0.12		65.18	
4	47.657	6	1.77250	55.90	49.77
5	112.129	d5		55.90	
6	47.820	1.2	1.77250	35.48	49.77
7	16.426	7.55		27.26	
8	-61.784	1.1	1.77250	25.10	49.77
9	44.681	3		25.10	
10	30.547	4.95	1.75000	25.64	25.14
11	-57.302	0.6		24.20
12	-39.669	1.1	1.77250	24.20	49.77
13	64.486	d13		25.78	
14	52.040	3.7	1.51680	27.18	64.20
15	-77.450	1.6		27.18	
15AS	AS	0.4		26.005
16	40.124	1.5	1.84666	28.08	23.83
17	16.993	8.2	1.67100	26.62	51.73
18	-188.027	0.12		26.62	
19	39.492	3.2	1.51823	26.90	58.96
20	3644.181	d20		26.90	
21	-56.344	3	1.80518	21.16	25.43
22	-19.380	1.1	1.77250	21.16	49.77
23	50.819	d23		21.16	
24	363.998	6	1.51680	28.88	64.20
25	-24.447	0.12		28.88	
26	57.022	4.6	1.51742	29.10	52.15
27	-68.985	2.4		27.33
28	-26.762	1.4	1.84666	27.33	23.83
29	-129.389	Bf		30.22	
[figure]
source	Data/JP1985-039613_Figure01P.png
originX	21.95
originY	149.61
ppmm	2.309
[notes]
