[descriptive data]
title	JP 1994-082698 Example 1 (Konica Minolta AF 28-70mm F2.8 G)
[constants]
[variable distances]
Focal Length	28.7	50.0	68.3
Angle of View	76.06	46.00	34.38
F-Number	2.87	2.87	2.87
Image Height	43.2	43.2	43.2
Magnification	0	0	0
d0	Infinity	Infinity	Infinity
d9	27.640	7.414	0.875
d15	3.267	18.036	30.092
d15AS	1.467	16.236	28.292
d20	15.094	7.436	1.075
Bf(p)	undefined	undefined	undefined
Bf	36.97	44.64	50.88
Aperture Diameter	18.367	20.700	23.343
[lens data]
1	76.448	2.5	1.84666	57.20	23.9
2	35.398	6.35		48.82
3	88.400	7.05	1.79952	48.82	42.2
4	-135.573	0.15		48.82
5	83.646	2.6	1.74320	38.86	49.3
6	30.570	7.25		32.30
7	-51.204	1.4	1.58313	32.30	59.4
8	28.815	4.4	1.84666	30.46	23.9
9	101.978	d9		30.46	
10	62.495	1.4	1.84666	32.32	23.9
11	26.0544	7.9	1.66755	32.32	41.9
12	-218.956	0.1		32.32	
13	50.841	6.8	1.72916	33.64	54.7
14	-53.358	1.6	1.84666	33.64	23.9
15	-124.258	d15AS		33.64
15AS	AS	1.8		18.367
16	-50.076	1.4	1.51728	24.46	69.6
17	107.423	1.8		24.46	
18	328.669	1.4	1.48749	24.02	70.2
19	32.224	2.3	1.84666	24.02	23.9
20	55.115	d20		24.02	
21	87.115	6.5	1.62230	30.74	53.2
22	-40.691	0.15		30.74	
23	182.894	6.8	1.61800	31.02	63.4
24	-29.040	1.4	1.78472	31.02	25.7
25	-44.691	2.35		31.02	
26	-30.396	1.7	1.80518	31.02	25.4
27	-104.412	Bf		31.56	
[aspherical data]
5	83.646	0	-7.4030E-07	-1.9554E-09	4.9649E-12	-3.7607E-15
21	87.115	0	-7.6831E-07	-2.2930E-10	1.0078E-11	-1.2843E-14
[figure]
source	Data/JP1994-082698_Figure01P.png
originX	29.52
originY	122.00
ppmm	2.395
[notes]
