[descriptive data]
title	JP 1986-077818 Example 1 (Canon EF100-300mm f5.6)
[constants]
[variable distances]
Focal Length	100	198	290
Angle of View	24.4	12.4	8.54
F-Number	5.6	5.6	5.6
Image Height	43.2	43.2	43.2
Magnification	0	0	0
d0	Infinity	Infinity	Infinity
d5	2.43	44.08	57.34
d10	34.78	17.47	1.53
d13	7.68	4.17	13.48
d13AS	5.97	2.46	11.77
Bf(p)	undefined	undefined	undefined
Bf(m)	82.57	82.54	82.53
Bf	82.57	82.57	82.57
Aperture Diameter(m)	29.899	29.856	29.988
[lens data]
1	111.88	2.86	1.80518	52.73	25.4
2	70.93	7.06	1.51633	50.98	64.1
3	6607.27	0.20		50.98
4	123.63	4.66	1.48749	50.22	70.1
5	-879.40	d5		50.22
6	-165.22	1.48	1.71300	28.96	53.8
7	60.19	5.61		28.96
8	-68.62	1.50	1.69680	29.21	55.5
9	41.25	4.43	1.80518	29.21	25.4
10	580.21	d10		28.28
11	104.40	7.00	1.52301	31.10	50.8
12	-30.98	2.07	1.80518	31.10	25.4
13	-56.66	d13AS		31.10
14	AS	3.68		29.899
15	24.23	8.47	1.60311	30.01	60.7
16	-304.22	1.48	1.77250	29.32	49.6
17	73.54	1.18		29.32
18	41.01	1.97	1.83400	26.34	37.2
19	15.56	6.88	1.60729	23.59	49.2
20	54.65	5.34		23.59
21	5519.93	3.45	1.57501	20.53	41.5
22	-47.97	5.32		20.53
23	-20.93	0.99	1.80400	20.26	46.6
24	27.35	5.29	1.61293	20.26	37.0
25	-38.38	Bf		20.26
[figure]
source	Data/JP1986-077818_Figure01P.png
originX	93.43
originY	235.47
ppmm	7.822
[notes]
Bill: Patent scenario 1 not implemented in the production lens; removed.
