[descriptive data]
title	JP 1989-078210 Example 1 (Nikon AI-S AF Zoom-Nikkor 75-300mm f/4.5-5.6)
[constants]
[variable distances]
Focal Length	76.5000	150.0000	293.0000
Angle of View	32.2	undefined	8.2
F-Number	4.4	undefined	5.6
Image Height	43.2	43.2	43.2
Magnification	0	0	0
d0	Infinity	Infinity	Infinity
d5	2.6994	28.4463	50.0405
d10	42.5235	23.8976	1.2197
d14	11.1507	4.0298	5.1135
d14AS	9.6507	2.5298	3.6135
Bf	48.4141	67.2218	78.4218
Aperture Diameter	27.700	28.194	28.688
[lens data]
1	144.381	5.8	1.51680	54.65	64.1
2	-236.362	0.2		54.65
3	109.987	6	1.51680	52.78	64.1
4	-272.793	2.9	1.80518	52.78	25.4
5	401.126	d5		50.57
6	-642.130	4.2	1.80458	33.25	25.5
7	-43.693	1.6	1.62041	33.25	60.3
8	55.691	4.6		29.39
9	-42.839	1.6	1.71300	29.39	54.0
10	475.048	d10		28.61
11	61.030	6.6	1.51680	29.79	64.1
12	-33.344	1.2		29.79
13	-31.637	2	1.74950	29.89	35.2
14	-75.923	d14AS		29.89
14AS	AS	1.5		27.700
15	639.880	3.8	1.51680	30.60	64.1
16	-53.222	1		29.69
17	-59.020	2	1.75520	30.24	27.6
18	-134.086	0.2		30.24
19	52.992	2.6	1.51454	30.24	54.6
20	130.441	43.75		30.24	
21	182.039	3	1.78470	29.66	26.1
22	-384.361	8.5		29.66
23	-31.106	2.2	1.72000	28.34	50.3
24	-60.608	Bf		30.69
[figure]
source	Data/JP1989-078210_Figure01P.png
originX	72.50
originY	379.51
ppmm	6.620
[notes]
Bill: Intermediate Aperture Diameter interpolated.
