[descriptive data]
title	JP 1988-118116 Example 3 (Nikon AF Zoom-Nikkor 70-210mm f/4-5.6)
[constants]
[variable distances]
Focal Length	71.500	135.000	205.006
Angle of View	undefined	undefined	undefined
F-Number	4.1	4.6	5.5
Image Height	43.2	43.2	43.2
Magnification	0	0	0
d0	Infinity	Infinity	Infinity
d5	1.741	28.503	36.546
d10	16.985	7.923	1.065
Bf	40.922	51.636	68.755
[lens data]
1	124.745	3.7	1.51680	48.65	64.1
2	4325.365	0.1		48.65
3	87.610	2.0	1.80458	48.51	25.5
4	52.453	7.7	1.51680	48.02	64.1
5	-416.542	d5		48.02
6	-150.751	1.2	1.65160	22.59	58.5
7	20.543	3.4	1.86074	25.54	23.0
8	36.370	4.2		24.06
9	-35.484	1.2	1.65160	24.06	58.5
10	2543.972	d10		25.54	
11	103.308	4.5	1.50137	25.36	56.5
12	-38.149	0.2		25.36
13	64.331	5.3	1.51860	25.49	70.1
14	-31.533	1.4	1.75520	25.22	27.6
15	-368.870	0.8		25.22
16	29.048	3.6	1.69350	24.42	53.8
17	44.423	2.7		22.57
17AS	AS	19.7		22.040
17FS	FS	17.8		17.23
18	-18.138	2.1	1.76684	23.44	46.8
19	-28.876	0.2		24.20
20	-4032.012	2.8	1.72825	26.35	28.3
21	-71.662	Bf		26.35
[figure]
source	Data/JP1988-118116_Figure05P.png
originX	129.05
originY	380.19
ppmm	8.475
[notes]
