[descriptive data]
title	JP 1979-080143 Example 1 (Topcon 35-100mm F3.5-4.3)
[constants]
[variable distances]
Focal Length	35.73	62.19	98.22
Angle of View	63.0	38.4	24.8
F-Number	3.5	4.0	4.4
Image Height	43.2	43.2	43.2
Magnification	0.0	0.0	0.0
d0	Infinity	Infinity	Infinity
d5	1.107	19.818	33.701
d11	33.852	15.141	1.258
Bf	47.380	55.380	61.830
Aperture Diameter	18.796	18.456	18.242
[lens data]
1	235.00	2.0	1.80518	62.81	25.4
2	95.00	6.0	1.62041	57.80	60.3
3	Infinity	0.2		57.80
4	61.30	5.4	1.62041	50.91	60.3
5	210.00	d5		50.91
6	753.20	2.0	1.69680	38.15	55.5
7	20.90	6.1		28.52
8	-235.00	1.5	1.58913	28.52	61.1
9	59.00	2.5		29.47
10	33.50	3.2	1.80518	29.29	25.4
11	78.00	d11		29.29
11AS	AS	0		18.796
12	86.00	2.5	1.58913	21.36	61.1
13	-114.30	0.2		21.36
14	23.35	2.8	1.51680	21.59	64.2
15	52.60	0.2		21.59
16	20.40	3.1	1.51680	21.50	64.2
17	41.00	4.4		21.50
18	106.59	1.5	1.80518	18.55	25.4
19	16.50	4.9		15.72	
20	43.40	3.4	1.60717	18.46	40.3
21	-61.00	Bf		18.46
[figure]
source	Data/JP1979-080143_Figure01P.png
originX	4.08
originY	68.51
ppmm	2.044
[notes]

