[descriptive data]
title	JP 1992-293008 Example 1 (Nikon AF Zoom-Nikkor 35-105mm f/3.5-4.5D)
[constants]
[variable distances]
Focal Length	36.000	50.000	60.000	70.000	85.000	103.000
Angle of View	undefined	undefined	undefined	undefined	undefined	undefined
F-Number	3.6	3.9	4.1	4.2	4.4	4.6
Image Height	43.2	43.2	43.2	43.2	43.2	43.2
Magnification	0	0	0	0	0	0
d0	Infinity	Infinity	Infinity	Infinity	Infinity	Infinity
d5	2.285	9.236	13.128	16.289	19.971	23.354
d12	14.399	10.270	8.209	6.496	4.295	2.011
d19	3.028	2.183	1.779	1.507	1.190	1.119
Bf	41.122	47.324	50.475	53.018	56.186	59.138
Aperture Diameter(m)	16.460	16.648	16.549	16.748	16.677	16.562
[lens data]
1	113.125	1.5	1.86074	47.30	23.0
2	58.096	8.0	1.51860	44.92	70.1
3	-132.377	0.1		44.92
4	33.865	3.8	1.65160	38.12	58.5
5	57.386	d5		37.52	
6	52.180	1.5	1.67025	22.90	57.6
7	12.729	5.1		19.03
8	-25.386	1.1	1.74810	17.58	52.3
9	33.461	2.3	1.86074	17.58	23.0
10	164.298	0.1		17.58	
11	26.737	1.9	1.80458	18.29	25.5
12	48.903	d12		18.29
13	AS	1.0		16.607
14	48.706	3.5	1.51860	19.10	70.1
15	-40.457	0.1		19.10
16	20.794	6.2	1.50137	19.74	56.5
17	-21.868	3.0	1.80384	19.74	33.9
18	64.235	5.6		19.74
19	FS	d19		16.96	
20	-2358.593	4.5	1.65844	21.90	50.8
21	-23.264	0.1		21.90
22	78.078	3.3	1.62280	23.77	57.0
23	-53.919	2.4		23.77
24	-19.264	1.2	1.79631	22.29	40.9
25	-205.722	Bf		23.77
[aspherical data]
6	52.180	0	-3.439E-06	-6.965E-08	4.212E-10	-1.669E-12
[figure]
source	Data/JP1992-293008_Figure01P.png
originX	157.12
originY	409.25
ppmm	9.391
[notes]
Bill: Used average value for Aperture Diameter.
