[descriptive data]
title	JP 1982-161804 Example 1 (Tokina AT-X 35-200mm F3.5-4.5 (AT-X352))
[constants]
Scaled	43.2	51.76
[variable distances]
Focal Length	36.1	192.7
F-Number	3.60	4.65
Image Height	43.2	43.2
Magnification	0	0
d0	Infinity	Infinity
d6	1.309	37.898
d14	19.276	1.560
d14AS	18.276	0.560
d20	19.456	0.583
Bf	56.576	89.588
Aperture Diameter	20.619	21.511
[lens data]
1	96.077	1.498	1.84666	56.72	23.8
2	56.524	3.066		56.72	
3	55.917	9.885	1.48749	52.90	70.4
4	-202.191	0.100		52.90	
5	50.625	4.573	1.62041	44.98	60.3
6	133.235	d6		44.98	
7	307.544	0.899	1.80420	28.60	46.5
8	21.917	3.315		26.68	
9	3245.188	4.494	1.80518	23.21	25.5
10	-24.494	0.949	1.77250	23.21	49.6
11	294.064	2.995		23.82	
12	-24.663	0.949	1.70154	19.86	41.2
13	27.859	3.625	1.84666	22.86	23.8
14	5096.464	d14AS		22.86	
14AS	AS	1		20.619
15	75.289	4.194	1.51680	24.50	64.2
16	-40.689	0.100		24.50	
17	57.415	4.194	1.48749	24.78	70.4
18	-53.039	1.537		24.78	
19	-36.616	1.098	1.80518	24.78	25.5
20	-130.952	d20		24.78	
21	30.395	5.242	1.48749	24.66	70.4
22	-70.944	6.431		24.66	
23	-40.590	1.028	1.83400	21.42	37.3
24	44.239	1.748		21.42	
25	-898.668	3.444	1.56732	21.94	42.8
26	-30.793	0.100		21.94	
27	58.464	1.048	1.83481	24.50	42.7
28	26.461	5.292	1.57501	24.50	41.5
29	-151.297	Bf		24.50	
[figure]
source	Data/JP1982-161804_Figure01P.png
originX	25.53
originY	107.46
ppmm	2.576
[notes]
