[descriptive data]
title	JP 1989-193709 Example 1 (Konica Minolta 28-85mm F3.5-4.5 MD Zoom)
[constants]
[variable distances]
Focal Length	28.8	50.0	82.5
Angle of View	73.8	46.8	29.4
F-Number	3.6	4	4.63
Image Height	43.26	43.26	43.26
Total Length	undefined	undefined	undefined
Magnification	0	0	0
d0	Infinity	Infinity	Infinity
d8	41.48	14.19	0.80
d14	4.20	11.57	21.55
d14AS	1.58	8.95	18.93
d17	18.85	11.49	1.50
Bf(p)	undefined	undefined	undefined
Bf	38.77	46.13	56.13
[lens data]
1	333.333	1.70	1.77250	46.45	49.8
2	37.379	6.00		41.19
3	374.702	5.00	1.80741	41.19	31.6
4	-68.960	0.12		41.19
5	-175.441	1.60	1.77250	39.08	49.8
6	35.419	1.80		39.08
7	30.978	2.70	1.84666	33.35	23.9
8	42.047	d8		33.35
9	36.673	1.10	1.83400	23.51	37.1
10	18.006	7.80	1.69680	23.51	56.5
11	-35.528	1.10	1.75000	23.51	25.1
12	-104.959	0.12		23.51
13	31.099	2.60	1.61800	23.51	63.5
14	88.117	d14AS		23.51
14AS	AS	2.62		16.067
15	-102.718	2.20	1.80518	17.29	25.4
16	-26.126	1.00	1.74250	17.29	52.5
17	37.626	d17		15.60
18	116.519	5.00	1.64050	26.22	60.1
19	-31.574	0.12		26.22
20	134.730	3.20	1.67000	26.66	57.1
21	-64.837	2.00		26.66
22	-27.714	1.40	1.75690	26.66	31.8
23	-831.721	Bf		28.45
[figure]
source	Data/JP1989-193709_FigureP.png
originX	25.79
originY	412.00
ppmm	14.980
[notes]
