[descriptive data]
title	JP 1989-039542 Example 1 (Konica Minolta AF 80-200mm F2.8 APO)
[constants]
[variable distances]
Focal Length	82.0	140.0	195.0
Angle of View	30	18	13
F-Number	2.88	2.88	2.88
Image Height	43.2	43.2	43.2
Total Length	undefined	undefined	undefined
Magnification	0	0	0
d0	Infinity	Infinity	Infinity
d7	3.461	28.879	39.015
d14	25.308	12.822	0.982
d19	13.988	1.055	2.759
Bf(p)	undefined	undefined	undefined
Bf	41.79	41.79	41.79
[lens data]
1	120.000	4.80	1.48749	71.47	70.1
2	310.000	0.20		71.47
3	120.000	4.80	1.48749	71.47	70.1
4	310.000	0.20		71.47
5	112.800	2.25	1.74000	69.68	31.7
6	50.000	13.25	1.60311	65.37	60.7
7	2736.050	d7		65.37
8	-279.860	1.30	1.60311	39.95	60.7
9	45.280	5.67		36.26
10	-90.000	1.30	1.60311	36.26	60.7
11	40.350	6.15	1.75000	39.95	25.1
12	2100.000	2.42		39.95
13	-78.442	1.30	1.69350	37.62	53.2
14	2100.000	d14		41.00
15	384.910	4.20	1.77250	40.93	49.6
16	-82.500	0.15		40.93
17	104.300	7.00	1.48749	41.75	70.1
18	-56.850	1.35	1.74000	41.75	31.7
19	Infinity	d19		41.75
20	38.600	8.25	1.49310	41.89	83.6
21	-180.000	7.46		41.89
22	-93.200	1.35	1.75520	35.61	27.5
23	647.815	10.84		35.61
23AS	AS	12.46		29.051
24	-811.550	3.50	1.71736	33.29	29.5
25	-93.200	18.10		33.29
26	-26.000	1.35	1.83400	30.50	37.2
27	-56.850	0.15		33.63
28	104.300	3.40	1.68893	36.32	31.1
29	-180.000	Bf		36.32
[figure]
source	Data/JP1989-039542_Figure01P.png
originX	22.08
originY	109.07
ppmm	2.145
[notes]
