[descriptive data]
title	JP 1976-034741 Example 1 (Konica Minolta UC Zoom-Hexanon AR 45-100mm F3.5)
[constants]
[variable distances]
Focal Length	46.76	67.38	99.18
F-Number	3.5	3.5	3.5
Image Height	43.2	43.2	43.2
Magnification	0	0	0
d0	Infinity	Infinity	Infinity
d5	1.8	15.0	24.6
d11	25.0	15.8	1.6
d13	6.5	2.5	7.1
d13AS	5.0	1.0	5.6
Bf	63.24	63.24	63.24
[lens data]
1	66.775	1.5	1.80518	48.64	25.4
2	40.800	5.5	1.62299	48.64	58.2
3	109.136	0.1		48.64	
4	49.560	5.0	1.62299	44.30	58.2
5	281.918	d5		44.30	
6	503.505	1.5	1.62299	28.76	58.2
7	17.670	5.0		22.85
8	-84.423	1.5	1.62299	22.85	58.2
9	76.677	2.0		28.50	
10	31.163	2.8	1.80518	23.52	25.4
11	73.021	d11		23.52	
12	108.094	2.5	1.62299	23.52	58.2
13	-108.092	d13AS		23.52	
13AS	AS	1.5		20.623
14	30.145	5.0	1.51823	22.30	59.0
15	-788.456	5.5		22.30	
16	-32.124	2.5	1.69895	22.04	30.1
17	49.849	2.5		22.04	
18	-151.063	3.0	1.51633	21.32	64.1
19	-22.809	0.5		21.32	
20	196.326	4.0	1.56732	25.86	42.8
21	-79.843	Bf		25.86	
[figure]
source	Data/JP1976-034741_Figure01P.png
originX	52.51
originY	123.46
ppmm	4.277
[notes]
