[descriptive data]
title	JP 1997-211319 Example 1 (Canon EF180mm f3.5L Macro USM)
[constants]
[variable distances]
Focal Length	180	undefined	undefined	undefined
Angle of View	13.8	undefined	undefined	undefined
F-Number	3.6	3.9	4.8	5.8
Image Height	43.2	43.2	43.2	43.2
Magnification	0	-0.1	-0.5	-1.0
d0	Infinity	1869.46	431.34	251.68
d12	2.20	5.19	17.03	31.58
d17	32.31	29.32	17.48	2.93
d18	17.54	15.39	7.93	1.10
d23	28.15	30.30	37.76	44.59
Bf	67.54	67.54	67.54	67.54
Aperture Diameter	30.424	28.531	24.088	20.691
[lens data]
1	-256.86	3.61	1.48749	59.18	70.2
2	-133.19	0.20		59.18	
3	136.33	9.05	1.49700	56.62	81.6
4	-92.34	2.12		56.62	
5	-87.06	2.70	1.80100	54.06	35.0
6	-222.57	0.20		54.06	
7	47.27	5.75	1.49700	48.30	81.6
8	122.85	8.88		48.30	
9	38.73	2.90	1.80518	39.56	25.4
10	31.09	3.70		36.36
11	76.67	3.93	1.48749	36.36	70.2
12	8088.06	d12		37.64	
13	-647.89	1.80	1.88300	34.66	40.8
14	46.07	4.25		31.76
15	-90.99	1.60	1.48749	31.76	70.2
16	48.37	4.20	1.84666	32.52	23.9
17	525.98	d17		33.38	
18	AS	d18		30.424
19	41.72	4.96	1.76200	30.91	40.1
20	Infinity	0.15		30.91
21	98.39	4.70	1.49700	30.60	81.6
22	-69.98	3.32	1.59270	29.10	35.3
23	28.91	d23		29.10	
24	-31.14	3.00	1.83400	33.98	37.2
25	-34.94	0.15		35.26	
26	72.15	4.60	1.48749	38.04	70.2
27	-2065.08	Bf		38.04	
[figure]
source	Data/JP1997-211319_Figure01P.png
originX	36.02
originY	110.91
ppmm	1.661
[notes]
Bill: d0 measured.
