[descriptive data]
title	JP 1999-133304 Example 1 (Canon EF55-200mm f4.5-5.6 USM)
[constants]
[variable distances]
Focal Length	56.92500	96.78816	193.02454
Angle of View	41.6	25.6	12.8
F-Number	4.68	5.1	5.88
Image Height	43.2	43.2	43.2
Magnification	0	0	0
d0	Infinity	Infinity	Infinity
d6	1.85	23.27	44.70
d12	30.13	17.68	2.80
d19	0.50	12.95	27.84
d23	24.86	18.69	1.01
Bf(p)	undefined	undefined	undefined
Bf	40.55	46.74	64.40
Aperture Diameter	17.747	17.995	18.158
[lens data]
1	134.217	2.20	1.805181	44.10	25.4
2	58.246	0.42		42.34	
3	64.745	3.87	1.622992	42.34	58.2
4	316.742	0.15		42.34	
5	59.476	4.62	1.622992	40.60	58.2
6	14919.928	d6		40.60	
7	-121.615	1.00	1.834000	21.38	37.2
8	25.785	4.77		20.14	
9	35.845	3.07	1.740769	18.84	27.8
10	-58.507	0.11		18.84	
11	-51.091	0.95	1.712995	18.84	53.9
12	131.206	d12		18.84	
13	AS	6.48		17.747
14	-22.143	1.40	1.799516	19.02	42.2
15	-27.705	0.15		20.02	
16	-42.340	2.28	1.516330	21.10	54.1
17	-23.919	0.15		21.10	
18	1600.000	2.42	1.516330	21.00	54.1
19	-50.024	d19		21.00	
20	43.240	3.76	1.516330	21.10	54.1
21	-43.240	0.11		21.10	
22	-40.044	1.10	1.846660	21.10	23.8
23	-97.206	d23		21.10	
24	-850.707	1.66	1.761821	22.20	26.5
25	-67.949	0.21		21.54	
26	-102.234	1.12	1.799516	21.54	42.2
27	37.628	Bf		21.54	
[figure]
source	Data/JP1999-133304_Figure01P.png
originX	60.55
originY	109.58
ppmm	2.134
[notes]
