[descriptive data]
title	JP 1994-230281 Example 1 (Canon EF20-35mm f3.5-4.5 USM)
[constants]
[variable distances]
Focal Length	20.60	24.00	34.09
Angle of View	92.8	84.0	64.8
F-Number	3.5	4.0	4.5
Image Height	43.2	43.2	43.2
Magnification	0	0	0
d0	Infinity	Infinity	Infinity
d4	8.29	10.28	8.29
d10	16.80	10.50	1.49
Bf(p)	undefined	undefined	undefined
Bf	37.75	42.06	53.07
Aperture Diameter	13.132	12.263	12.750
[lens data]
1	80.59	4.10	1.62299	52.68	58.2
2	202.04	0.10		52.68	
3	48.14	1.70	1.78590	40.98	44.2
4	21.61	d4		33.76
5	39.85	1.40	1.80610	29.08	41.0
6	16.65	4.65		23.41
7	141.29	1.30	1.77250	25.80	49.6
8	32.48	2.80		25.80
9	25.81	3.00	1.84666	22.78	23.8
10	70.11	d10		22.78
11	77.91	2.20	1.58313	13.78	59.4
12	-77.90	1.78		13.78	
13	AS	0.92		13.132
14	34.17	6.90	1.62606	14.36	39.2
15	-39.89	3.50		12.76
16	-15.90	2.50	1.84666	11.56	23.8
17	-417.04	3.80	1.78590	15.94	44.2
18	-20.50	0.20		15.94
19	82.47	1.20	1.83400	17.48	37.2
20	25.23	1.65		16.27
21	-111.96	2.50	1.51633	16.27	64.2
22	-25.61	0.20		17.48
23	-343.40	2.15	1.51633	21.34	64.2
24	-47.31	Bf		21.34
[figure]
source	Data/JP1994-230281_Figure01P.png
originX	40.50
originY	126.51
ppmm	2.635
[notes]
