[descriptive data]
title	JP 1986-133916 Example 4 (Konica Minolta AF 75-300mm F4.5-5.6)
[constants]
[variable distances]
Focal Length	293.0	150.0	76.5
F-Number	5.8	undefined	4.5
Image Height	43.2	43.2	43.2
Magnification	0	0	0
d0	Infinity	Infinity	Infinity
d5	49.617	27.811	2.500
d10	1.500	22.571	41.848
d14	3.000	3.735	9.768
Bf(p)	undefined	undefined	undefined
Bf	83.79	65.98	44.67
Aperture Diameter	29.744	28.233	26.721
[lens data]
1	171.699	5.1	1.51680	52.16	64.12
2	-224.298	0.15		52.16	
3	103.186	5.8	1.51680	50.74	64.12
4	-359.172	2	1.80518	50.18	25.43
5	317.579	d5		50.18	
6	-716.050	4.2	1.80518	32.26	25.43
7	-46.496	1.4	1.58913	32.26	61.11
8	55.042	5		32.26	
9	-43.103	1.4	1.69680	30.58	25.43
10	436.536	d10		30.58	
11	61.529	7.1	1.51823	31.92	58.96
12	-34.513	1.1		31.92	
13	-33.249	1.45	1.80518	31.92	25.43
14	-77.300	d14		31.92	
14AS	AS	0		29.744
15	170.263	3	1.51680	31.82	64.12
16	-170.137	0.15		31.82	
17	43.925	3	1.51823	31.54	58.96
18	65.401	40.15		31.54	
19	73.089	3.4	1.51680	29.84	64.12
20	-115.720	6.583		29.84	
21	-33.574	1.3	1.72000	31.84	50.31
22	48.069	2.67		31.84	
23	51.723	4.6	1.61293	31.76	37.01
24	-111.108	Bf		31.76	
[figure]
source	Data/JP1986-133916_Figure07P.png
originX	27.60
originY	99.45
ppmm	2.852
[notes]
Bill: Mid AD interpolated.
