[descriptive data]
title	JP 1998-039215 Example 2 (Sigma APO 135-400mm F4.5-5.6 RF ZEN)
[constants]
[variable distances]
Focal Length	138.86	252.67	388.64
Angle of View	17.8	9.8	6.4
F-Number	4.63	5.51	5.78
Image Height	43.2	43.2	43.2
Magnification	0	0	0
d0	Infinity	Infinity	Infinity
d6	3.30	52.01	90.02
d9	56.98	28.99	12.24
d13	1.50	12.54	24.47
d18	16.47	11.33	1.50
d19	22.39	11.98	4.1
Bf(p)	undefined	undefined	undefined
Bf	50.24	82.70	106.01
[lens data]
1	346.85	3.60	1.83400	75.51	37.3
2	131.90	0.10		72.66
3	131.90	10.04	1.49700	72.66	81.6
4	-314.85	0.20		72.66
5	122.80	7.45	1.49700	71.88	81.6
6	1000.00	d6		71.88
7	-103.30	3.82	1.80610	39.34	33.3
8	44.05	6.00	1.84666	36.86	23.8
9	1000.00	d9		36.86
10	369.00	1.70	1.65844	38.22	50.9
11	122.80	1.93		38.22
12	176.83	5.04	1.48749	38.58	70.4
13	-85.25	d13		38.58
14	94.78	6.74	1.49700	37.15	81.6
15	-60.00	1.70	1.83400	37.15	37.3
16	-509.75	0.20		38.80
17	77.15	4.78	1.48749	35.58	70.4
18	-183.44	d18		35.58
19	AS	d19		24.496
20	99.75	0.10	1.52071	25.05	51.7
21	62.20	2.01	1.77250	25.05	49.6
22	23.79	3.87		22.92
23	32.24	3.48	1.71736	22.34	29.5
24	103.41	5.35		22.34
25	-18.78	1.35	1.77250	20.86	49.6
26	-25.08	Bf		21.84
[aspherical data]
20	99.75	41.9	8.697E-06	3.938E-09	-1.993E-11
[figure]
source	Data/JP1998-039215_Figure02P.png
originX	38.15
originY	182.03
ppmm	4.264
[notes]
