[descriptive data]
title	JP 1986-285417 Example 1 (Ricoh smc Pentax-A 645 35mm f3.5)
[constants]
Scaled	35	100
[variable distances]
Focal Length	35
Angle of View	89.4
F-Number	3.5
Image Height	68
Magnification	0
d0	Infinity
Bf	58.8823
[lens data]
1	243.3368	3.9879	1.60311	60.16	60.7
2	8267.7931	0.1946		60.16
3	39.4083	2.4318	1.83400	42.76	37.2
4	21.2821	4.0464		33.41
5	35.5418	2.1399	1.69680	35.14	55.5
6	18.3624	5.9430		27.71
7	182.9401	2.0426	1.69680	29.68	55.5
8	22.0829	3.9393		26.05
9	53.7019	10.4563	1.68893	26.36	31.1
10	-88.3117	0.0973		26.36
11	41.5237	18.9672	1.51633	23.54	64.1
12	-29.1025	7.4256		23.54
12AS	AS	0		18.397
13	126.0361	5.5542	1.69680	19.51	55.5
14	-16.7524	2.3051	1.83400	19.51	37.2
15	40.7796	0.9436		17.47
16	827.1771	3.0835	1.69680	17.47	55.5
17	-28.2380	Bf		19.51
[figure]
source	Data/JP1986-285417_Figure01P.png
originX	35.02
originY	155.38
ppmm	4.801
[notes]
