[descriptive data]
title	JP 1999-305119 Example 6 (Nikon FC-E8 with Main Lens)
[constants]
Lateral Magnification	0.217
[variable distances]
Focal Length	1.284
Angle of View	185.0
F-Number	2.4
Image Height	3.84
Magnification	0
d0	Infinity
d5	19.83300
d15	3.00000
Bf(p)	1.201
Bf	0
[lens data]
1	66.4433	3.0	1.5168	60.90	64.20
2	15.8827	8.2		30.51
3	31.9738	2.0	1.6779	29.84	55.52
4	9.5074	8.8		18.37
5	-30.2659	4.8	1.64769	18.24	33.84
6	-11.1700	1.2	1.6779	17.44	55.52
7	Infinity	15.5		17.44	
8	129.2608	3.0	1.5168	13.80	64.20
9	-21.0587	5.0		13.80	

11	22.2121	1.1	1.80610	13.92	33.27
12	8.6992	2.85		11.78	
13	-40.9154	1.0	1.51680	11.78	64.20
14	8.3011	3.0	1.84666	11.56	23.78
15	20.0294	d5		11.56	
16	AS	1.0		6.68	
17	32.0291	1.8	1.80610	7.40	33.27
18	-179.4438	0.1		7.40	
19	9.4557	5.0	1.67003	7.58	47.19
20	-12.7020	3.95	1.84666	7.10	23.78
21	7.7984	1.2		7.10	
22	-1708.3820	1.75	1.80518	7.66	25.46
23	-31.0757	0.8		7.66	
24	12.0582	2.3	1.83500	8.66	42.97
25	63.5769	d15		8.66	
26	111.2911	1.9	1.66547	8.38	55.18
27	-22.0164	1.0		8.38	
28	CG	2.9	1.51680	8.34	64.12
29	CG	1.6		8.34	
30	CG	0.8	1.51680	7.70	64.12
31	CG	1.2035		7.70	
[aspherical data]
27	-22.0164	0	2.991E-04	-3.221E-06	2.790E-07	-7.935E-09
[figure]
source	Data/JP1999-305119_Figure11P.png
originX	59.69
originY	234.34
ppmm	6.603
[notes]
Bill: 0.54mm / 2.50mm = 0.216 ~= 0.217
