[descriptive data]
title	JP 2005-106878 Example 1 (Sigma 12-24mm F4.5-5.6 EX DG Ashperical HSM)
[variable distances]
Focal Length	12.45	16.97	23.03
Angle of View	122.2	104.6	86.4
F-Number	4.63	5.16	5.87
Image Height	43.2	43.2	43.2
Magnification	0	0	0
d0	Infinity	Infinity	Infinity
d13	24.596	12.140	2.850
d13AS	23.263	10.807	1.517
d16	1.545	1.570	0.700
d20	0.900	1.811	3.036
Bf(p)	undefined	undefined	undefined
Bf	41.94	48.45	57.37
[lens data]
1	31.423	1.600	1.84666	54.27	23.8
2	22.173	5.770		42.16
3	25.532	1.500	1.84666	42.47	23.8
4	17.731	11.147		33.55
5	54.541	1.500	1.73077	32.00	40.7
6	21.505	3.278		28.28	
7	27.905	0.100	1.51840	28.50	52.1
8	33.152	1.100	1.77250	28.50	49.6
9	14.846	7.365		22.53
10	-31.001	1.000	1.49700	22.53	81.6
11	47.131	0.150		24.56	
12	29.741	6.017	1.67270	24.90	32.2
13	-44.819	d13AS		24.90	
13AS	AS	1.333		10.632
14	36.597	0.900	1.77250	12.94	49.6
15	9.816	3.881	1.71736	12.94	29.5
16	-104.244	d16		12.94	
17	22.406	3.579	1.51680	13.08	64.2
18	-14.354	0.900	1.72342	13.08	38.0
19	18.660	3.412	1.48749	13.08	70.4
20	-17.410	d20		13.08	
21	-22.168	0.900	1.83481	13.08	42.7
22	12.928	3.462	1.49700	14.76	81.6
23	-90.101	0.150		14.76	
24	27.890	5.073	1.49700	18.18	81.6
25	-19.921	0.150		18.18	
26	-66.805	4.293	1.49700	19.66	81.6
27	-15.575	0.150		19.66	
28	-480.086	1.500	1.81474	16.00	37.0
29	29.304	Bf		19.02	
[aspherical data]
5	54.541	0	7.55221081E-05	-2.47805040E-07	1.14919230E-09	-2.11109360E-12
7	27.905	0	-7.22886160E-05	3.19930920E-07	-1.19997840E-09	3.50049770E-12
28	480.086	0	-3.94420222E-05	-9.29496100E-07	3.08300920E-09	-8.77958053E-12
[figure]
source	Data/JP2005-106878_Figure01P.png
originX	3.54
originY	50.26
ppmm	1.834
[notes]
Bill: Repaired r16 and r28 signs.
