[descriptive data]
title	JP 2011-039260 Example 2 (Sigma APO 50-500mm F4.5-6.3 DG OS HSM)
[constants]
[variable distances]
Focal Length	51.50	159.61	485.00	undefined	undefined	undefined
Angle of View	46.37	15.03	4.97	undefined	undefined	undefined
F-Number	4.57	5.73	6.47	undefined	undefined	undefined
Image Height	43.2	43.2	43.2	43.2	43.2	43.2
Magnification	0	0	0	-0.02499	-0.02495	-0.02500
d0	Infinity	Infinity	Infinity	1978.664	6115.962	18651.933
d6	4.4846	71.1215	119.7684	4.4846	71.1215	119.7684
d8	37.3327	18.3990	8.7836	37.3327	18.3990	8.7836
d15	34.1206	15.3257	5.4551	34.1206	15.3257	5.4551
d20	3.3424	7.0959	10.2772	3.3424	7.0959	10.2772
d24	10.8357	6.8703	2.5899	10.8357	6.8703	2.5899
d33	10.4485	12.0071	3.2000	10.6847	12.5251	4.3431
Bf	54.9770	72.4248	92.2021	54.7410	71.9069	91.0585
[lens data]
1	254.8039	3.0000	1.83400	84.32	37.34
2	119.2835	1.4195		82.18	
3	117.3766	12.6625	1.49700	83.27	81.60
4	-469.8766	0.2000		83.27
5	108.2472	9.2459	1.49700	79.92	81.60
6	429.3566	d6		79.92
7	-18595.9947	2.0000	1.77250	51.47	49.62
8	49.3463	d8		45.26	
9	90.6321	4.2266	1.80610	32.59	33.27
10	-143.6798	4.8690		32.59
11	-125.4315	1.5000	1.71300	27.77	53.94
12	96.4858	3.2281		27.77
13	-86.1399	3.1646	1.84666	26.68	23.78
14	-31.2722	1.0000	1.77250	24.97	49.62
15	204.2141	d15		24.97
16	41.0100	5.7091	1.49700	26.63	81.60
17	-67.5637	0.1500		26.63
18	55.4709	4.5801	1.48749	24.84	70.44
19	-55.4709	1.0000	1.84666	24.84	23.73
20	206.1901	d20		24.84
21	AS	4.7312		20.993
22	-39.9147	3.8000	1.72916	21.20	5487.00
23	30.7036	5.9667	1.80518	23.43	25.46
24	202.6131	d24		23.43
25	-81.9823	3.9904	1.49700	26.81	31.60
26	-40.0355	0.3683		26.81
27	-264.6891	3.9709	1.51680	26.36	64.19
28	-61.1078	0.1500		26.36
29	52.2766	3.5598	1.48749	25.11	70.44
30	-170.4610	0.1500		25.11
31	40.2326	5.0724	1.48749	25.72	70.44
32	-52.6936	0.8000	1.84666	25.72	23.78
33	-743.6562	d33		25.72	
34	229.4268	3.2086	1.80518	23.12	25.46
35	-42.2429	0.8000	1.71300	21.78	53.94
36	32.4946	4.4207		21.78
37	-40.6856	1.0000	1.83400	23.17	37.34
38	55.9207	5.9298	1.56732	23.48	42.84
39	-36.3852	Bf		24.91
[figure]
source	Data/JP2011-039260_Figure08P.png
originX	13.52
originY	67.01
ppmm	1.416
[notes]
Bill: Magnification measured, looks like -1/40
