[descriptive data]
title	JP 2001-108902 Example 1 (Sigma APO 50-500mm F4-6.3 EX DG HSM)
[variable distances]
Focal Length	50.1620	200.3408	483.7741
Angle of View	47.0	11.8	5.0
F-Number	4.15	6.09	6.39
Image Height	43.20	43.20	43.20
Magnification	0	0	0
d0	Infinity	Infinity	Infinity
d6	1.9700	77.3937	115.7900
d14	69.5900	23.3244	1.7000
d16	0.8000	1.5148	0.8139
d19	20.6900	28.3460	36.2900
d23	15.9400	6.3117	5.1800
d30	11.6000	15.2677	9.2000
Bf	41.1805	67.8060	80.8774
[lens data]
1	291.90	3.00	1.83400	76.98	37.3
2	129.28	1.47		74.61	
3	128.60	11.55	1.49700	76.08	79.3
4	-335.00	0.20		76.08	
5	105.30	7.71	1.49700	74.26	79.3
6	296.00	d6		74.26	
7	84.70	2.00	1.71300	45.24	54.1
8	32.37	11.01		41.21
9	-61.00	1.98	1.69680	41.21	55.6
10	358.00	0.20		39.98	
11	62.37	8.59	1.71736	39.80	29.5
12	-62.37	1.86		39.80	
13	-49.99	1.86	1.77250	37.08	49.7
14	197.11	d14		37.08	
15	82.04	5.42	1.49700	31.64	79.3
16	-82.04	d16		31.64	
17	62.50	5.49	1.49700	31.09	79.3
18	-82.81	1.81	1.80518	31.09	25.4
19	-520.00	d19		32.18	
20	AS	4.46		20.998
21	-40.84	1.05	1.71300	22.10	54.1
22	26.13	3.46	1.80610	22.10	33.3
23	229.09	d23		22.10	
24	-81.27	2.61	1.48749	23.21	70.2
25	-33.65	0.20		23.21	
26	104.20	2.66	1.58144	23.21	40.8
27	-104.20	0.20		23.21	
28	40.13	4.67	1.48749	21.73	70.2
29	-40.13	1.07	1.80518	21.73	25.4
30	-841.70	d30		21.73	
31	92.21	2.60	1.75520	21.91	27.5
32	-92.21	1.04	1.80610	21.91	40.8
33	23.92	3.38		21.91	
34	-117.75	1.11	1.74330	21.91	49.5
35	68.65	0.20		24.60	
36	37.23	4.32	1.64769	24.60	33.8
37	-144.00	Bf		24.60	
[figure]
source	Data/JP2001-108902_Figure01P.png
originX	7.53
originY	35.52
ppmm	0.831
[notes]
