[descriptive data]
title	JP 2022-099402 Example 1 (Hasselblad XCD 2.5 90V)
[constants]
Scaled	56.0	43.266
[variable distances]
Focal Length	92.26
F-Number	2.56051
Angle of View	34.2066
Image Height	56.000
Total Length	107.6948366
Magnification	0
d0	Infinity
Bf	0
P(p)	20.9013
P'(p)	-56.7492
H	-36.6959
H'	-92.2088
[lens data]
1	48.4341	6.8459	1.72916	42.15	54.7
2	370.5984	0.2071		42.15
3	37.1312	6.1373	1.49700	34.25	81.6
4	-760.5376	0.0129	1.56732	34.25	42.8
5	-760.5376	1.4496	1.77047	34.25	29.7
6	29.7255	4.3191		30.44
7	41.3215	3.4390	1.77047	28.19	29.7
8	126.4144	7.3362		28.19
9	AS	2.5866		23.922
10	199.5563	4.1278	1.85896	22.43	22.7
11	-31.4132	0.0129	1.56732	22.43	42.8
12	-31.4132	0.8284	1.91082	22.43	35.2
13	38.3468	15.6654		20.66
14	57.5853	8.8509	1.69680	31.35	55.5
15	-30.2793	0.0129	1.56732	31.35	42.8
16	-30.2793	10.1015	1.84666	31.35	23.8
17	-43.8629	15.9335		35.75
18	-21.3794	3.1064	1.68863	36.40	31.2
19	-66.7884	13.8220		42.02
20	CG	1.8638	1.51680	56.66	64.2
21	CG	1.0355		56.66	
[aspherical data]
18	-21.3794	-0.056767	-1.72185E-06	1.36926E-07	-5.70286E-10	7.90200E-13	3.81362E-15	-1.51801E-17	1.63301E-20
19	-66.7884	0	-1.23080E-05	1.04202E-07	-4.84192E-10	1.21911E-12	-1.43841E-15	3.25590E-19	4.76123E-22
[figure]
source	Data/JP2022-099402_Figure01P.png
originX	46.56
originY	463.83
ppmm	15.926
[notes]
