[descriptive data]
title	JP 2013-250293 Example 1 (Nikon AF-S Nikkor 800mm f/5.6E FL ED VR)
[constants]
[variable distances]
Focal Length	780.000	undefined	undefined
Angle of View	3.147	undefined	undefined
F-Number	5.658	undefined	undefined
Image Height	43.260	43.260	43.260
Total Length	499.319	499.319	499.319
Magnification	0.000	-0.033	-0.155
d0	Infinity	23889.89	5307.19
d11	52.967	56.441	69.174
d16	27.187	23.713	10.980
Bf	52.854	52.854	52.854
[lens data]
1	1200.3704	5.000	1.51680	142.34	64.07
2	1199.7897	1.000		142.34	
3	188.5541	21.100	1.43382	141.68	95.13
4	-915.9761	20.000		142.02	
5	182.4294	17.100	1.43382	126.34	95.13
6	-1837.1348	3.320		126.34	
7	-833.5252	7.500	1.72000	122.02	50.17
8	422.3839	75.000		115.34	
9	128.8258	6.500	1.69680	86.02	55.58
10	65.1230	16.500	1.49782	79.34	82.53
11	266.7583	d11		79.34	
12	-998.6861	3.500	1.79952	48.20	42.08
13	114.8928	3.095		46.16
14	-354.6811	5.500	1.79504	46.16	28.70
15	-67.4820	3.500	1.69680	46.16	55.58
16	300.9593	d16		46.16
17	113.3417	6.600	1.48749	45.64	70.36
18	-113.3160	3.200	1.79504	45.64	28.70
19	Infinity	2.250		45.64	
20	184.7146	4.700	1.51823	45.64	58.80
21	-184.7146	40.750		45.64	
22	AS	21.930		29.877
23	-131.4267	2.000	1.69680	29.18	55.58
24	76.0680	1.545		29.18	
25	-1181.7118	6.000	1.58144	29.18	40.96
26	-29.1590	2.000	1.49782	29.18	82.53
27	150.9647	5.220		32.32	
28	87.5029	7.000	1.60342	32.02	37.96
29	-36.2560	2.000	1.85026	32.02	32.36
30	-271.4943	9.000		33.06	
31	Infinity	2.000	1.51680	34.56	63.88
32	Infinity	9.000		34.56	
33	88.2621	6.000	1.51742	38.06	52.25
34	-88.2621	34.800		38.06	
35	-1661.8745	5.400	1.48749	32.86	70.36
36	-42.0520	2.000	1.81600	32.86	46.56
37	68.2950	4.300	1.58144	33.48	40.96
38	-1200.9959	Bf		33.48	
[figure]
source	Data/JP2013-250293_Figure01P.png
originX	7.68
originY	85.50
ppmm	0.857
[notes]
Bill: d0 measured.
