[descriptive data]
title	JP 2004-101739 Example 1 (Konica Minolta AF 28-75mm F2.8 D)
[constants]
[variable distances]
Focal Length	28.87	49.98	72.65
Angle of View	75.2	46.2	32.6
F-Number	2.91	2.91	2.91
Image Height	43.2	43.2	43.2
Magnification	0	0	0
d0	Infinity	Infinity	Infinity
d6	2.694	16.985	27.814
d16	9.782	3.828	0.985
d25	6.786	2.409	0.997
Bf(p)	undefined	undefined	undefined
Bf	39.09	52.94	61.21
Aperture Diameter	18.620	22.544	25.184
[lens data]
1	333.1075	1.8	1.84666	58.71	23.8
2	77.6323	1.0		57.16	
3	74.5678	7.5878	1.69680	57.02	55.9
4	-899.7118	0.2		57.02	
5	47.0695	5.5826	1.77250	50.48	49.6
6	92.1616	d6		49.92	
7	91.4948	0.2	1.53610	29.59	41.2
8	60.7311	1.0	1.80400	29.59	46.6
9	15.3347	5.7		21.56
10	-49.6859	0.8	1.80400	21.56	46.6
11	56.8731	0.1		22.18
12	34.3769	5.0582	1.80518	26.30	20.4
13	-70.7589	3.8077		26.30	
14	-17.7484	1.0	1.48748	24.24	70.2
15	88.8950	2.4	1.80518	26.11	20.4
16	-400.8377	d16		26.11
17	AS	0.8		18.620
18	32.9501	4.5533	1.49700	31.08	81.6
19	218.9272	0.334		31.08	
20	42.2568	0.2	1.53610	31.84	41.2
21	50.5518	4.1798	1.48749	31.84	70.2
22	774.1028	0.2883		31.84
23	-1096.6700	4.9331	1.49700	31.84	81.6
24	-36.1775	1.0	1.84666	31.84	23.8
25	-80.5109	d25		32.86	
26	57.8584	3.3516	1.48749	31.76	70.2
27	851.4063	0.11		31.76
28	37.5240	8.2312	1.49700	31.90	81.6
29	-46.1404	4.8987		31.90
30	-40.8554	1.0	1.83400	27.32	37.2
31	34.9959	0.2	1.53610	26.26	41.2
32	39.0704	0.2		26.26
33	34.4669	5.8463	1.58144	28.15	40.8
34	-77.0642	0.2	1.53610	26.11	41.2
35	-56.7993	Bf		26.11
[aspherical data]
7	91.4948	1.7698	1.51609E-05	-2.40934E-09	-3.81500E-11	3.90581E-13
20	42.2568	-0.3805	-1.01321E-05	2.64212E-10	-9.59136E-12	-5.60310E-14
32	39.0704	-6.2476	2.39974E-05	-2.88771E-08	-1.11697E-10	1.02647E-12
35	-56.7993	12.8865	2.35429E-05	4.67954E-08	1.19880E-10	-1.40158E-13
[figure]
source	Data/JP2004-101739_Figure01P.png
originX	32.50
originY	93.54
ppmm	2.078
[notes]
