[descriptive data]
title	JP 2016-118658 Example 8 (Canon EF-M15-45mm f3.5-6.3 IS STM)
[constants]
[variable distances]
Focal Length	15.45	30.00	44.45
Angle of View	82.96	48.96	34.16
F-Number	3.58	4.96	6.44
Image Height	27.32	27.32	27.32
Total Length	77.88	72.60	80.05
Magnification	0	0	0
d0	Infinity	Infinity	Infinity
d6	24.49	7.10	1.66
d14	1.50	2.65	3.04
d16	6.22	5.07	4.68
d18	4.05	16.16	29.05
Bf(p)	10.80	10.80	10.80
Bf	10.60	10.60	10.60
P	16.37	13.16	11.65
P'	-24.67	-57.43	-140.03
H	25.06	29.93	42.99
H'	-4.85	-19.40	-33.84
[lens data]
1	44.569	1.50	1.80400	27.50	46.6
2	12.353	7.28		21.06	
3	153.534	2.00	1.52996	20.89	55.8
4	50.477	0.20		20.90	
5	38.046	1.92	1.92286	20.50	18.9
6	75.889	d6		20.02	
7	421.120	1.48	1.48749	10.31	70.2
8	-40.209	1.00		10.50	
9	12.112	3.25	1.69350	10.85	53.2
10	-204.584	0.93	1.84666	10.24	23.9
11	34.799	1.85		9.85	
12	AS	1.75		9.40	
13	106.057	1.67	1.58313	8.88	59.4
14	-27.812	d14		8.67	
15	49.041	0.70	1.90366	7.10	31.3
16	15.648	d16		7.25	
17	-16.765	1.30	1.52996	11.03	55.8
18	-25.988	d18		12.42	
19	-77.439	3.99	1.61405	24.66	55.0
20	-25.775	0.20		25.50	
21	FS	Bf		26.13	
[aspherical data]
3	153.534	0	-5.68175E-05	5.45347E-07	-6.57928E-09	5.78459E-11	-2.54252E-13
4	50.477	0	-8.63252E-05	4.59440E-07	-6.01240E-09	4.24996E-11	-2.01423E-13
13	106.057	0	-2.34601E-04	-4.86415E-06	4.06780E-07	-8.54092E-09	
14	-27.812	0	-1.06387E-04	-3.29772E-06	4.04274E-07	-9.45901E-09	
17	-16.765	0	-2.34140E-04	1.26198E-05	-9.96591E-07	3.44462E-08	-4.36551E-10
18	-25.988	0	-9.12180E-05	7.47765E-06	-4.31892E-07	1.19972E-08	-1.18378E-10
[figure]
source	Data/JP2016-118658_FigureP.png
originX	83.44
originY	137.05
ppmm	3.520
[notes]
Bill: Patent supplied diameters.
