[descriptive data]
title	JP 2020-190696 Example 3 ML (Canon EF24mm f2.8 IS USM)
[constants]
[variable distances]
Focal Length	24.60
Angle of View	84.20
F-Number	2.91
Image Height	43.28
Total Length	99.77
Magnification	0.00
d0	Infinity
Bf	38.28
[lens data]
1	60.045	1.60	1.71300	40.84	53.9
2	24.527	6.80		34.37	
3	210.703	3.00	1.80610	33.96	33.3
4	-149.670	7.01		33.21	
5	36.681	1.00	1.77250	20.04	49.6
6	14.802	3.43		17.55	
7	-534.728	3.65	1.56732	17.22	42.8
8	-35.638	1.63		16.07	
9	-26.187	0.80	1.77250	14.46	49.6
10	137.833	0.42		13.98	
11	24.165	4.25	1.91082	13.55	35.3
12	-20.084	4.38	1.84666	13.54	23.9
13	-63.845	2.70		13.70	
14	AS	3.01		13.30	
15	106.389	1.50	1.72916	14.00	54.7
16	-152.064	5.06		14.00	
17	-11.257	1.35	1.75520	12.64	27.5
18	-42.148	3.65	1.59522	15.42	67.7
19	-14.866	0.56		17.27	
20	-61.679	3.98	1.58313	19.55	59.4
21	-17.579	Bf		20.93	
[aspherical data]
20	-61.679	0	-3.22021E-05	-2.92301E-08	4.16067E-10	-5.09494E-12	1.35149E-14
[figure]
source	Data/JP2020-190696_Figure03ML.png
originX	53.44
originY	111.51
ppmm	2.858
[notes]
Bill: Patent supplies all diameters.
