[descriptive data]
title	JP 2011-128361 Example 1 (Sigma 17-70mm F2.8-4 DC Macro OS HSM)
[constants]
[variable distances]
Focal Length	17.61	34.88	67.47
Angle of View	79.68	43.34	23.28
F-Number	2.92	3.47	4.14
Image Height	28.8	28.8	28.8
Magnification	0	0	0
d0	Infinity	Infinity	Infinity
d5	3.8000	20.4024	35.7155
d15	17.7700	7.5057	1.5000
d26	6.5000	2.5800	0.7500
Bf	40.0181	55.4563	72.1053
[lens data]
1	199.30	1.60	1.84666	58.31	23.79
2	74.38	6.05	1.72916	53.17	54.67
3	1000.00	0.15		53.17
4	57.70	4.90	1.77250	48.11	49.62
5	160.50	d5		47.74	
6	110.50	0.09	1.51840	29.30	52.07
7	60.75	1.00	1.83481	29.30	42.72
8	13.39	5.96		20.12
9	-38.00	0.85	1.77250	20.12	49.62
10	38.00	0.66		20.91
11	28.70	4.80	1.64769	18.72	33.84
12	-28.70	0.86		17.71
13	-18.57	0.85	1.77250	17.71	49.62
14	61.38	2.65	1.84666	17.79	23.78
15	-61.38	d15		17.79
16	AS	0.93		15.678
17	39.13	3.50	1.48749	18.65	70.45
18	-39.13	0.15		18.65
19	43.71	3.95	1.48749	17.71	70.45
20	-27.60	1.00	1.90366	17.71	31.32
21	-1000.00	1.77		17.71
22	-43.28	1.00	1.58913	17.78	61.25
23	56.27	1.93	1.64769	18.73	33.84
24	Infinity	1.50		18.73
25	45.97	2.45	1.75520	20.17	27.53
26	166.52	d26		20.17
27	32.21	4.35	1.58913	20.79	61.25
28	-82.71	2.41		20.79
29	116.96	0.90	2.00069	19.58	25.46
30	29.43	1.36		19.16
31	182.43	5.30	1.45860	19.16	90.20
32	-24.35	Bf		20.97
[aspherical data]
6	110.50	0	2.2283E-05	-3.5094E-08	6.1943E-12	4.5540E-13
22	-43.28	0	6.2798E-07	1.3876E-08	1.4697E-10	-1.7204E-12
28	-82.71	25.41	3.2550E-05	-4.1446E-09	3.7919E-12	-4.1520E-14
[figure]
source	Data/JP2011-128361_Figure01P.png
originX	9.52
originY	61.52
ppmm	1.924
[notes]
