[descriptive data]
title	JP 2017-003807 Example 4 (Nikon AF-S Nikkor 24mm f/1.8G ED)
[constants]
[variable distances]
Focal Length	24.43	undefined
Angle of View	84.4	undefined
F-Number	1.86	undefined
Image Height	43.2	43.2
Total Length	124.37	124.37
Magnification	0	-0.202
d0	Infinity	104.38
d10	9.36	4.38
Bf	38.46	43.44
Aperture Diameter	21.394	21.394
[lens data]
1	40.617	2.00	1.7725	46.38	49.60
2	20.279	10.82		35.50
3	61.020	1.65	1.6180	35.50	63.40
4	25.165	0.08	1.5138	35.64	53.00
5	20.881	14.52		35.64	
6	68.315	10.04	1.9037	31.56	31.30
7	-23.529	1.50	1.7618	31.18	26.60
8	3223.071	0.15		31.18	
9	52.776	2.50	1.6889	26.46	31.20
10	59.872	d10		26.46
11	31.700	4.93	1.6968	26.46	55.50
12	-107.081	0.61		26.46	
13	638.554	1.00	1.5182	24.62	59.00
14	28.631	4.88		22.63	
15	AS	4.09		21.394
16	-21.838	1.00	1.6990	20.70	30.10
17	119.399	3.61	1.4970	22.66	81.60
18	-49.519	0.20		23.18	
19	39.257	1.00	1.7292	24.76	54.70
20	21.717	7.09	1.4970	25.28	81.60
21	-43.658	0.52		25.28	
22	-126.060	0.12	1.5138	26.06	53.00
23	-78.726	4.24	1.6180	26.06	63.40
24	-29.306	Bf		28.82	
[aspherical data]
5	20.881	0	-1.05270E-05	-3.65770E-08	5.86330E-11	-2.83050E-13	8.22100E-17
22	-126.060	0	-1.77390E-05	2.99400E-09	-1.22180E-11	1.11346E-13	
[figure]
source	Data/JP2017-003807_Figure04P.png
originX	46
originY	445.5
ppmm	11.378
[notes]
