[descriptive data]
title	JP 2007-108398 Example 1 (Canon EF-S17-55mm f2.8 IS USM)
[constants]
[variable distances]
Focal Length	17.50	28.70	53.44
Angle of View	75.9	undefined	28.7
F-Number	2.9	2.9	2.9
Image Height	27.32	27.32	27.32
Magnification	0	0	0
d0	Infinity	Infinity	Infinity
d5	3.30	16.65	32.55
d15	17.20	9.08	2.26
d22	2.20	6.49	10.69
d28	9.72	5.44	1.23
Bf	35.29	39.38	47.67
Aperture Diameter	15.763	17.651	20.407
[lens data]
1	217.373	1.90	1.84666	65.66	23.9
2	74.677	8.65	1.60311	62.97	60.6
3	-799.538	0.15		62.97
4	48.982	7.03	1.71300	56.59	53.9
5	122.553	d5		56.59
6	74.290	0.05	1.51640	29.82	52.2
7	59.996	1.20	1.80400	29.82	46.6
8	12.277	6.81		20.32
9	-37.400	1.00	1.83481	20.32	42.7
10	37.400	0.15		20.32
11	27.209	4.93	1.83400	20.61	37.2
12	-36.493	0.53		20.61
13	-25.912	0.90	1.80400	18.73	46.6
14	25.912	3.60	1.80518	20.73	25.4
15	-225.909	d15		20.73
16	FS	0.00		19.00
17	254.806	3.50	1.58913	20.72	61.1
18	-39.891	1.00		20.72
19	AS	2.32		15.763
20	36.378	8.54	1.58313	22.78	59.4
21	-16.418	2.50	1.84666	22.78	23.9
22	-26.192	d22		22.78
23	-51.807	2.61	1.84666	18.56	23.9
24	-18.890	0.80	1.69680	18.56	55.5
25	61.977	5.05		18.56	
26	-28.304	1.20	1.84666	17.78	23.9
27	-85.924	1.98	1.58913	21.61	61.1
28	-39.814	d28		21.61
29	129.162	0.08	1.51640	26.20	52.2
30	154.426	1.32	1.83400	26.20	37.2
31	36.157	6.47	1.49700	26.20	81.5
32	-36.157	0.15		26.20	
33	64.804	8.20	1.49700	28.21	81.5
34	-23.782	1.70	1.74950	30.43	35.3
35	-38.936	Bf		30.43
[aspherical data]
6	74.290	0	1.457415E-05	-3.790177E-08	6.739559E-11	-1.117466E-13
20	36.378	0	-8.402971E-06	-1.432432E-08	9.773360E-11	-2.555962E-13
29	129.162	0	-6.201996E-06	1.518167E-08	-5.562855E-11	1.910063E-13
[figure]
source	Data/JP2007-108398_Figure01P.png
originX	13.53
originY	81.49
ppmm	1.843
[notes]
