[descriptive data]
title	JP 2021-085935 Example 1 (Sigma 85mm F1.4 DG DN A)
[constants]
[variable distances]
Focal Length	82.96	80.67
Angle of View	28.12	24.22
F-Number	1.46	1.63
Image Height	43.26	43.26
Total Length	109.35	109.35
Magnification	0	-0.11826
S	Infinity	850
d0	Infinity	740.6522
d12	2.7882	12.3908
d14	13.3900	3.7874
Bf	24.0375	24.0375
[lens data]
1	76.0456	3.6339	1.94595	65.85	17.98
2	107.5269	0.7000		64.60
3	71.2221	5.4299	1.55032	62.72	75.50
4	136.9321	0.2500		61.74	
5	42.0109	6.4504	1.55032	54.74	75.50
6	74.2493	0.6000		52.68
7	34.3834	7.0478	1.59282	46.73	68.62
8	75.0611	1.2000	1.85451	46.73	25.15
9	25.7590	4.8037		38.08
10	42.1035	4.4695	1.59282	38.27	68.62
11	118.4579	3.3549		35.80	
12	AS	d12		34.044
13	240.4527	0.9000	1.59349	34.00	67.00
14	31.7329	d14		30.08	
15	36.8904	0.9000	1.85451	27.15	25.15
16	22.7958	4.3626	1.59282	27.15	68.62
17	58.0454	3.5976		25.30
18	-46.5475	0.9500	1.85451	25.30	25.15
19	55.7591	3.9558	2.00100	28.50	29.13
20	-136.9656	0.2000		28.50
21	100.8457	4.9452	2.05090	31.89	26.94
22	-58.9854	0.2500		31.89
23	-93.4442	1.0542	1.69895	32.29	30.05
24	42.2958	6.9268	2.00100	34.14	29.13
25	-124.2948	0.1500		34.14	
26	-916.5877	3.0000	1.73077	33.82	40.50
27	54.2362	Bf		32.06	
[aspherical data]
26	-916.5877	0	2.10225E-07	-2.78595E-08	1.49681E-10	-4.65535E-13	7.39256E-16	-4.45971E-19
27	54.2362	0	6.83977E-06	-2.78757E-08	1.40045E-10	-3.96220E-13	5.96411E-16	-3.74448E-19
[figure]
source	Data/JP2021-085935_Figure01P.png
originX	45.55
originY	173.54
ppmm	4.279
[notes]
Bill: Measured Magnification
