[descriptive data]
title	JP 2020-190696 Example 1 ML (Canon EF17-40mm f4L USM)
[constants]
[variable distances]
Focal Length	17.49	23.99	38.83
Angle of View	102.62	84.64	58.72
F-Number	4.10	4.10	4.10
Image Height	43.28	43.28	43.28
Total Length	140.59	135.90	140.61
Magnification	0.00	0.00	0.00
d0	Infinity	Infinity	Infinity
d7	26.47	15.79	5.75
d12	1.24	5.36	12.63
d18	11.88	7.76	0.49
Bf	39.85	45.84	60.59
Aperture Diameter	12.134	13.131	16.479
[lens data]
1	12826.238	3.50	1.58373	52.08	59.4
2	22.591	13.63		36.06	
3	-210.437	0.10	1.52421	31.89	51.4
4	-146.091	1.30	1.77250	31.81	49.6
5	24.773	2.09		27.92	
6	28.493	4.45	1.84666	27.82	23.9
7	72.575	d7		26.73	
8	45.228	1.20	1.72825	18.46	28.5
9	18.666	5.35	1.51633	18.69	64.1
10	-133.407	0.15		19.36	
11	34.369	3.49	1.67790	20.02	55.3
12	-89.333	d12		19.94	
13	AS	1.87		12.134
14	-66.891	1.25	1.71999	16.31	50.2
15	81.615	0.93		16.39	
16	-88.722	1.00	1.62230	16.48	53.2
17	32.152	2.60	1.80518	17.74	25.4
18	2189.196	d18		18.24	
19	29.940	6.72	1.43875	21.62	95.0
20	-29.940	0.15		22.26	
21	-622.972	0.15	1.52421	22.28	51.4
22	-128.586	1.20	1.83400	22.30	37.2
23	20.960	8.71	1.48749	22.95	70.2
24	-38.770	Bf		24.64	
[aspherical data]
1	12826.238	0	1.35800E-05	-1.79200E-08	2.41200E-11	-2.01000E-14	7.86000E-18	
3	-210.437	0	-9.21100E-06	2.50400E-08	-1.83800E-11	-6.64000E-15		
21	-622.972	0	-2.20000E-05	-2.58800E-08	-1.36300E-11	2.92500E-13		
[figure]
source	Data/JP2020-190696_Figure01AMLP.png
originX	30.38
originY	138.96
ppmm	2.626
[notes]
Bill: Patent supplies all diameters except wide and mid zoom.
