[descriptive data]
title	JP 2019-144477 Example 1 (Sigma 105mm F1.4 DG HSM Art)
[constants]
[variable distances]
Focal Length	101.85	undefined
Angle of View	23.85	undefined
F-Number	1.46	1.80
Image Height	43.26	43.26
Total Length	171.92	undefined
Magnification	0	-0.1208
S	Infinity	999
d0	Infinity	826.8724
d14	15.8705	3.0000
d30	37.5626	50.4932
Bf	40.0126	52.9432
[lens data]
1	115.7436	5.4407	1.65844	91.26	50.85
2	180.1804	0.3000		91.26
3	74.5000	6.0183	1.43700	85.59	95.10
4	100.3863	0.3000		84.10
5	63.4310	12.3856	1.43700	79.12	95.10
6	249.4535	2.9002		76.32
7	216.1665	2.2000	1.61310	73.86	44.36
8	49.5173	15.8891		63.85
9	-248.4001	4.6130	1.43700	63.23	95.10
10	-95.8446	1.8000	1.61340	61.35	44.27
11	-500.0000	1.0000		61.35
12	67.9843	10.4346	1.83481	58.84	42.72
13	-211.9683	1.8000	1.61340	56.23	44.27
14	67.2983	d14		54.22
15	53.7906	4.5962	1.92286	49.84	20.88
16	94.6373	0.3000		47.29
17	46.5373	4.1734	1.61997	47.16	63.88
18	66.7867	0.3000		44.82	
19	40.7185	6.9541	1.59282	43.58	68.63
20	275.0000	1.3000	1.85478	43.58	24.80
21	28.4253	7.5444		34.83
22	AS	5.4041		32.862
23	-50.8188	0.9000	1.65412	33.34	39.68
24	29.5160	7.5115	1.87071	33.43	40.73
25	-196.5287	2.2670		33.43
26	-76.2095	3.5767	1.91082	33.47	35.25
27	-35.1809	0.9000	1.64769	33.47	33.84
28	124.7179	0.3000		33.84
29	68.8532	4.9326	1.84915	32.18	40.00
30	-92.2688	d30		32.18
31	CG	1.4500	1.52301	45.82	58.59
32	CG	1.0000		45.82	
[aspherical data]
29	68.8532	0	-1.27386E-06	-1.15209E-10	
30	-92.2688	0	1.98113E-06	1.20129E-10	1.65076E-12
[figure]
source	Data/JP2019-144477_Figure01P.png
originX	6
originY	144
ppmm	3.074
[notes]
Bill: CLD Magnification computed.
