[descriptive data]
title	JP 2021-179551 Example 2 (Panasonic Lumix S 20-60mm F3.5-5.6)
[constants]
[variable distances]
Focal Length	20.8053	34.6272	57.6301
Angle of View	93.3840	63.9012	40.6316
F-Number	3.57083	4.51102	5.80599
Image Height	39.2000	43.2660	43.2660
Total Length	105.8668	114.3636	141.8544
Magnification	0	0	0
d0	Infinity	Infinity	Infinity
d2	0.5000	8.7066	25.4486
d9	19.7087	8.3001	2.5274
d17	2.9215	5.9516	7.2409
d19	12.2940	20.9631	36.2231
Bf	0.0335	0.0331	0.0053
P	19.8090	28.1401	51.9522
P'	-57.8586	-78.3415	-122.6387
H	33.1372	47.4684	82.5020
H'(p)	85.0615	79.7364	84.2243
H'	-20.7718	-34.5941	-57.6248
[lens data]
1	79.0512	3.9852	1.58913	47.29	61.3
2	433.2915	d2		45.84	
3	52.4162	1.1000	1.90366	33.90	31.3
4	14.3826	9.6762		25.05
5	-53.5391	3.5750	1.59283	26.05	68.6
6	17.3980	8.7400	1.85883	22.98	30.0
7	-37.4160	0.4308		22.98	
8	-31.6882	0.8000	1.85000	21.74	32.4
9	204.4024	d9		21.74
10	AS	1.4000		14.409
11	18.3208	3.5400	1.80998	17.94	40.9
12	67.3256	0.6734		17.94
13	36.3845	3.3150	1.49700	17.69	81.6
14	-36.3845	1.8357		17.69
15	Infinity	0.6000	1.80610	15.11	33.3
16	10.2444	4.5235	1.49700	13.87	81.6
17	-28.7280	d17		13.87
18	-33.6248	1.1869	1.58313	15.38	59.5
19	191.0158	d19		15.97
20	-44.4984	2.8302	1.92286	35.65	20.9
21	-32.7872	22.1972		36.64	
22	Infinity	Bf		8.00	
[aspherical data]
11	18.3208	0	2.37925E-06	-2.08870E-07	1.86643E-09	-1.36154E-11	-1.95074E-13	
12	67.3256	0	3.88512E-05	-2.93102E-07	4.60572E-09	-5.77765E-11		
18	-33.6248	0	2.36793E-04	-3.87770E-06	6.37251E-08	-7.56853E-10	4.93569E-12	-8.49844E-15
19	191.0158	0	2.39528E-04	-3.14396E-06	2.40725E-08	2.59660E-10	-8.75404E-12	6.41106E-14
[figure]
source	Data/JP2021-179551_Figure03aP.png
originX	35.54
originY	138.53
ppmm	3.037
[notes]
