[descriptive data]
title	JP 2007-003600 Example 1 (Canon EF70-300mm f4-5.6 IS USM)
[constants]
[variable distances]
Focal Length	72.40	134.99	290.00
Angle of View	33.3	undefined	8.5
F-Number	4.1	undefined	5.9
Image Height	43.28	43.28	43.28
Magnification	0	0	0
d0	Infinity	Infinity	Infinity
d5	5.14	35.87	59.54
d10	30.37	20.07	2.86
d16	4.31	14.62	31.82
d18	23.91	17.65	16.93
d23	19.91	14.64	3.38
Bf(p)	undefined	undefined	undefined
Bf	42.53	54.06	66.02
Aperture Diameter(m)	24.515	undefined	25.138
[lens data]
1	275.795	2.60	1.74950	52.78	35.3
2	67.272	6.85	1.48749	51.91	70.2
3	-602.521	0.20		51.91
4	84.363	6.15	1.51633	50.22	64.1
5	-263.696	d5		50.22	
6	-137.771	1.40	1.71300	27.86	53.9
7	64.798	3.64		26.72
8	-41.270	1.10	1.60311	26.72	60.6
9	61.128	2.90	1.84666	27.86	23.9
10	-366.719	d10		27.86	
11	60.128	4.60	1.49700	29.59	81.5
12	-73.825	0.20		29.59	
13	59.578	4.70	1.48749	29.48	70.2
14	-59.578	1.50	1.83400	29.48	37.2
15	Infinity	4.40		29.48
16	AS	d16		24.948
17	-55.580	2.80	1.51633	24.26	64.1
18	-122.975	d18		25.52
19	155.000	4.40	1.60311	27.91	60.6
20	-39.320	1.80	1.80518	27.91	25.4
21	-76.835	0.20		27.91
22	63.185	2.80	1.58913	28.01	61.1
23	Infinity	d23		28.01
24	-47.006	1.50	1.77250	24.60	49.6
25	43.075	2.90	1.80518	27.13	25.4
26	180.000	Bf		27.13
[figure]
source	Data/JP2007-003600_Figure01P.png
originX	33.50
originY	120.47
ppmm	2.502
[notes]
Bill: Averaged measured Aperture Diameters.
