[descriptive data]
title	JP 2013-140404 Example 1 (Canon EF70-300mm f4-5.6L IS USM)
[variable distances]
Focal Length	72.20	135.00	290.00
Angle of View	33.36	18.20	8.54
F-Number	4.20	4.67	5.86
Image Height	43.28	43.28	43.28
Total Length	185.20	214.53	239.20
Magnification	0	0	0
d0	Infinity	Infinity	Infinity
d5	2.78	32.18	56.78
d10	26.47	14.15	1.28
d16	6.01	24.56	44.99
d19	16.39	10.16	2.60
d26	11.97	10.82	1.30
Bf	46.74	47.82	57.41
[lens data]
1	92.444	6.50	1.48749	57.00	70.2
2	54691.362	0.15		56.40	
3	97.867	2.40	1.61340	54.82	44.3
4	43.715	9.82	1.49700	51.65	81.5
5	337.720	d5		50.75	
6	-358.052	1.30	1.83481	24.40	42.7
7	48.879	3.36		23.70	
8	-47.573	1.20	1.63854	23.70	55.4
9	57.047	2.90	1.84666	24.52	23.8
10	-351.696	d10		24.70	
11	119.293	4.28	1.49700	26.13	81.5
12	-55.282	0.15		26.12	
13	79.913	4.69	1.60311	25.43	60.6
14	-46.795	1.30	1.85026	24.87	32.3
15	-361.577	1.00		24.40	
16	AS	d16		24.40	
17	-40.084	1.20	1.70154	22.80	41.2
18	37.914	3.81	1.80518	23.47	25.4
19	-151.434	d19		23.60	
20	-236.025	2.90	1.69680	25.20	55.5
21	-45.412	0.15		25.61	
22	91.423	4.77	1.60311	25.80	60.6
23	-33.874	1.20	1.84666	25.72	23.8
24	-204.484	0.15		25.90	
25	56.181	2.32	1.77250	25.89	49.6
26	166.987	d26		25.60	
27	105.084	1.20	1.88300	24.65	40.8
28	30.346	4.69		23.94	
29	-141.521	2.99	1.80518	24.46	25.4
30	-35.789	3.64		24.79	
31	-31.158	1.20	1.88300	24.30	40.8
32	177.055	2.14		25.60	
33	62.632	3.42	1.69895	28.29	30.1
34	-205.770	Bf		28.63	
[figure]
source	Data/JP2013-140404_Figure01P.png
originX	30.55
originY	114.51
ppmm	2.146
[notes]
Bill: Patent supplies diameters. Lens construction diagram at odd focal length?
