[descriptive data]
title	JP 2020-086133 Example 6 (Panasonic Lumix S Pro 70-200mm F4 OIS)
[constants]
[variable distances]
Focal Length	72.50	117.60	193.95	undefined	undefined	undefined
Angle of View	33.12	20.41	12.34	33.0	19.8	11.4
F-Number	4.15	4.11	4.14	4.18	4.26	4.55
Image Height	43.26	43.26	43.26	43.26	43.26	43.26
Total Length	193.72	193.72	193.72	undefined	undefined	undefined
Magnification	0	0	0	-0.08383	-0.13222	-0.22192
d0	Infinity	Infinity	Infinity	806.2799	806.2795	806.2793
d5	0.7606	20.4344	35.3177	0.7606	20.4344	35.3177
d12	33.3561	17.9581	1.2210	33.3561	17.9581	1.2210
d15	3.8230	1.5039	1.5012	3.8230	1.5039	1.5012
d18	3.9631	2.0064	3.8630	3.9631	2.0064	3.8630
d22	19.1453	15.0714	19.1011	16.5109	8.8545	2.3153
d25	3.0024	7.0744	3.0468	5.6367	13.2914	19.8325
Bf	0.3481	0.3504	0.3485	0.3482	0.3504	0.3486
[lens data]
1	110.8869	1.7013	1.75520	64.86	27.53
2	72.9872	10.5583	1.49700	65.00	81.61
3	-345.8710	0.1501		65.00	
4	59.1964	6.4050	1.43700	56.54	95.10
5	156.1623	d5		53.94	
6	40.1615	0.9007	1.80610	34.42	33.27
7	24.9996	11.3089		31.54	
8	-148.1160	0.9007	1.48749	29.22	70.44
9	26.6008	4.0532	1.84666	29.22	23.78
10	71.2058	3.3026		25.96	
11	-49.5188	0.9007	1.77250	25.96	49.62
12	-679.5324	d12		27.46	
13	224.6760	2.3518	1.80450	26.64	39.64
14	-109.9862	1.0008		26.64	
15	AS	d15		25.526
16	39.7929	0.9007	2.00100	27.56	29.13
17	25.4554	5.1040	1.59282	27.40	68.62
18	-200.5164	d18		27.40	
19	66.9425	1.9938	1.91082	26.70	35.25
20	321.3737	0.6288	1.00000	24.05	0.00
21	-180.7817	0.9007	1.80000	24.05	29.84
22	69.2506	d22		23.02	
23	70.2323	5.4543	1.48749	24.16	70.44
24	-37.6316	0.8006	1.69895	24.16	30.05
25	-64.6406	d25		24.16	
26	-386.1025	2.8022	1.84666	23.64	23.78
27	-38.4401	0.8006	1.59349	23.64	67.00
28	29.5732	2.9623		22.42	
29	-131.0627	0.8006	1.80100	22.42	34.97
30	77.3006	1.4411		23.82	
31	35.1776	7.0555	1.49700	26.34	81.61
32	-35.1776	0.1501		26.34	
33	192.8511	7.5559	1.69895	26.42	30.05
34	-19.9656	0.9007	1.84666	26.42	23.78
35	-41.9128	0.1501		26.42	
36	-68.4736	0.9007	1.72916	26.42	54.67
37	229.0294	6.0247		26.42	
38	-24.1789	0.9007	1.83481	26.16	42.72
39	-258.1522	0.1501		27.64	
40	33.5263	4.9539	1.58913	31.76	61.25
41	213.1670	30.3551		31.76	
42	CG	2.1074	1.51680	44.60	64.17
43	CG	Bf		44.60	
[aspherical data]
40	33.5263	0	-1.12050E-05	2.28367E-08	-6.93799E-11	9.63136E-14
[figure]
source	Data/JP2020-086133_Figure66P.png
originX	16.50
originY	135.52
ppmm	3.205
[notes]
Bill: Magnification measured.
