[descriptive data]
title	JP 2021-076829 Example 1 (Panasonic Lumix S Pro 16-35mm F4)
[constants]
[variable distances]
Focal Length	16.5534	24.1174	33.8782
Angle of View	107.1354	84.7050	66.3796
F-Number	4.12005	4.10925	4.12028
Image Height	40.000	42.000	43.266
Total Length	122.3559	115.3042	118.0974
Magnification	0	0	0
d0	Infinity	Infinity	Infinity
d9	27.6237	11.5454	1.9767
d17	1.0000	0.9291	0.1511
d20	8.0528	8.6826	10.1353
Bf	17.50941	25.97712	37.66432
P	20.7261	19.0009	17.5676
P'	-27.7570	-28.2502	-29.1643
H	31.2261	32.3922	34.2715
H'(p)	105.8025	91.1869	84.2193
H'	0.9560	1.8598	3.7862
Aperture Diameter	11.152	13.580	17.039
[lens data]
1	61.3031	2.30	1.69144	48.50	53.6
2	18.8849	9.30		34.98	
3	41.1500	1.75	1.71181	33.34	52.5
4	20.2786	0.07	1.51122	29.66	59.6
5	14.4370	11.04		29.66	
6	-30.4617	1.20	1.48749	29.38	70.4
7	-42.8307	0.23		29.38	
8	49.2480	3.90	1.72960	28.84	26.2
9	-2541.0738	d9		28.84	
10	22.9021	5.80	1.57469	20.50	56.0
11	-51.3183	2.83		20.50	
12	AS	4.75		11.152
13	64.0609	0.80	1.90698	16.42	30.3
14	10.5553	5.00	1.49700	15.74	81.6
15	96.1258	3.55		15.74	
16	269.4121	4.20	1.58133	17.64	46.5
17	-16.9007	d17		17.64	
18	57.2983	3.25	1.84666	19.70	23.8
19	-39.6961	1.00	1.81040	19.70	33.1
20	24.8695	d20		19.70	
21	35.8528	6.00	1.48749	26.34	70.4
22	-47.9156	1.20	1.91082	26.34	35.2
23	132.4575	Bf		28.20	
[aspherical data]
5	14.4370	-0.860744	-1.09058E-05	-3.39948E-08	-7.35568E-11	1.89948E-13	-8.19926E-16	
10	22.9021	0	-1.01233E-05	-8.60053E-08	2.86697E-09	-2.94258E-11	1.68258E-13	
11	-51.3183	0	1.58943E-05	2.92108E-08	-5.38824E-10	3.70371E-11	-4.51108E-13	2.42691E-15
16	269.4121	0	-2.35150E-05	1.19948E-07	-3.24297E-09	1.40767E-11	2.15242E-13	-2.59066E-15
17	-16.9007	0	-1.50992E-05	-8.96894E-08	-2.74366E-09	2.94693E-11	-3.11976E-13	
[figure]
source	Data/JP2021-076829_Figure01aP.png
originX	21.51
originY	136.09
ppmm	3.093
[notes]
