[descriptive data]
title	JP 2014-041222 Example 1 (Canon EF24-70mm f2.8L USM)
[variable distances]
Focal Length	24.90	35.13	68.14
Angle of View	81.96	63.26	35.24
F-Number	2.92	2.92	2.91
Image Height	43.28	43.28	43.28
Total Length	199.13	183.51	166.55
Magnification	0	0	0
d0	Infinity	Infinity	Infinity
d6	55.36	31.61	3.78
d13	2.90	6.51	20.41
d20	19.24	15.64	1.73
d25	1.19	3.58	10.91
d29	3.99	9.73	13.28
Bf	38.47	38.47	38.47
Aperture Diameter	20.586	21.788	25.394
[lens data]
1	132.285	2.40	1.7725	58.74	49.6
2	34.010	12.02		48.65
3	-164.261	2.30	1.7725	47.80	49.6
4	61.319	0.17		47.80	
5	60.454	4.97	1.84265	45.62	25.22	BaWO4 ???
6	153.708	d6		45.62	
7	2038.158	1.80	1.80518	37.70	25.4
8	52.562	6.31	1.7725	37.70	49.6
9	-120.819	0.15		37.70	
10	94.247	3.75	1.83481	38.24	42.7
11	-735.401	0.15		38.04	
12	44.815	5.26	1.6968	37.16	55.5
13	2017.457	d13		37.16	
14	FS	2.20		25.82
15	-118.448	1.25	1.883	26.61	40.8
16	44.969	2.45		24.97	
17	-123.350	1.35	1.72	24.97	50.2
18	33.452	4.84	1.80518	26.56	25.4
19	-122.441	0.70		26.56	
20	AS	d20		20.586
21	100.783	1.30	1.84265	26.46	
22	24.825	6.70	1.497	26.46	81.5
23	-57.671	0.10		26.46	
24	30.541	5.21	1.52542	26.88	64.5
25	-95.184	d25		26.88	
26	3554.746	2.90	1.84666	25.16	23.8
27	-48.578	0.11		25.16	
28	-54.737	1.99	1.834	25.16	37.2
29	26.616	d29		25.16	
30	51.549	7.60	1.58313	37.12	59.4
31	-129.121	Bf		37.12	
[aspherical data]
1	132.285	0	1.19505E-06	4.93803E-10	-1.21623E-12	1.13356E-15	-3.85068E-19
31	-129.121	0	2.65122E-07	-9.50226E-09	6.16123E-11	-1.95942E-13	2.35213E-16
[figure]
source	Data/JP2014-041222_Figure01P.png
originX	31.34
originY	136.47
ppmm	2.063
[notes]
Bill: Lens construction diagram is at the telephoto end.
