[descriptive data]
title	JP 2003-241093 Example 2 (Nikon AF-S Zoom-Nikkor 24-85mm f/3.5-4.5G IF-ED)
[constants]
AsphericalOddCount	1
[variable distances]
Focal Length	25.0	50.0	82.5
Angle of Viewe	84.8	45.1	28.0
F-Number	3.6	4.5	4.7
Image Height	43.20	43.20	43.20
Magnification	0	0	0
d0	Infinity	Infinity	Infinity
d5	2.45	16.66	29.35
d13	13.20	5.78	2.29
d13AS	12.90	5.48	1.99
d18	1.45	8.24	11.46
d22	11.21	4.42	1.19
Bf	38.57	45.36	48.59
Aperture Diameter	13.213	13.487	14.568
[lens data]
1	264.9156	1.7	1.84666	56.58	23.8
2	72.7684	6.4	1.69680	53.94	55.5
3	-862.3598	0.1		53.94	
4	45.6976	4.95	1.78800	48.36	47.4
5	105.6030	d5		47.86	
6	54.7045	0.1	1.55389	26.26	38.1
7	60.0000	1.2	1.83481	26.18	42.7
8	12.1693	5.45		19.12
9	-44.3426	1.0	1.80400	18.78	46.6
10	19.1723	2.1	1.80809	17.52	22.8
11	34.1502	0.2		17.52	
12	24.0138	2.3	1.84666	17.24	23.8
13	131.1830	d13AS		17.24	
13AS	AS	0.3		13.213
14	28.1774	0.8	1.84666	16.82	23.8
15	14.4754	4.4	1.58913	16.76	61.2
16	-58.0248	0.1		16.76	
17	28.1260	3.0	1.51680	17.04	
18	-79.4699	d18		17.04	
19	-62.3232	2.4	1.84666	15.84	23.8
20	-17.1463	0.1		15.84	
21	-16.2977	0.8	1.80400	15.84	46.6
22	56.3639	d22		16.54	
23	217.1899	5.7	1.49782	23.42	82.5
24	-18.7844	0.1		23.42	
25	86.1752	3.5	1.65160	24.24	58.5
36	-50.8335	2.4		24.24	
37	-20.3200	1.1	1.84666	23.63	23.8
38	-62.4223	Bf		25.70	
[aspherical data]
6	54.7045	-0.835	-6.1899E-07	-2.2261E-06	3.4664E-08	-3.2166E-10	5.5491E-13	9.6020E-16
[figure]
source	Data/JP2003-241093_Figure03P.png
originX	10.92
originY	80.90
ppmm	2.084
[notes]
Bill: Not obvious which example matches.
