[descriptive data]
title	JP 2018-180348 Example 1 (Panasonic Leica DG Vario-Elmarit 8-18mm F2.8-4.0 Asph)
[constants]
[variable distances]
Focal Length	8.2678	11.6445	17.2434
Angle of View	106.3972	85.4314	64.0090
F-Number	2.90468	3.56972	3.98898
Image Height	20.0000	20.6000	21.6300
Total Length	105.5316	97.2160	95.4838
Magnification	0	0	0
d0	Infinity	Infinity	Infinity
d7	22.8204	10.6305	1.5141
d16	1.3000	3.3512	5.8971
d19	6.8084	4.7573	2.2116
d24	0.9372	4.8164	12.2095
Bf	14.1608	14.1558	14.1467
P	14.8024	13.6938	12.3587
P'	-37.2160	-51.1483	-105.3546
H	21.7397	23.2619	27.1140
H'(p)	97.2639	85.5715	78.2403
H'	5.8931	2.5113	-3.0968
Aperture Diameter	10.766	9.624	10.149
[lens data]
1	47.2871	1.5000	1.80420	36.56	46.5
2	16.1336	3.9388		27.91
3	20.0000	2.2000	1.58699	27.91	59.5
4	9.1290	8.3675		23.16
5	-54.5660	1.0000	1.55032	23.16	75.5
6	16.1918	4.8000	1.83481	23.15	42.7
7	169.0148	d7		23.15
8	-23.0610	2.8500	1.58699	11.34	59.5
9	-14.4260	3.1066		11.34	
10	AS	1.6636		10.766
11	-486.4765	2.8900	1.84666	12.66	23.8
12	-9.1389	1.2385	2.00100	12.66	29.1
13	15.3236	4.1500	1.65412	14.06	39.7
14	-20.5805	0.3000		14.06
15	32.4510	4.1583	1.49700	16.29	81.6
16	-14.5770	d16		16.29
17	459.5196	2.3120	1.94595	14.98	18.0
18	-18.5608	0.5000	1.84666	14.98	23.8
19	22.9565	d19		16.75
20	18.6950	6.2300	1.49700	17.75	81.5
21	-15.9190	0.4995		17.75
22	-23.7695	0.7000	1.80610	16.68	33.3
23	11.8685	2.9100	1.62041	17.39	60.3
24	27.7836	d24		17.39
25	38.8500	4.1900	1.68893	22.72	31.1
26	-82.3340	Bf		22.72
[aspherical data]
3	20.0000	-1.05646	1.80845E-05	-8.08328E-07	7.06416E-09	-2.77284E-11	4.27081E-14	
4	9.1290	-0.525385	-4.82252E-05	-1.81753E-06	1.39930E-08	-5.48449E-11	-3.85433E-25	
8	-23.0610	10	-7.26578E-05	2.10308E-06	5.12892E-09	1.08723E-09	2.73560E-28	
9	-14.4260	0.386971	-2.38905E-05	9.02331E-07	3.54795E-09	2.42127E-10	1.36731E-27	
20	18.6950	-0.00959638	-1.07465E-05	-9.96899E-08	2.16846E-09	-3.81151E-11	-2.77388E-24	
21	-15.9190	-0.344812	7.32993E-05	-2.76039E-07	2.87734E-09	-3.77924E-11	-3.51797E-26	
25	38.8500	-4.95556	3.50432E-05	1.14639E-07	-7.59685E-10	-4.78542E-12	-2.89187E-25	-1.27904E-27
26	-82.3340	9.46636	4.34406E-05	1.11655E-07	-4.89866E-10	-8.06050E-12	3.73554E-24	-1.80990E-27
[figure]
source	Data/JP2018-180348_Figure01aP.png
originX	37.61
originY	185.59
ppmm	4.684
[notes]
Bill: Adjusted H' as distance from rear vertex.
