[descriptive data]
title	JP 2016-133764 Example 6 (Leica Super-Vario-Elmar-TL 11-23mm F3.5-4.5 Asph)
[constants]
[variable distances]
Focal Length	11.300	16.822	22.347
Angle of View	102.978	80.338	64.866
F-Number	3.600	4.183	4.610
Image Height	28.400	28.400	28.400
Total Length	108.032	98.485	94.970
Magnification	0	0	0
d0	Infinity	Infinity	Infinity
d8	27.293	12.320	4.112
d21	1.500	2.921	4.532
d25	3.476	3.313	3.398
Bf	15.541	19.711	22.707
Aperture Diameter	11.071	10.799	10.806
[lens data]
1	46.360	2.456	1.72916	43.69	54.67
2	16.711	5.262		30.61
3	34.511	2.133	1.80866	30.52	40.41
4	14.605	12.764		26.14
5	24.234	3.564	1.69895	22.02	30.05
6	253.635	1.057		21.25
7	-75.436	1.000	1.49700	21.25	81.61
8	31.733	d8		19.12	
9	AS	2.047		11.071
10	18.067	2.234	1.59551	11.79	39.24
11	75.420	3.926		11.79
12	15.561	0.703	1.91082	11.42	35.25
13	9.310	0.010	1.51400	11.05	42.84
14	9.310	4.128	1.49700	11.05	81.61
15	-29.717	1.435		11.05
16	-15.076	0.700	1.91082	11.00	35.25
17	1416.645	0.677		11.55
18	41.638	3.470	1.49700	12.33	81.61
19	-16.271	0.807		12.74
20	170.391	2.965	1.58313	13.27	59.38
21	-24.416	d21		13.64
22	110.615	2.628	1.84666	13.73	23.78
23	-16.290	0.010	1.51400	13.73	42.84
24	-16.290	0.700	1.77250	13.73	49.62
25	17.897	d25		13.36	
26	55.841	4.736	1.61800	14.82	63.39
27	-11.034	0.010	1.51400	15.09	42.84
28	-11.034	0.800	1.90366	15.09	31.31
29	-161.564	Bf		16.59
[aspherical data]
3	34.511	0	1.0337E-04	-6.9267E-07	2.1776E-09	-2.3084E-12	-4.4223E-15	8.5082E-18
4	14.605	0	9.3550E-05	-6.4639E-07	-4.1522E-09	4.3696E-11	-1.5519E-13	9.3357E-17
20	170.391	0	-3.9538E-05	6.2938E-07	-5.5458E-09	1.1762E-10		
21	-24.416	0	1.1097E-05	5.2217E-07	-5.2545E-09	1.1053E-10		
[figure]
source	Data/JP2016-133764_Figure06WP.png
originX	29.57
originY	377.51
ppmm	16.137
[notes]
