[descriptive data]
title	JP 2015-215560 Example 1 (Nikon AF-S Nikkor 500mm f/4E FL ED VR)
[constants]
[variable distances]
Focal Length	490.000	undefined	undefined
Angle of View	5.035	undefined	undefined
F-Number	4.122	undefined	undefined
Image Height	43.26	43.26	43.26
Total Length	424.803	424.803	424.803
Magnification	0	-0.033	-0.153
d0	Infinity	14816.589	3173.815
d11	14.505	17.427	28.403
d16	36.105	33.183	22.207
Bf	87.772	87.772	87.772
Aperture Diameter	37.683	37.683	37.683
[lens data]
1	1200.3702	5.000	1.51680	123.08	63.88
2	1199.7895	1.000		123.08	
3	199.1542	13.200	1.43385	121.48	95.25
4	Infinity	80.900		121.48	
5	121.5321	15.500	1.43385	95.74	95.25
6	-467.2393	2.000		95.74	
7	-468.0783	5.200	1.61266	92.40	44.46
8	374.4208	56.520		92.40	
9	78.9162	3.500	1.69680	62.52	55.52
10	45.5020	11.000	1.49782	58.64	82.57
11	253.2743	d11		58.64	
12	Infinity	2.500	1.83400	48.40	37.18
13	82.2217	3.940		46.05
14	-408.7548	3.900	1.80809	46.05	22.74
15	-94.7190	2.500	1.55298	46.34	55.07
16	Infinity	d16		46.34	
17	AS	25.550		37.683
18	96.5675	1.800	1.80809	35.26	22.74
19	47.0020	5.500	1.49782	34.60	82.57
20	-244.3862	4.500		34.60	
21	-634.0420	1.800	1.62299	33.28	58.12
22	142.8386	1.650		33.28	
23	-256.0190	4.700	1.61266	33.62	44.46
24	-42.1820	1.800	1.49782	33.62	82.57
25	69.5910	4.500		33.62	
26	45.6956	6.700	1.61266	35.42	44.46
27	-114.2817	12.908		35.42	
28	-62.3322	1.800	1.83481	33.28	42.73
29	50.3097	1.654		33.28	
30	63.8316	4.900	1.80100	33.94	34.92
31	-136.0401	Bf		33.94	
[figure]
source	Data/JP2015-215560_Figure01P.png
originX	46
originY	276.5
ppmm	3.789
[notes]

