[descriptive data]
title	Nikon TC-E3ED with Main Lens (JP 2001-174702 Example 1)
[constants]
Lateral Magnification	2.980
[variable distances]
Focal Length	68.433
Angle of View	undefined
F-Number	4.22
Image Height	8.94
Magnification	0
d0	Infinity
Bf	0
[lens data]
1	108.5252	2.7	1.80518	56.84	25.43	F
2	66.7410	10.3	1.49700	55.28	81.61
3	-666.9212	0.3		55.28
4	41.1762	10.3	1.49700	52.94	81.61
5	113.2884	42.6851		51.40	
6	-275.5622	2.7	1.68893	14.08	31.07	R
7	-27.5080	1.5	1.83481	13.94	42.72
8	12.2878	3.2	1.72151	12.42	29.23
9	43.6360	4.00000		12.42	
10	Infinity	1.00000	1.51680	10.36	64.10
11	Infinity	3.0347		10.36	

12	24.4828	1.3	1.80400	10.18	46.58
13	9.0381	2.75		9.40	
14	-64.2224	1.1	1.62041	9.18	60.29
15	16.6428	0.6		9.18	
16	13.2531	2.5	1.84666	9.62	23.78
17	31.0852	3.0129		9.62	
18	AS	1.00000		8.220
19	25.8727	2.2	1.80400	10.24	46.58
20	-53.1027	0.2		10.24	
21	10.8558	3.9	1.63930	9.52	44.89
22	-16.3258	4.00000	1.78470	9.14	26.30
23	8.2972	0.9		8.30	
24	104.5327	1.95	1.48749	8.30	70.24
25	-30.4589	4.45		8.30	
26	16.9876	2.25	1.80440	9.86	39.59
27	41.3698	20.5395		9.86	
28	132.1518	2.5	1.60602	11.18	57.44
29	-36.4729	1.00000		11.18	
30	CG	2.76	1.45850	10.42	67.85
31	CG	1.441		10.42	
32	CG	0.5	1.51680	10.46	64.10
33	CG	1.328		10.46	
[figure]
source	Data/JP2001-174702_Figure01P.png
originX	54.03
originY	182.47
ppmm	4.533
[notes]
Bill: 16.22 / 5.52 = 2.938 ~= 2.980 Patent phiF = 56.84 and phiR = 14.08
