[descriptive data]
title	JP 2015-075501 Example 1 (Olympus M.Zuiko 25mm F1.8)
[constants]
[variable distances]
Focal Length	24.53	undefined
Angle of View	48.10	undefined
F-Number	1.82	undefined
Image Height	21.60	21.60
Total Length	undefined	undefined
Magnification	0	-0.12414
d0	Infinity	189.2501
d8	8.0395	5.1012
d13	1.6	4.5383
Bf	17.2630	17.2630
[lens data]
1	118.2461	1.0000	1.62588	29.52	35.74
2	17.4553	3.7360		24.52	
3	20.8049	5.8693	1.88100	26.24	40.14
4	-1000.0000	0.3844		26.24	
5	34.7639	4.3008	1.80610	22.26	40.73
6	-49.6628	0.8000	1.60342	22.14	38.01
7	16.2493	3.2123		15.04	
8	AS	d8		12.084
9	-10.7721	0.8000	1.69895	12.30	30.05
10	26.5433	4.0014	1.88100	16.12	40.14
11	-20.1977	0.4762		16.12	
12	60.1666	4.0601	1.69350	18.40	53.20
13	-21.2817	d13		18.40	
14	43.3775	0.8000	1.74077	20.04	27.76
15	17.2144	1.4476		18.32	
16	20.1587	2.9593	1.83481	21.34	42.72
17	43.4347	12.2630		21.34	
18	CG	4.0000	1.51680	23.34	64.20
19	CG	1.0000		23.34	
[aspherical data]							
5	34.7639	0	-7.37304E-06	2.98804E-08	-9.79820E-10	1.28606E-11	-5.25852E-14
12	60.1666	0	-9.75750E-06	4.13773E-08	9.86608E-10	-5.04731E-11	2.93810E-13
13	-21.2817	0	2.85098E-05	2.22304E-08	1.48907E-09	-3.83056E-11	1.38708E-13
[figure]
source	Data/JP2015-075501_Figure01P.png
originX	17.52
originY	111.59
ppmm	3.679
[notes]
Bill: Bf adjusted for CG Magnification measured.
