[descriptive data]
title	JP 2012-063403 Example 2 (Sigma APO Macro 150mm F2.8 EX DG OS HSM)
[constants]
[variable distances]
Focal Length	150.00	106.51	78.23
Angle of View	undefined	undefined	undefined
F-Number	2.92	4.37	5.83
Image Height	43.26	43.26	43.26
Magnification	0	-0.5	-1
d0	Infinity	309.24	186.18
d8	2.4200	10.5359	20.1009
d15	24.6600	16.5441	6.9791
d16	22.5200	12.0489	2.5000
d21	2.5500	13.0211	22.5700
Bf(p)	undefined	undefined	undefined
Bf	54.02	54.02	54.02
Aperture Diameter	34.039	26.148	23.335
[lens data]
1	172.3015	6.25	1.65844	57.70	50.85
2	-240.1703	0.60		57.70	
3	117.3228	7.87	1.49700	53.46	81.61
4	-117.3228	1.80	1.80518	53.46	25.46
5	Infinity	0.20		53.46	
6	51.3542	10.37	1.49700	48.00	81.61
7	-118.7741	1.70	1.77250	48.00	49.62
8	303.8511	d8		48.00	
9	171.2605	1.30	1.72916	42.00	54.67
10	49.9070	4.20		38.72	
11	-944.6684	4.45	1.84666	38.72	23.78
12	-60.4640	1.20	1.48749	39.82	70.44
13	303.9765	2.21		39.82	
14	-315.1893	1.20	1.72916	36.94	54.67
15	86.6671	d15		34.76	
16	AS	d16		34.039
17	99.4050	4.85	1.72916	35.12	54.67
18	-76.1692	0.15		35.12	
19	59.6187	5.80	1.49700	33.10	81.61
20	-59.6187	1.20	1.80518	33.10	25.46
21	-592.3620	d21		33.10	
22	-132.8024	1.20	1.68893	29.34	31.16
23	307.7510	3.00		29.34	
24	107.4042	3.50	1.80518	27.42	25.46
25	-67.3066	0.95	1.72916	27.42	54.67
26	32.7082	3.63		25.06	
27	-82.6498	0.95	1.71300	25.06	53.94
28	110.3321	2.50		27.34	
29	67.0168	6.35	1.80611	32.32	40.73
30	-87.1218	0.72		32.32	
31	-228.2708	1.55	1.75520	33.28	27.53
32	33.1513	6.62	1.83400	33.28	37.35
33	581.2078	Bf		33.28	
[figure]
source	Data/JP2012-063403_Figure08P.png
originX	6.51
originY	64.07
ppmm	1.977
[notes]
Bill: d0 measured.
