[descriptive data]
title	JP 2022-092388 Example 1 (Nikon Nikkor Z 100-400mm f/4.5-5.6 VR S)
[constants]
[variable distances]
Focal Length	103.09	388.17	undefined	undefined
Angle of View	undefined	6.20	undefined	undefined
F-Number	5.76	5.76	undefined	undefined
NA	undefined	undefined	0.08	0.11
Total Length	undefined	284.55	undefined	284.55
Image Height	43.40	43.40	43.40	43.40
Magnification	0	0	-0.12293	-0.38193
d0	Infinity	Infinity	744.88	694.75
d4	1.500	51.500	1.500	51.500
d9	1.300	25.600	1.300	25.600
d17	43.095	2.100	43.095	2.100
d35	3.200	3.467	4.590	34.084
d38	14.300	8.800	22.618	9.182
d42	26.984	48.913	17.275	17.915
Bf	0	0	0	0
Aperture Diameter	22.252	26.195	22.252	26.195
[lens data]
1	464.984	3.83	1.487490	69.78
2	-464.984	0.15		69.78
3	178.061	4.56	1.437001	69.04
4	Infinity	d4		69.04
5	63.221	7.03	1.497820	50.62
6	-658.500	1.00	1.804400	49.94
7	57.457	1.53		47.16
8	56.530	7.42	1.437001	47.76
9	-447.440	d9		47.76
10	137.036	6.11	1.720467	38.76
11	-67.293	1.30	1.497820	37.68
12	47.996	5.73		32.46
13	-84.272	1.20	1.741000	33.06
14	49.681	3.41	1.854505	32.40
15	447.567	3.15		32.40
16	-60.243	1.20	1.755000	27.94
17	218.520	d17		29.54
18	152.668	3.22	1.593190	33.44
19	-152.668	0.15		33.44
20	64.555	3.69	1.497820	33.88
21	Infinity	0.45		33.88
22	48.227	4.34	1.497820	32.98
23	Infinity	2.42		32.98
24	-93.779	1.65	1.806100	31.18
25	1675.249	2.80		33.16
26	AS	11.71		22.252
27	-125.942	2.31	1.808090	25.76
28	-60.541	0.60		27.38
29	134.570	1.40	2.000690	26.58
30	34.633	2.73		24.70
31	59.403	5.16	1.552981	25.80
32	-38.045	1.25	1.953750	25.80
33	-67.886	0.66		25.80
34	35.224	3.50	1.603420	25.74
35	140.226	d35		25.74
36	120.647	2.26	1.850260	21.98
37	-120.465	1.00	1.729160	21.98
38	35.481	d38		20.94
39	560.475	2.63	1.654115	22.00
40	-50.042	2.31		22.00
41	-44.883	1.00	1.902650	21.48
42	660.951	d42		22.02
43	-285.763	1.00	1.497820	37.30
44	43.194	1.46		37.30
45	47.384	5.67	1.738000	39.18
46	1194.653	29.62		39.18
47	CG	1.60	1.516800	45.50
48	CG	0.00		45.50
[figure]
source	Data/JP2022-092388_Figure01aP.png
originX	11.49
originY	154.32
ppmm	2.902
[notes]
Bill: d0 and Magnfication measured. Rearranged scenarios
