[descriptive data]
title	JP 2001-330771 Example 2 (Sigma 24mm F1.8 EX DG Aspherical Macro)
[constants]
[variable distances]
Focal Length	24.69	undefined
Angle of View	82.44	undefined
F-Number	1.85	undefined
Image Height	43.2	43.2
Magnification	0	-0.38356
d0	Infinity	50
d11	5.96	2.30
Bf(p)	undefined	undefined
Bf	38.60	48.15
[lens data]
1	69.12	4.33	1.72342	52.66	38.0
2	130.23	0.15		52.66	
3	45.56	1.50	1.83400	43.24	37.3
4	19.50	7.56		35.06	
5	65.45	0.20	1.51840	33.56	52.1
6	54.47	1.50	1.78590	33.56	44.1
7	22.38	12.90		29.72	
8	313.19	10.08	1.80518	27.82	25.4
9	-107.94	0.30		27.82	
10	50.85	7.86	1.83400	28.64	37.3
11	160.23	d11		28.64	
12	AS	4.69		27.036
13	99.14	6.62	1.71300	28.90	54.1
14	-36.11	0.20	1.51840	28.90	52.1
15	-31.21	2.19		28.90	
16	-50.03	6.08	1.69680	26.86	55.6
17	-24.46	3.24	1.75520	26.86	27.5
18	42.88	1.82		22.95
19	-410.66	3.75	1.71300	27.40	54.1
20	-55.29	0.15		27.40	
21	354.26	4.75	1.60625	29.46	63.1
22	-37.79	Bf		29.46	
[aspherical data]
5	65.45	0	3.8440E-06	1.0581E-08	-9.9037E-12	5.0550E-14
15	-31.21	0	1.3754E-05	-3.6849E-09	2.6087E-12	3.9670E-15
[figure]
source	Data/JP2001-330771_Figure02P.png
originX	10.49
originY	66.49
ppmm	2.006
[notes]
