[descriptive data]
title	JP 2018-205527 Example 1 (Sigma 16mm F1.4 DC DN Contemporary)
[variable distances]
Focal Length	16.45	16.33
Angle of View	84.21	84.15
F-Number	1.46	1.46
Image Height	28.40	28.40
Total Length	109.00	109.00
Magnification	0	-0.025
d0	Infinity	635.6343
d23	3.3044	2.8751
d25	2.0917	2.5210
Bf	1.0000	1.0000
[lens data]
1	125.2460	2.9671	1.51680	52.45	64.20
2	404.5429	0.5000		52.45
3	34.3690	1.4000	2.00100	39.92	29.13
4	16.3986	5.0945		29.45
5	26.0000	1.5000	1.58913	31.10	61.25
6	15.5760	10.6088		28.37
7	-30.5000	1.0319	1.43700	28.00	95.10
8	170.0033	2.9642	2.00100	28.13	29.13
9	-79.7237	7.2064		28.13
10	60.8883	3.0231	1.91082	27.38	35.25
11	-300.0000	0.8578		27.38
12	85.0000	5.6577	1.43700	27.42	95.10
13	-31.8218	1.0735		27.42
14	-60.7984	0.9000	1.51742	27.88	52.15
15	40.9323	5.7178		23.97
16	-20.3273	0.9000	1.67270	23.97	32.17
17	-39.4374	1.4174		27.65
18	AS	0.9946		25.916
19	68.6066	10.3000	1.59282	30.09	68.63
20	-20.1400	0.9000	1.74950	30.09	35.33
21	-34.7714	0.1500		32.35
22	55.4013	5.5346	1.69350	32.67	53.20
23	-69.8881	d23		32.67
24	25.0000	2.7637	1.59282	24.70	68.63
25	47.3486	d25		23.48
26	35.4444	0.9000	1.80518	25.03	25.46
27	17.8877	3.7091		21.44
28	660.0000	6.0973	1.43700	22.80	95.10
29	-17.1474	0.9000	1.90366	22.80	31.32
30	-26.4237	15.5341		24.63
31	CG	2.0000	1.51680	31.16	64.20
32	CG	1.0000		31.16	
[aspherical data]
6	15.5760	-1.28713	3.03098E-05	-1.10729E-07	1.95111E-09	-1.86588E-11	9.78438E-14	-2.62044E-16	2.69032E-19
23	-69.8881	0	1.05989E-05	-8.95266E-09	8.67772E-12	3.47060E-14	-1.61820E-16		
[figure]
source	Data/JP2018-205527_Figure01P.png
originX	18.56
originY	138.53
ppmm	4.775
[notes]
