[descriptive data]
title	JP 2013-186458 Example 3 (Olympus M.Zuiko 17mm F1.8)
[constants]
[variable distances]
Focal Length	17.30	undefined	undefined
Angle of View	69.22	undefined	undefined
F-Number	1.716	1.681	1.635
Image Height	21.64	21.64	21.64
Total Length	52.27	52.27	52.27
Magnification	0	-0.03333	-0.08238
S	Infinity	250	undefined
d0	Infinity	505.54	197.22
d9	7.1972	6.6121	5.7877
d14	2.0857	2.6708	3.4951
Bf	0	0	0
P'	-47.32	undefined	undefined
[lens data]
1	670.392	1.200	1.58313	18.60	59.38
2	14.739	4.985		15.75
3	-13.171	1.100	1.56732	15.75	42.82
4	701.582	3.031	1.91082	16.42	35.25
5	-21.642	0.187		16.52	
6	22.931	4.752	1.81600	16.08	46.62
7	-19.343	1.000	1.75211	15.68	25.05
8	-67.331	1.782		15.68	
9	AS	d9		13.176
10	-12.518	0.800	1.68893	13.26	31.07
11	19.337	3.286	1.58313	13.76	59.38
12	-35.600	0.239		14.48	
13	48.560	5.252	1.74320	17.80	49.34
14	-13.158	d14		17.80	
15	-44.201	1.100	1.59270	18.44	35.31
16	-717.676	10.832		18.44	
17	CG	4.082	1.51633	28.94	64.14
18	CG	0.745		28.94	
[aspherical data]
1	670.392	10.0016	9.8615E-06	-2.3574E-07	1.1769E-09	
2	14.739	1.112	-2.1754E-05	-4.8981E-07	-1.9711E-09	
12	-35.600	4.5711	-2.1910E-05	1.9461E-06	6.5052E-09	-1.7209E-10
13	48.560	-10.0646	-8.4836E-05	1.2594E-06	-5.7141E-09	
14	-13.158	-0.4054	2.8349E-05	-4.6349E-07	3.2328E-09	
[figure]
source	Data/JP2013-186458_Figure03P.png
originX	31.51
originY	183.50
ppmm	5.940
[notes]
Bill: Measured d0 and closest Magnification.
