[descriptive data]
title	JP 2003-344768 Example 1 (Tamron SP AF 200-500mm F5.0-6.3 Di LD [IF] A08)
[constants]
[variable distances]
Focal Length	200.00	300.32	490.00
Angle of View	12.176	8.108	4.980
F-Number	5.16	5.722	6.25
Image Height	43.266	43.266	43.266
Magnification	0	0	0
d0	Infinity	Infinity	Infinity
d6	41.918	78.367	135.377
d10	47.791	23.119	10.588
d14	5.551	20.159	19.389
d19	20.876	14.993	3.352
d20	19.704	12.870	2.181
d25	28.388	51.168	86.799
Bf(p)	undefined	undefined	undefined
Bf	46.50	46.50	46.50
[lens data]
2	204.6832	6.0	1.48749	82.18	70.2
3	770.6605	0.2		82.18
4	161.7932	2.5	1.83400	80.57	37.2
5	99.8761	10.0	1.49700	78.60	81.6
6	-1603.6079	d6		78.60
7	-90.7862	2.0	1.77250	38.78	49.6
8	126.4736	2.5		38.78
9	137.6303	4.0	1.80518	38.50	25.4
10	-607.5925	d10		38.50
11	-3581.5637	1.5	1.80518	39.65	25.4
12	192.0848	2.0		39.65
13	142.8949	6.0	1.58913	40.41	61.2
14	-90.0000	d14		40.41
15	161.6276	4.0	1.49700	37.60	81.6
16	-412.3662	0.2		37.60
17	108.7455	5.0	1.51633	37.77	64.1
18	-80.3714	1.8	1.83400	37.77	37.2
19	-405.3952	d19		37.77
20	AS	d20		24.650
21	120.0000	1.8	1.77250	26.21	49.6
22	44.2501	2.0		26.21
23	239.2721	1.8	1.69680	26.21	55.5
24	38.4761	3.0	1.75520	26.21	27.5
25	99.0289	d25		23.99
26	FS	Bf		30.93
[figure]
source	Data/JP2003-344768_Figure01P.png
originX	44.53
originY	215.80
ppmm	3.776
[notes]
