[descriptive data]
title	JP 2022-030896 Example 1 (Sony FE 24mm F2.8 G)
[constants]
[variable distances]
Focal Length	24.71	undefined
Angle of View	84.978	undefined
F-Number	2.884	undefined
Total Length	60	60
Image Height	39.848	39.848
Magnification	0	-0.12920
d0	Infinity	180
d11	4.520	2.978
d16	2.535	4.077
Bf	0	0
[lens data]
1	27.692	0.900	1.48749	17.86	70.44
2	10.708	6.301		14.64	
3	-29.255	0.700	1.48749	11.28	70.44
4	36.278	0.200	1.53610	10.84	41.21
5	72.902	2.215		10.82	
6	AS	2.477		11.538	
7	46.922	2.834	1.83481	13.52	42.72
8	-28.663	0.500		13.82	
9	559.336	0.800	1.72047	13.78	34.71
10	15.165	5.872	1.49700	13.70	81.61
11	-13.100	d11		13.98	
12	-11.559	0.200	1.53610	13.02	41.21
13	-11.675	0.700	1.54814	13.06	45.82
14	-17.230	2.222		13.60	
15	-399.343	4.468	1.49710	15.88	81.56
16	-12.285	d16		16.94	
17	-20.578	1.000	1.54072	17.60	47.20
18	43.110	18.907		19.28	
19	CG	2.500	1.51680	45.90	64.20
20	CG	1.000		45.90	
[aspherical data]
5	72.902	0	1.6217E-04	5.4176E-07	1.8017E-08
12	-11.559	0	7.7335E-05	-8.1694E-07	3.8172E-09
15	-399.343	0	-1.2010E-04	6.1727E-07	-2.7390E-09
16	-12.285	0	3.8253E-05	-3.5929E-09	1.6953E-09
[figure]
source	Data/JP2022-030896_Figure01P.png
originX	64.56
originY	211.50
ppmm	5.795
[notes]
Bill: Patent diameters including AD. Magnification measured.
