[descriptive data]
title	JP 2008-070450 Example 1 (Canon EF70-200mm f4L IS USM)
[constants]
[variable distances]
Focal Length	72.11	134.92	194.28
Angle of View	undefined	undefined	undefined
F-Number	4.1	4.1	4.1
Image Height	43.2	43.2	43.2
Magnification	0	0	0
d0	Infinity	Infinity	Infinity
d8	2.379	27.438	36.489
d15	33.173	16.927	1.022
d18	11.007	2.194	9.048
Bf(p)	undefined	undefined	undefined
Bf	54.49	54.49	54.49
[lens data]
1	154.341	3.10	1.487490	57.42	70.23
2	705.558	12.82		57.42
3	105.330	2.10	1.698947	50.30	30.13
4	59.688	0.08		48.68	
5	60.522	5.53	1.433870	48.68	95.10
6	345.333	0.15		48.68	
7	74.914	5.03	1.496999	47.00	81.54
8	-1211.194	d8		47.00	
9	-256.017	1.20	1.804000	27.88	46.57
10	38.198	4.33		27.88	
11	-63.838	1.25	1.516330	27.88	64.14
12	41.958	3.77	1.846660	27.88	23.93
13	-251.308	1.01		27.46
14	-69.373	1.25	1.800999	27.46	34.97
15	-320.653	d15		27.88	
16	168.691	5.90	1.603112	29.78	60.64
17	-29.654	1.40	1.749497	29.78	35.30
18	-67.981	d18		29.78	
19	AS	0.34		28.570
20	33.663	3.94	1.834807	30.24	42.72
21	92.256	2.50		30.24	
22	57.192	2.16	1.749497	28.00	35.30
23	19.400	6.20	1.496999	28.00	81.54
24	136.753	10.83		28.00	
25	93.768	4.50	1.834000	25.38	37.16
26	-33.991	1.20	1.696797	25.38	55.53
27	66.042	1.98		23.46
28	-75.562	1.30	1.712995	23.46	53.87
29	42.780	3.56		24.76	
30	207.397	2.55	1.487490	27.04	70.23
31	-93.288	1.13		27.04	
32	121.545	7.72	1.487490	30.54	70.23
33	-22.762	2.04	1.806098	30.54	40.92
34	-65.262	8.73		30.54	
35	75.123	2.81	1.834000	35.40	37.16
36	162.660	Bf		35.40	
[figure]
source	Data/JP2008-070450_Figure01aP.png
originX	18.00
originY	79.41
ppmm	1.914
[notes]
