[descriptive data]
title	JP 2018-045097 Example 2 (Sigma 12-24mm F4 DG HSM A)
[constants]
AsphericalOddCount	5
[variable distances]
Focal Length	12.39	16.64	23.08	undefined	undefined	undefined
Angle of View	121.27	104.29	85.36	undefined	undefined	undefined
F-Number	4.04	4.04	4.16	undefined	undefined	undefined
Image Height	43.26	43.26	43.26	43.26	43.26	43.26
Total Length	167.88	158.00	155.77	167.88	158.00	155.77
Magnification	0	0	0	-0.025	-0.025	-0.025
d0	Infinity	Infinity	Infinity	465.4085	639.2961	894.6208
d11	34.5864	16.4855	1.6422	35.6759	17.1996	2.1665
d18	5.4321	5.8016	6.4075	4.3427	5.0874	5.8832
Bf	1.5104	9.3633	21.3709	1.5103	9.3633	21.3709
Aperture Diameter	13.016	14.401	16.097	13.016	14.401	16.097
[lens data]
1	133.5319	4.0000	1.69090	81.84	52.98
2	29.0193	9.0505		54.51
3	36.9009	1.5021	1.90043	55.22	37.37
4	21.9843	10.7139		41.58
5	42.2390	2.0000	1.59051	39.86	66.72
6	20.2270	11.6548		36.17
7	-86.0416	1.1437	1.43700	35.08	95.10
8	52.6015	2.2862		33.98
9	91.7008	1.2591	1.43700	35.60	95.10
10	32.9014	7.1882	1.88300	35.60	40.80
11	1862.5231	d11		35.60	
12	29.8520	3.4522	1.51823	18.86	58.96
13	-71.3696	1.9863		18.86	
14	AS	2.2734		13.016
15	-115.9957	6.0384	1.64769	17.84	33.84
16	-20.1455	0.8000	1.95375	17.84	32.32
17	63.0450	2.3712	1.92286	17.84	20.88
18	-94.8658	d18		17.84	
19	61.6687	3.0762	1.43700	17.68	95.10
20	-32.4970	1.5798	1.88300	17.68	40.80
21	164.7325	0.2180		19.20	
22	23.8093	4.6565	1.43700	21.42	95.10
23	-50.0635	0.1500		21.42	
24	37.3944	0.8500	1.88300	23.62	40.80
25	15.9218	7.2421	1.43700	23.62	95.10
26	-118.2573	0.9554		23.62	
27	-43.5089	1.7137	1.55232	24.30	71.54
28	-34.3648	36.7415		24.30	
29	Infinity	1.4500	1.52301	45.26	58.59
30	Infinity	Bf		45.26	
[aspherical data]
1	133.5319	0	0	7.92621E-06	0	-6.39306E-09	0	4.45245E-12	0	-1.79721E-15	0	3.49541E-19
5	42.2390	0	-5.37715E-04	2.25403E-04	-4.41792E-05	3.58069E-06	-5.23857E-08	-7.22809E-09	2.01591E-10	1.51557E-11	-8.53398E-13	1.21655E-14
6	20.2270	0	-5.18213E-04	2.38912E-04	-5.17564E-05	5.03353E-06	-2.12648E-07	3.50675E-09	-3.11119E-11	-1.02846E-11	1.08656E-12	-2.80015E-14
27	-43.5089	0	0	1.99936E-05	0	2.31740E-07	0	-2.33328E-09	0	9.97910E-13		
28	-34.3648	0	0	3.52523E-05	0	2.77610E-07	0	-2.40330E-09	0	2.52463E-12		
[figure]
source	Data/JP2018-045097_Figure14P.png
originX	18.56
originY	96.15
ppmm	2.184
[notes]
