[descriptive data]
title	JP 2020-118775 Example ML (Canon EF24-105mm F4L IS USM)
[variable distances]
Focal Length	24.93	103.11
Angle of View	81.92	23.70
F-Number	4.12	4.12
Image Height	43.28	43.28
Total Length	149.68	182.18
Magnification	0	0
d0	Infinity	Infinity
d5	2.47	34.70
d14	19.55	1.21
d23	2.00	10.98
d29	9.80	0.82
d35	40.11	58.72
Bf	40.11	58.72
Aperture Diameter	14.968	23.006
[lens data]
1	162.088	1.80	1.84666	63.32	23.9
2	63.118	8.44	1.60311	58.02	60.6
3	Infinity	0.15		60.54	
4	47.827	6.11	1.80400	55.30	46.6
5	108.632	d5		53.22	
6	137.316	0.05	1.52421	27.88	51.4
7	78.840	1.20	1.83481	27.88	42.7
8	13.922	6.47		20.64
9	-29.385	1.00	1.88300	20.64	40.8
10	57.649	0.15		20.02	
11	36.545	5.26	1.80518	21.56	25.4
12	-26.885	0.67		21.56
13	-20.037	1.21	1.77250	19.14	49.6
14	-46.820	d14		22.24
15	FS	0.00		21.29
16	31.436	3.52	1.43875	24.48	94.9
17	-824.359	1.14		24.48
18	AS	0.06		14.968
19	28.850	1.30	1.78472	25.44	25.7
20	16.816	7.77	1.48749	23.54	70.2
21	-70.416	0.15		24.52	
22	54.991	4.01	1.58313	24.55	59.4
23	-67.724	d23		24.55
24	-57.414	3.19	1.84666	18.08	23.9
25	-16.614	0.80	1.76200	18.08	40.1
26	62.852	2.78		18.14	
27	-83.505	2.29	1.80518	19.30	25.4
28	-28.764	1.00	1.83400	19.30	37.2
29	803.160	d29		21.02
30	140.201	0.08	1.52421	28.60	51.4
31	198.013	6.28	1.58913	28.60	61.1
32	-26.480	0.15		28.60
33	-325.617	6.72	1.48749	29.06	70.2
34	-21.088	2.00	1.84666	28.68	23.9
35	-68.803	d35		31.21
[aspherical data]
6	137.316	0	1.78133E-05	-2.42673E-08	-4.58457E-11	4.70544E-13
22	54.991	0	-1.20966E-05	-5.81218E-09	8.34478E-12	-6.61383E-14
30	140.201	0	-8.50471E-06	2.78091E-09	1.69396E-11	-3.55921E-14
[figure]
source	Data/JP2020-118775_FigureMLP.png
originX	49.44
originY	121.64
ppmm	2.523
[notes]
Bill: FS is 14.57 and 21.29
