[descriptive data]
title	JP 2021-015312 Example 3 (Fujifilm Fujinon XC15-45mm F3.5-5.6 OIS PZ)
[constants]
AsphericalOddCount	9
[variable distances]
Focal Length	15.33	25.78	43.72	15.25	25.57	43.04
Angle of View	92.4	57.6	34.6	92.2	57.2	34.4
F-Number	3.58	4.22	5.76	3.58	4.24	5.79
Image Height	28.0	28.2	28.2	28.0	28.2	28.2
Total Length	undefined	undefined	undefined	undefined	undefined	undefined
Magnification	0.00	0.00	0.00	-0.00128	-0.01710	-0.04046
d0	Infinity	Infinity	Infinity	11896.09	1492.91	1073.71
d6	24.57	10.26	0.34	24.57	10.26	0.34
d16	2.38	5.33	12.39	2.63	5.87	13.68
d18	7.13	13.30	18.25	6.88	12.76	16.96
Bf	0	0	0	0	0	0
Aperture Diameter	9.378	10.529	10.531	9.378	10.529	10.531
[lens data]
1	33.295	1.50	1.95375	29.72	32.32
2	12.545	6.80		21.63
3	-166.671	1.25	1.53409	21.63	55.89
4	37.868	0.62		21.88	
5	28.348	2.42	1.94595	22.72	17.98
6	77.488	d6		22.72	
7	14.050	3.25	1.62041	14.44	60.29
8	220.173	2.00		14.44	
9	AS	1.41		9.378
10	16.454	3.51	1.53775	12.06	74.70
11	-16.454	0.88	1.62588	12.06	35.70
12	11.479	0.29		10.39
13	8.654	0.85	1.58313	8.59	59.38
14	9.675	2.00		8.59
15	25.665	2.14	1.49700	12.56	81.61
16	-54.915	d16		12.56	
17	-23.396	0.75	1.58313	12.00	59.38
18	538.989	d18		12.50
19	199.780	3.13	1.80400	28.50	46.53
20	-55.566	7.33		28.50	
21	CG	2.85	1.51633	40.86	64.14
22	CG	2.14		40.86	
[aspherical data]
3	-166.671	0	0	-1.9140163E-05	-2.0582766E-05	8.7532733E-06	-1.2534038E-06	4.0773420E-08	4.0704728E-09	-9.4877383E-13	-1.3786661E-11	-2.3438579E-12	7.0378998E-14	4.7956714E-15	6.5570093E-16	-6.1312681E-17	-3.1119018E-19	4.4360739E-19	8.8956009E-21	-2.7150711E-21
4	37.868	0	0	-8.9669372E-05	1.2120440E-05	-1.2563822E-07	-6.0303929E-08	-2.5960056E-08	2.0308435E-09	3.0865462E-10	2.5785525E-12	-2.7120098E-12	-2.3213883E-13	5.5221688E-16	1.5262265E-15	1.3658555E-16	6.8029137E-18	-7.0655118E-19	-1.5783086E-19	8.6449700E-21
13	8.654	0	0	-5.7885505E-05	-4.5028218E-05	3.0080467E-05	-5.6206804E-06	-3.4363745E-06	6.7064995E-07	1.2992400E-07	5.4385873E-09	-8.1095113E-09	-1.0069337E-09	-1.5186113E-10	2.7601121E-11	1.8124262E-11	6.8738032E-12	-1.1634526E-12	-3.5841100E-13	5.1481080E-14
14	9.675	0	0	2.4485462E-04	-1.4111064E-04	5.6570853E-05	-1.2286182E-05	3.1442298E-07	4.9931822E-08	-2.6354143E-08	-4.8123943E-09	4.7006529E-09	7.8000672E-10	2.4725126E-10	-1.1394066E-10	-3.3900876E-11	-3.6498853E-12	2.0945668E-12	7.3243178E-13	-1.4616295E-13
17	-23.396	0	0	8.7676592E-04	-1.2912489E-04	-1.1057738E-05	3.5517914E-06	3.9148966E-07	-5.1672445E-08	-2.3030362E-08	8.0622832E-10	4.6251920E-10	-1.0569499E-11	4.2888450E-12	-1.9088366E-12	3.0620564E-13	-3.4565295E-14	3.2062861E-15	-8.4800996E-16	8.6893598E-17
18	538.989	0	0	8.4593296E-04	-1.0174400E-04	-1.0893908E-05	1.6115318E-06	3.6642342E-07	-6.6077822E-09	1.3845027E-09	-2.6787740E-09	-2.5304970E-10	2.4784233E-11	1.4336896E-11	2.0857507E-12	-3.4550528E-13	-5.5890953E-14	-2.8207885E-15	2.0201792E-15	-1.1386512E-16
[figure]
source	Data/JP2021-015312_Figure03WP.png
originX	21.55
originY	121.63
ppmm	3.590
[notes]
Bill: Image Height not specified. Magnification and d0 measured.
