[descriptive data]
title	JP 2000-284174 Example 2 (Canon EF70-200mm f4L USM)
[constants]
[variable distances]
Focal Length	72.04	118.41	194.61
Angle of View	33.4	20.8	12.7
F-Number	4.1	4.1	4.1
Image Height	43.2	43.2	43.2
Magnification	0	0	0
d0	Infinity	Infinity	Infinity
d8	1.90	24.24	38.67
d15	28.62	19.02	1.85
d18	15.40	2.65	5.39
Bf(p)	undefined	undefined	undefined
Bf(m)	53.44	53.43	53.40
Bf	53.43	53.43	53.43
[lens data]
1	154.199	3.70	1.487900	53.00	70.2
2	439.052	13.58		53.00	
3	101.882	2.10	1.721507	50.26	29.2
4	59.950	0.08		48.08	
5	60.744	5.85	1.496999	48.08	81.5
6	354.564	0.15		48.08	
7	84.761	5.00	1.496999	46.72	81.5
8	-1942.711	d8		46.72	
9	-209.243	1.40	1.804000	25.82	46.6
10	36.605	4.00		25.82	
11	-74.331	1.40	1.516330	26.69	64.1
12	37.493	3.90	1.846658	26.69	23.9
13	Infinity	1.42		26.69
14	-63.504	1.40	1.749497	26.69	35.3
15	-164.753	d15		26.73
16	193.017	5.80	1.622992	29.50	58.2
17	-29.975	1.50	1.762001	29.24	40.1
18	-69.214	d18		29.24	
19	AS	1.20		29.079
20	38.745	4.80	1.603112	29.84	60.6
21	-656.147	0.20		29.84	
22	36.505	5.00	1.496999	27.92	81.5
23	-153.290	1.94	1.806098	27.92	40.9
24	36.711	32.60		24.86	
25	-771.749	3.50	1.603112	30.22	60.6
26	-62.378	8.66		30.22	
27	-27.517	1.60	1.697970	30.22	55.5
28	-62.646	0.15		31.64	
29	111.026	3.00	1.592701	33.06	35.3
30	Infinity	Bf		33.06	
[figure]
source	Data/JP2000-284174_Figure05P.png
originX	21.50
originY	99.49
ppmm	1.996
[notes]
Bill: Increased d4 from 0.06 -> 0.08 to eliminate overlapped glass.
