[descriptive data]
title	JP 2015-096915 Example 2 (Zeiss Batis 1.8 / 85)
[constants]
[variable distances]
Focal Length	82.87	82.01	77.72
Angle of View	28.6	27.39	23.06
F-Number	1.85	1.85	1.93
Image Height	43.266	43.266	43.266
Total Length	undefined	undefined	undefined
Magnification	0	-0.025	-0.125
d0	Infinity	3325	710
d8	3.248	4.580	10.172
d10	13.725	12.393	6.801
Bf	18.20	18.20	18.20
[lens data]
1	54.509	7.500	1.9037	56.9	31.31
2	303.460	3.357		56.9
3	33.793	8.000	1.4970	42.0	81.61
4	-954.295	1.200	1.7408	42.0	27.76
5	26.015	1.501		32.6
6	32.867	4.538	1.6584	32.6	50.85
7	104.539	1.290		32.6
8	FS	d8		34
9	-685.180	0.700	1.4875	30.25	70.44
10	29.043	d10		27.3
11	AS	1.884		23.092
12	38.815	0.700	1.7847	24.77	25.72
13	17.194	5.552	1.5928	24.21	68.62
14	-135.287	1.000		24.21
15	409.346	0.700	1.8042	24.66	46.50
16	43.950	3.000		24.66
17	FS	3.403		24.72
18	60.050	9.234	1.8061	31.9	33.27
19	-21.993	2.369	1.4875	31.9	70.44
20	143.555	6.600		31.9
21	-25.154	1.000	1.5182	31.0	58.96
22	-55.588	14.700		34.4
23	CG	2.500	1.5168	46.62	64.20
24	CG	1.000		46.62
[figure]
source	Data/JP2015-096915_Figure06P.png
ppmm	6.468
originX	331
originY	299
[notes]
Bill: Showing production lens construction
