[descriptive data]
title	JP 2011-048232 Example 3 (Panasonic Leica DG Macro-Elmarit 45mm F2.8 Asph Mega OIS)
[variable distances]
Focal Length	45.9	undefined	undefined
Angle of View	26.5	undefined	undefined
F-Number	2.89	4.32	5.75
Image Height	21.62	21.62	21.62
Total Length	undefined	undefined	undefined
Magnification	0	-0.5	-1
d0	Infinity	107.05	65.57
d5	1.7316	5.4823	9.2513
d10	9.0043	5.2277	1.4853
d15	10.5737	4.9689	1.0908
d22	2.0973	4.7756	8.3665
d24	7.06	10.0034	10.2794
Bf	15.01368	15.046	15.00427
Aperture Diameter	13.929	10.591	8.999
[lens data]
1	85.5932	1.5580	1.51680	20.58	64.2
2	-271.1205	0.1500		20.52	
3	23.5836	0.8000	1.92286	18.96	20.9
4	14.7741	4.4084	1.76930	17.62	49.3
5	-243.9386	d5		17.62	
6	Infinity	0.8000	1.91082	14.60	35.2
7	20.9675	1.4841		14.60	
8	-104.1415	0.8000	1.91082	13.82	35.2
9	14.7966	2.3547	1.94595	13.82	18.0
10	88.1331	d10		13.82	
11	100.0000	1.8084	1.72916	16.50	54.7
12	-100.0000	0.5000		16.50	
13	FS	1.3000		14.54	
14	AS	1.3000		13.929
15	FS	d15		14.32
16	48.4208	3.2992	1.77250	17.58	49.6
17	-96.2229	0.1500		17.52	
18	65.9750	0.8000	1.84666	17.64	23.8
19	16.7138	4.2010	1.72916	17.64	54.7
20	-160.7718	0.1500		17.64	
21	49.8443	2.8849	1.49700	17.48	81.6
22	-113.8211	d22		17.48	
23	-75.7748	0.8000	1.48749	16.42	70.4
24	16.0766	d24		16.08	
25	-17.3499	0.7500	1.48749	17.70	70.4
26	34.9984	3.6264	1.83481	19.60	42.7
27	-40.5544	Bf		20.04	
[aspherical data]
5	-243.9386	0	9.64948E-06	-3.28988E-08	3.85170E-10	-2.58623E-12
[figure]
source	Data/JP2011-048232_Figure07aP.png
originX	26.55
originY	178.55
ppmm	5.358
[notes]
Bill: Magnification measured.
