[descriptive data]
title	JP 2014-048480 Example 2 (Sigma 17-70mm F2.8-4 DC Macro OS HSM C)
[constants]
[variable distances]
Focal Length	17.60	34.47	67.50	undefined	undefined	undefined
Angle of View	79.74	44.06	23.32	undefined	undefined	undefined
F-Number	2.90	3.44	4.13	undefined	undefined	undefined
Image Height	28.40	28.40	28.40	28.40	28.40	28.40
Total Length	123.90	140.67	164.37	123.90	140.67	164.37
Magnification	0	0	0	-0.13477	-0.22778	-0.35322
d0	Infinity	Infinity	Infinity	96.0996	79.3256	55.6302
d5	3.7000	19.5500	34.6040	1.5854	16.4418	29.7569
d14	16.3260	7.2500	1.7730	18.4406	10.3582	6.6201
d15	1.7000	1.5500	1.4000	1.7000	1.5500	1.4000
d24	6.7020	2.4000	0.7000	6.7020	2.4000	0.7000
Bf	38.4984	52.9504	68.9188	38.4984	52.9504	68.9188
[lens data]
1	143.917	1.600	1.846664	59.68	23.78
2	63.857	5.891	1.729160	57.78	54.67
3	290.912	0.150		57.78	
4	54.663	5.059	1.772500	49.86	49.62
5	160.500	d5		47.94	
6	75.944	0.130	1.518400	27.93	52.10
7	54.327	1.000	1.883000	27.93	40.80
8	12.798	6.237		19.54	
9	-31.651	0.900	1.883000	19.54	40.80
10	58.954	0.376		20.90	
11	31.099	5.627	1.846664	20.22	23.78
12	-29.218	0.786		20.22	
13	-19.102	0.900	1.713000	16.96	53.94
14	-180.466	d14		18.86	
15	AS	d15		14.621
16	50.206	3.482	1.723417	17.64	37.99
17	-31.528	0.150		17.64	
18	26.464	4.694	1.437001	17.76	95.10
19	-22.613	0.800	2.001003	17.76	29.13
20	71.056	2.175		17.76	
21	-60.500	0.900	1.592014	17.76	67.02
22	348.346	1.142		17.76	
23	38.728	1.956	1.784719	19.00	25.72
24	170.279	d24		19.00	
25	42.597	2.352	1.592014	20.78	67.02
26	-150.000	0.978		20.78	
27	-40.609	2.428	1.437001	19.40	95.10
28	-22.232	0.150		21.46	
29	175.750	1.000	2.001003	22.14	29.13
30	35.790	2.379		22.14	
31	-376.888	3.732	1.592824	23.10	68.62
32	-25.726	Bf		23.10	
[aspherical data]
6	75.944	0	1.69730E-05	-9.83830E-09	-1.16520E-10	9.08050E-13
21	-60.500	0	3.36070E-06	2.45880E-08	-3.30620E-10	
25	42.597	0	-1.22070E-05	-1.04930E-07	-9.92850E-10	-7.18780E-13
26	-150.000	0	2.54590E-05	-1.18990E-07	-1.14950E-09	
[figure]
source	Data/JP2014-048480_Figure11P.png
originX	9.50
originY	59.46
ppmm	1.931
[notes]
Bill: Magnification measured.
