[descriptive data]
title	JP 2021-092636 Example 1 (Sigma 100-400mm F5-6.3 DG DN OS C)
[constants]
[variable distances]
Focal Length	103.00	200.08	387.40
F-Number	5.15	5.90	6.50
Angle of View	23.31	11.93	6.15
Image Height	43.26	43.26	43.26
Total Length	212.15	255.54	289.15
Magnification	0	0	0
d0	Infinity	Infinity	Infinity
d5	3.3680	46.7644	80.3695
d10	5.5000	10.4000	10.4400
d15	27.0319	15.3115	3.5000
d20	18.4761	8.1967	2.1579
d30	9.4339	17.9858	35.4047
d32	18.4981	14.9456	3.5000
d37	16.1889	28.2895	40.1247
Bf	33.1482	33.1482	33.1482
[lens data]
1	269.0618	2.0000	1.80420	66.20	46.50
2	100.3485	7.3530	1.49700	63.92	81.61
3	-1000.0000	0.1500		63.92
4	103.6699	6.9042	1.43700	62.02	95.10
5	-1000.0000	d5		62.02
6	67.2136	3.6188	1.72047	41.99	34.71
7	283.3122	8.9336		41.99
8	117.0912	2.2287	1.56732	28.76	42.84
9	-537.1145	0.9000	1.91082	28.76	35.25
10	55.8686	d10		26.32	
11	999.7824	0.9000	1.77250	24.79	49.62
12	58.5400	2.8984		24.33
13	-47.3445	0.9000	1.72916	24.33	54.67
14	70.3633	3.5000	1.84666	25.67	23.78
15	-536.3692	d15		25.67
16	251.0393	2.5660	1.69680	27.26	55.46
17	-94.2157	0.1500		27.26
18	70.2602	4.7971	1.58144	27.30	40.89
19	-47.7850	0.9000	2.05090	27.30	26.94
20	-286.8401	d20		29.81
21	30.1802	3.3204	1.69895	26.63	30.05
22	76.6145	0.5808		26.63
23	45.2280	0.9000	1.90043	26.40	37.37
24	21.3401	3.6409	1.59410	24.51	60.47
25	44.8198	1.4528		24.51
26	65.3065	0.9000	2.00100	25.66	29.13
27	34.0953	2.1662		24.28
28	1000.0000	2.5378	1.59282	24.28	68.63
29	-61.7873	2.3750		24.68
30	AS	d30		20.874
31	46.0464	2.7485	1.59349	24.00	67.00
32	-1000.0000	d32		24.00
33	142.6963	0.9000	2.00100	25.61	29.13
34	36.9292	3.2506		23.21
35	-50.0947	0.9000	1.55032	23.21	75.50
36	44.1698	5.1303	1.78880	27.28	28.43
37	-57.9789	d37		27.28
38	-40.1895	1.0000	2.05090	29.00	26.94
39	-59.1319	Bf		31.45
[figure]
source	Data/JP2021-092636_Figure01P.png
originX	14.54
originY	99.51
ppmm	2.419
[notes]
