[descriptive data]
title	JP 2007-133138 Example 2 (Tamron SP AF 17-50mm F2.8 XR Di II LD Aspherical [IF] A16 A16N II)
[constants]
[variable distances]
Focal Length	17.4	30.0	48.5
Angle of View	81.1	50.6	32.6
F-Number	2.88	2.88	2.88
Image Height	29.0	29.0	29.0
Magnification	0	0	0
d0	Infinity	Infinity	Infinity
d5	2.4784	15.2707	26.0258
d15	13.9316	5.7911	0.9983
d22	6.5792	3.1677	1.5168
Bf(p)	39.9110	51.2280	62.0510
Bf	39.47	50.31	60.40
Aperture Diameter	14.178	16.031	18.188
[lens data]
1	300.0000	1.5	1.84666	56.56	23.78
2	75.5087	6.7	1.72000	54.08	50.25
3	-1190.5533	0.2		54.08
4	48.6842	5.2	1.77250	47.58	49.60
5	124.0755	d5		46.26
6	127.2051	0.2	1.51460	29.13	49.96
7	45.6892	1.2	1.77250	29.13	49.60
8	12.6216	5.72		19.17
9	-42.7430	1.0	1.83481	20.41	42.72
10	36.1713	0.5		16.60
11	26.9035	4.1	1.71736	17.93	29.51
12	-37.7064	1.3		17.93
13	-17.1517	1.0	1.77250	17.08	4.00
14	62.6889	3.0	1.75520	18.97	27.51
15	-40.4276	d15		18.97
16	AS	1.0		14.178
17	39.5998	5.0	1.48749	22.08	70.21
18	-31.5622	0.4		22.08
19	27.1476	3.5	1.48749	22.06	70.21
20	110.8097	2.3		21.79
21	-34.6461	1.0	1.83400	21.79	37.17
22	-583.3650	d22		22.76
23	-155.8357	0.2	1.51460	22.40	49.96
24	-155.8357	3.0	1.48749	22.40	70.21
25	-41.8055	2.6		23.81
26	-88.3422	3.3	1.48749	22.04	70.21
27	-26.9845	0.2		23.56
28	-80.6962	1.2	1.83400	23.19	37.17
29	37.5662	5.6	1.49700	24.42	81.61
30	-35.3157	0.2		24.42
31	-85.6592	3.6	1.48749	25.44	70.21
32	-27.4281	Bf		25.44	
[aspherical data]
6	127.2051	0	2.90197E-05	-4.65112E-08	-1.58866E-11	6.56635E-13
23	-155.8357	0	-3.95596E-05	2.05532E-08	-1.48358E-10	3.67409E-13
[figure]
source	Data/JP2007-133138_Figure05wP.png
originX	32.51
originY	233.98
ppmm	5.753
[notes]
