[descriptive data]
title	JP 2018-087903 Example 1 (Leica Super-Vario-Elmar-SL 16-35mm f/3.5-4.5 Asph)
[constants]
[variable distances]
Focal Length	16.4	23.7	34.2	undefined	undefined	undefined
Angle of View	105.660	84.770	64.624	undefined	undefined	undefined
F-Number	3.55	4.10	4.60	undefined	undefined	undefined
Image Height	43.260	43.260	43.260	43.260	43.260	43.260
Total Length	147.938	142.212	144.659	147.938	142.212	144.659
Magnification	0	0	0	-0.09654	-0.19305	-0.37548
d0	Infinity	Infinity	Infinity	140.74	92.15	59.83
d9	24.477	12.027	4.313	26.783	14.553	7.123
d18	4.056	2.141	0.500	5.750	5.530	5.246
d26	0.500	2.415	4.056	0.500	2.415	4.056
d31	16.500	23.224	33.386	16.500	23.224	33.386
Bf	0.500	0.500	0.500	0.500	0.500	0.500
P	22.04	20.71	19.66	undefined	undefined	undefined
Aperture Diameter	16.233	17.155	19.646	16.233	17.155	19.646
[lens data]
1	50.203	3.000	1.83481	47.40	42.72
2	21.258	8.955		35.60	
3	102.763	2.500	1.58313	34.74	59.39
4	18.724	6.128		29.58	
5	93.020	5.786	1.64769	29.06	33.84
6	-41.528	2.000	1.72916	28.00	54.67
7	29.574	2.577		25.64	
8	32.375	4.084	1.74077	26.00	27.76
9	296.302	d9		26.00	
10	-530.796	2.766	1.48749	17.84	70.44
11	-25.532	1.000	1.77250	17.84	49.62
12	-37.316	8.055		18.12	
13	AS	2.000		16.233
14	25.829	6.719	1.48749	20.46	70.44
15	-66.195	5.900		20.46	
16	-29.265	2.417	1.76182	18.18	26.61
17	-19.123	1.013	1.91082	18.18	35.25
18	-540.532	d18		18.74	
19	42.882	6.247	1.58313	19.76	59.39
20	-25.767	0.150		19.76	
21	40.485	9.026	1.48749	18.56	70.44
22	-13.164	1.035	1.91082	18.56	35.25
23	-17.975	0.150		19.32	
24	-42.442	1.007	1.91082	18.44	35.25
25	17.617	6.060	1.51680	18.44	64.20
26	-41.908	d26		19.22	
27	-171.418	6.994	1.92286	19.86	20.88
28	-13.295	1.500	1.91082	19.86	35.25
29	-42.004	1.937		20.42	
30	-20.443	1.500	1.91082	20.50	35.25
31	Infinity	d31		22.76
32	CG	1.400	1.51680	43.10	64.20
33	CG	0.500		43.10	
[aspherical data]
3	102.763	0	9.35436E-06	-2.36867E-08	-3.81596E-11	1.25911E-13
4	18.724	0	-1.01736E-05	-2.73739E-08	-3.93424E-10	5.42735E-13
19	42.882	0	-4.72963E-06	-2.06187E-08	8.70833E-10	-7.66952E-12
20	-25.767	0	2.08902E-05	-2.67501E-08	1.02156E-09	-8.04252E-12
[figure]
source	Data/JP2018-087903_Figure01WP.png
originX	15.47
originY	292.53
ppmm	8.102
[notes]
Bill: Magnification and d0 measured. P from Leica specifications adjusted for 20mm FFD.
