[descriptive data]
title	JP 2017-161685 Example 2 (Nikon PC Nikkor 19mm f/4E ED)
[constants]
[variable distances]
Focal Length	19.23	undefined
Angle of View	119.5	undefined
F-Number	4.08	undefined
Image Height	66	66
Total Length	168.21	undefined
Magnification	0	-0.181
d0	Infinity	81.14
d16	7.57	3.27
Bf	56.31	60.25
Aperture Diameter	14.821	14.821
[lens data]
1	44.039	3.50	1.69680	69.94	55.46
2	30.147	6.98		55.76
3	34.645	3.00	1.69680	53.92	55.46
4	22.911	6.89		42.42
5	34.907	3.00	1.58313	41.08	59.39
6	13.254	10.46		33.78	
7	291.480	2.06	1.49700	33.78	81.61
8	20.926	4.63		27.40	
9	51.380	9.61	1.64769	24.04	33.84
10	-15.152	4.78	1.90366	24.04	31.32
11	47.368	0.31		21.98	
12	30.048	5.01	1.83481	21.98	42.72
13	18.445	6.70	1.65412	19.36	39.68
14	-26.845	1.65		19.36
15	27.939	2.28	1.64769	17.45	33.84
16	55.656	d16		17.45
17	AS	2.32		14.821
18	46.035	3.05	1.59270	17.25	35.44
19	-31.562	1.08		17.25
20	-24.831	1.20	1.77250	15.92	49.62
21	15.632	4.52	1.51742	15.64	52.15
22	-28.255	1.00	1.91082	15.64	35.25
23	391.826	0.15		17.95	
24	32.624	5.81	1.49700	19.99	81.61
25	-24.284	0.15		19.99
26	157.642	1.20	1.83481	23.93	42.72
27	18.663	11.00	1.49700	23.93	81.61
28	-24.809	0.15		24.30
29	-33.893	0.19	1.51380	27.72	52.97
30	-31.586	1.65	1.58913	27.72	61.25
31	-38.587	Bf		28.75
[aspherical data]
5	34.907	0.55703	2.3459E-05	-8.2331E-08	7.1471E-11	2.0585E-13	-4.2826E-16	2.1015E-19
6	13.254	-0.46979	8.8203E-06	-2.3351E-08	-1.3576E-09	3.1243E-12	5.8853E-15	-3.2358E-17
29	-33.893	0	-5.8992E-06	1.9161E-08	-9.0573E-11	5.3393E-13		
[figure]
source	Data/JP2017-161685_Figure02P.png
originX	40
originY	407.5
ppmm	8.939
[notes]
