[descriptive data]
title	JP2010-237453 Example 1 (Canon EF-S18-135mm f3.5-5.6 IS)
[constants]
AsphericalA2
[variable distances]
Focal Length	18.6	50.0	130.5
Angle of View	72.6	30.6	12.0
F-Number	3.60	4.95	5.88
Image Height	27.32	27.32	27.32
Total Length	142.57	165.59	184.01
Magnification	0	0	0
d0	Infinity	Infinity	Infinity
d5	2.12	22.82	41.54
d13	22.99	10.91	3.60
d19	2.99	6.22	8.15
d24	6.22	2.98	1.06
Bf	39.36	53.77	60.76
[lens data]
1	137.85314	1.85	1.80610	52.32	33.3
2	45.49106	9.54	1.48749	47.56	70.2
3	-278.40417	0.15		46.30	
4	44.21072	6.09	1.60311	41.90	60.6
5	369.72683	d5		41.08	
6	157.06792	1.20	1.83481	24.59	42.7
7	13.80061	5.07		19.03	
8	-47.26471	0.90	1.83400	18.79	7.2
9	32.21175	0.15		18.17	
10	22.43539	6.99	1.80518	18.27	25.4
11	-22.43539	0.35		17.21	
12	-19.68091	0.85	1.77250	16.79	49.6
13	167.22050	d13		16.01	
14	AS	0.58		13.60	
15	57.22294	2.94	1.60311	13.89	60.6
16	-40.87741	0.15		14.05	
17	29.75811	4.47	1.48749	13.94	70.2
18	-16.56475	1.00	1.78472	13.49	25.7
19	-29.12838	d19		13.54	
20	-37.98402	2.16	1.80518	12.06	25.4
21	-13.84352	0.80	1.70154	12.24	41.2
22	86.02972	2.74		12.67	
23	-22.89116	1.10	1.80400	13.30	46.6
24	-355.64642	d24		14.29	
25	70.73892	5.90	1.49700	19.96	81.5
26	-21.09373	2.10		21.07	
27	88.80551	9.81	1.58313	21.90	59.5
28	-14.57736	2.00	1.83400	21.92	37.3
29	-45.07309	Bf		23.50	
[aspherical data]
27	88.80551	0	-3.813850E-06	-1.050909E-08	2.330630E-10	-1.913053E-13
[figure]
source	Data/JP2010-237453_Figure01P.png
originX	39.57
originY	126.49
ppmm	2.810
[notes]
Bill: Example 3 is nearly identical. Patent supplies all diameters.
