[descriptive data]
title	JP 2021-047297 Example 1 (Canon RF100mm F2.8 L Macro IS USM)
[constants]
[variable distances]
Focal Length	100.81	65.87	36.01
Angle of View(c)	24	36	62
Angle of View	24	undefined	undefined
F-Number	2.92	4.49	6.64
Image Height	43.28	43.28	43.28
Total Length	162.37	162.37	162.37
Magnification	0	-0.5	-1.4
d0	Infinity	212.80	92.29
d15	3.10	11.72	27.41
d20	27.41	18.80	3.10
d25	4.17	11.48	29.50
d29	26.63	19.32	1.30
Bf	14.66	14.66	14.66
P	26.15	26.15	26.15
P'	-62.35	-58.74	-48.27
H	-5.01	-15.20	-29.44
H'	-86.15	-84.14	-70.25
Aperture Diameter	30.81	23.772	22.325
[lens data]
1	-94.260	1.74	1.83481	36.59	42.7
2	40.575	7.43	1.76182	36.24	26.5
3	-137.454	0.20		36.24	
4	124.812	2.98	1.83481	36.75	42.7
5	-698.851	0.20		36.70	
6	57.156	6.60	1.48749	36.33	70.2
7	-88.275	0.69		35.80	
8	-105.533	1.65	1.84666	35.08	23.8
9	51.436	2.28		33.95	
10	74.803	1.62	2.00100	36.00	29.1
11	39.852	6.53	1.77250	36.00	49.6
12	-185.173	0.53		36.00	
13	56.560	4.30	1.72916	33.30	54.7
14	-409.038	2.55		32.79	
15	AS	d15		30.81	
16	312.322	1.37	1.73400	28.43	51.5
17	39.579	3.71		26.98	
18	-83.866	1.23	1.77250	26.92	49.6
19	44.224	2.95	1.94595	27.02	18.0
20	176.627	d20		26.97	
21	Infinity	4.00	1.76385	31.10	48.5
22	-44.068	0.20		31.10	
23	96.460	6.22	1.72916	29.13	54.7
24	-37.249	1.37	2.00069	28.92	25.5
25	-102.953	d25		29.04	
26	-51.432	1.21	1.83481	28.34	42.7
27	224.397	19.35		28.86	
28	-76.056	3.76	1.67270	35.21	32.1
29	-37.684	d29		35.76	
30	-53.234	1.73	1.58913	35.63	61.1
31	291.242	Bf		37.01	
[figure]
source	Data/JP2021-047297_Figure01AP.png
originX	21.55
originY	110.51
ppmm	2.478
[notes]
Bill: Patent diameters. d0 measured. Angle of View from charts does not make sense except at Infinity.
