[descriptive data]
title	JP 2018-013685 Example 1 (Canon EF16-35mm f2.8L III USM)
[constants]
[variable distances]
Focal Length	16.48	24.01	33.95
Angle of View	105.40	84.04	65.02
F-Number	2.91	2.91	2.91
Image Height	43.28	43.28	43.28
Total Length	169.81	164.72	166.09
Magnification	0	0	0
d0	Infinity	Infinity	Infinity
d8	28.49	11.23	0.84
d14	4.84	9.40	4.91
d17	2.20	7.34	11.77
d24	9.71	2.38	-0.42
Bf	38.21	48.01	62.63
ea9	23.11	25.84	27.85
ea24	16.39	19.77	25.46
P	19.19	19.68	19.57
P'	-65.13	-37.90	-31.02
H	33.04	36.98	41.22
H'	21.73	24.00	28.68
Aperture Diameter	17.572	20.254	24.83	24.790(m)
[lens data]
1	Infinity	2.80	1.76385	55.22	48.5
2	19.710	10.06		41.37	
3	Infinity	2.50	1.85135	39.75	40.1
4	88.425	8.02		33.18	
5	-36.469	1.40	1.59282	32.90	68.6
6	175.507	0.15		34.08	
7	72.176	5.58	1.90366	34.70	31.3
8	-95.327	d8		34.66	
9	FS	1.41		27.85	
10	99.317	2.66	1.80610	28.75	33.3
11	-213.620	0.15		28.93	
12	51.098	1.25	1.84666	29.43	23.8
13	23.542	6.87	1.57501	28.71	41.5
14	261.531	d14		28.83	
15	61.498	1.25	1.84666	29.48	23.8
16	38.482	7.24	1.51633	29.13	64.1
17	-53.624	d17		29.12	
18	AS	2.97		17.572
19	-55.358	1.00	1.91082	24.32	35.3
20	86.924	1.04		24.50	
21	42.754	6.56	1.80810	25.29	22.8
22	-32.152	1.10	1.91082	25.13	35.3
23	91.214	3.03		25.01	
24	FS	d24		25.46	
25	34.148	10.35	1.49700	25.89	81.5
26	-20.776	1.20	1.83481	25.53	42.7
27	-28.692	0.15		26.62	
28	116.832	1.00	1.90366	26.70	31.3
29	26.396	6.61	1.49700	26.70	81.5
30	-130.257	Bf		27.47	
[aspherical data]
1	Infinity	0	1.16240E-05	-1.43464E-08	1.53911E-11	-1.16093E-14	2.35255E-17	-3.41512E-20	1.86334E-23
2	19.710	-1.28966	-3.76697E-06	4.56307E-10	2.74463E-11	-7.02319E-13	1.59446E-15	6.04845E-20	-1.73466E-21
3	Infinity	0	-3.64999E-05	1.12188E-07	-1.13740E-10	2.82141E-14	2.48495E-16	-1.09572E-18	1.18199E-21
4	88.425	8.77138	-1.55214E-05	1.36095E-07	-5.52082E-11	4.85385E-14	3.55622E-16	2.96869E-18	-1.20548E-20
28	116.832	0	-9.11671E-06	1.48788E-08	-3.28894E-10	2.34614E-12	-8.13846E-15	6.92483E-18	1.77415E-20
[figure]
source	Data/JP2018-013685_Figure01P.png
originX	43.58
originY	124.49
ppmm	2.393
[notes]
Bill: Patent diameters. Patent AD telephoto only.
