[descriptive data]
title	JP 2010-243737 Example 4 (Sigma 10-20mm F3.5 EX DC HSM)
[constants]
[variable distances]
Focal Length	10.355	14.992	19.299
Angle of View	109.838	87.042	72.167
F-Number	3.611	3.631	3.597
Image Height	28.8	28.8	28.8
Magnification	0	0	0
d0	Infinity	Infinity	Infinity
d9	22.533	11.158	5.532
d15	1.503	7.887	11.886
d18	8.764	5.275	2.081
Bf	38.240	43.030	48.881
Aperture Diameter	10.508	12.102	13.814
[lens data]
1	1000.000	3.2	1.691	50.79	53.052
2	19.695	7.082		35.41
3	36.208	2	1.769	34.70	49.428
4	23.174	13.713		28.72	
5	159.625	0.2	1.518	24.62	52.095
6	119.912	1	1.804	24.62	46.502
7	24.341	1.085		22.89
8	25.000	4.383	1.699	22.89	30.050
9	78.802	d9		22.89
10	AS	1.4		10.508
11	216.852	0.8	1.904	16.78	31.315
12	18.108	4.064	1.673	16.78	32.170
13	-57.736	0.15		16.78	
14	24.193	3.993	1.497	17.64	81.607
15	-54.246	d15		17.64	
16	-31.871	0.8	1.713	14.21	53.938
17	20.734	2.49	1.847	15.92	23.784
18	118.181	d18		15.92	
19	28.881	5.198	1.459	22.42	90.279
20	-45.877	0.15		22.42	
21	693.975	0.85	2.001	23.60	25.458
22	22.500	7.15	1.459	23.60	90.279
23	-30.000	0.15		23.60	
24	-633.057	0.15	1.518	24.80	52.095
25	-179.447	3.189	1.487	24.80	70.440
26	-39.737	Bf		25.68
[aspherical data]
1	1000.000	0	2.49887E-05	-4.74783E-08	6.41463E-11	-4.59522E-14	1.78245E-17
3	36.208	0	-9.63790E-06	-6.12555E-08	7.98925E-10	-3.11228E-12	3.72158E-15
5	159.625	0	5.01365E-06	1.09191E-08	1.66200E-10		
24	-633.057	0	-1.45660E-05	-3.28174E-08	6.64685E-11	-6.64679E-13	
[figure]
source	Data/JP2010-243737_Figure22P.png
originX	10.52
originY	61.95
ppmm	2.229
[notes]
