[descriptive data]
title	JP 2010-211056 Example 1 (Sigma 18-50mm F2.8-4.5 DC OS HSM)
[constants]
[variable distances]
Focal Length	18.60	27.99	48.32
Angle of View	76.78	52.93	32.26
F-Number	2.92	3.40	4.49
Image Height	28.8	28.8	28.8
Magnification	0	0	0
d0	Infinity	Infinity	Infinity
d5	7.5900	13.8003	7.9200
d10	24.8000	12.0848	4.3815
d18	1.7000	4.9104	8.8200
d24	7.6200	4.4096	0.5000
d32	0.0000	6.5048	20.0884
Bf(p)	undefined	undefined	undefined
Bf	38.53	38.53	38.53
[lens data]
1	89.70	1.6	1.7725	50.06	46.6249
2	31.45	0.15	1.5184	42.68	52.0743
3	28.10	7.81		42.68	
4	218.00	3.32	1.8466	40.83	23.7848
5	-218.00	d5		40.83
6	-319.60	1	1.7725	31.48	49.6243
7	99.14	2.04		29.00
8	-110.75	1	1.7292	29.00	54.6735
9	34.98	3.1	1.8466	28.01	23.7646
10	82.51	d10		28.01
11	-433.69	2.38	1.5876	18.87	61.0842
12	-42.20	0.05		18.87
13	FS	0.45		18.30
14	46.50	0.85	1.8466	18.92	23.7848
15	19.56	3.6	1.7725	17.11	46.6249
16	784.00	0.15		17.11
17	21.00	3.18	1.4970	18.10	81.6084
18	131.90	d18		18.10	
19	AS	2.3		13.095
20	-61.33	0.8	1.7725	13.63	49.6243
21	31.31	1.42		12.36
22	-24.54	0.8	1.7725	12.36	49.6243
23	24.54	2.53	1.8466	13.63	23.7848
24	-101.16	d24		13.63
25	32.70	4.65	1.4970	18.14	81.6084
26	-24.71	0.15		18.14	
27	-135.90	2.05	1.7725	18.93	49.6243
28	-38.67	0.85	1.8466	18.93	23.7848
29	Infinity	1.57		19.82
30	-1000.00	0.15	1.5184	20.16	52.0749
31	-135.40	2.86	1.4875	20.16	70.4412
32	-35.09	d32		23.23
33	FS	Bf		20.20
[aspherical data]
3	28.10	0.0985	-4.97750E-06	-9.52170E-09	1.35660E-11	-2.45900E-14
12	-42.20	-1.1922	-2.86790E-06	-2.04080E-09		
30	-1000.00	0	-3.29710E-05	-4.14220E-08	-2.81580E-10	3.63950E-18
[figure]
source	Data/JP2010-211056_Figure01P.png
originX	14.51
originY	61.77
ppmm	2.250
[notes]
