[descriptive data]
title	JP 2017-223778 Example 1 (Sigma 100-400mm F5-6.3 DG OS HSM C)
[constants]
[variable distances]
Focal Length	103.16	200.12	387.95
Angle of View	23.36	12.01	6.21
F-Number	5.15	5.92	6.50
Image Height	43.26	43.26	43.26
Total Length	221.6588	259.3522	281.5591
Magnification	0	0	0
d0	Infinity	Infinity	Infinity
d5	4.0000	41.6937	63.9000
d15	27.7000	21.1822	3.5000
d25	30.2000	17.4597	23.5100
d32	13.7500	6.5712	1.9773
Bf	52.6388	79.0754	95.3018
Aperture Diameter	21.313	21.282	21.282
[lens data]
1	316.50	2.00	1.83481	63.89	42.72
2	89.75	8.20	1.49700	61.45	81.61
3	-415.00	0.15		61.45
4	88.00	7.53	1.49700	60.89	81.61
5	-1000.00	d5		60.89
6	111.80	2.97	1.69895	43.07	30.05
7	750.00	13.41		43.07
8	340.00	2.35	1.54814	28.87	45.82
9	-119.00	0.90	1.83481	30.29	42.72
10	78.90	6.15		30.29
11	-340.00	1.00	1.72916	24.24	54.67
12	92.70	2.35		24.83	
13	-51.90	1.00	1.72916	24.83	54.67
14	51.90	2.55	1.85478	25.06	24.80
15	410.00	d15		25.06	
16	118.00	3.65	1.59349	26.88	67.00
17	-57.40	0.15		26.88	
18	60.90	2.85	1.59349	26.54	67.00
19	-505.50	0.86		25.66
20	-81.00	1.00	2.00100	25.66	29.13
21	-640.00	0.15		27.38
22	28.29	4.15	1.69895	25.18	30.05
23	50.30	1.00	2.00100	25.32	29.13
24	28.50	4.10		22.82	
25	AS	d25		21.313
26	-1000.00	2.15	1.71736	25.77	29.50
27	-73.05	0.15		25.77
28	65.00	4.25	1.65844	24.50	50.85
29	-44.30	1.00	1.95375	24.50	32.32
30	187.50	0.25		24.50	
31	57.70	2.85	1.55032	24.16	75.50
32	-292.50	d32		24.16	
33	77.95	1.00	1.95375	27.87	32.32
34	27.56	6.90		23.68	
35	-77.95	1.00	1.49700	22.20	81.61
36	29.93	5.35	1.73800	28.02	32.26
37	-292.50	Bf		28.02
[figure]
source	Data/JP2017-223778_Figure01P.png
originX	12.51
originY	98.37
ppmm	2.704
[notes]
