[descriptive data]
title	JP 2016-006455 Example 2 (Ricoh HD Pentax-DA 18-50mm F4.0-5.6 DC WR RE)
[constants]
[variable distances]
Focal Length	18.500	31.893	48.601	18.057	29.720	42.027
Angle of View	79.6	49.4	33.4	77.8	49.4	33.6
F-Number	3.98	4.60	5.74	3.99	4.61	5.76
Image Height	29.40	29.40	29.40	29.40	29.40	29.40
Total Length	122.00	114.42	119.70	122.00	114.42	119.70
Magnification	0	0	0	-0.093	-0.155	-0.242
S	Infinity	Infinity	Infinity	300	300	300
d0	Infinity	Infinity	Infinity	178.00	185.58	180.30
d2	12.109	12.109	12.109	8.003	8.162	8.052
d7	24.316	8.901	2.502	28.422	12.848	6.559
d12	2.200	9.540	15.481	2.200	9.540	15.481
d16	15.481	8.141	2.200	15.481	8.141	2.200
Bf	37.91	45.75	57.43	37.91	45.75	57.43
[lens data]
1	38.725	1.300	1.80400	33.80	46.6
2	18.092	d2		28.14	
3	-214.949	1.200	1.49700	26.38	81.6
4	21.137	0.200	1.52972	26.38	42.7
5	17.037	3.345		26.38	
6	32.376	2.740	1.80518	24.46	25.4
7	77.548	d7		24.46	
8	66.235	2.577	1.61800	16.16	63.4
9	-48.844	0.100		16.16	
10	25.020	3.560	1.48749	14.76	70.2
11	-29.288	1.000	1.84666	14.76	23.8
12	-82.658	d12		14.76	
13	AS	1.500		10.836
14	-63.274	1.995	1.80518	11.62	25.4
15	-16.891	1.000	1.78800	11.62	47.4
16	42.331	d16		11.62	
17	-730.056	2.944	1.61800	15.26	63.4
18	-22.680	0.100		15.26	
19	628.948	5.419	1.52249	17.36	59.8
20	-14.648	1.000	1.80000	17.36	29.9
21	-43.832	Bf		17.36	
[aspherical data]
5	17.037	0	-4.022E-05	-3.753E-08	-2.039E-10	-2.006E-13
[figure]
source	Data/JP2016-006455_Figure01P.png
originX	66.50
originY	126.44
ppmm	3.260
[notes]
Bill: d0 computed.
