[descriptive data]
title	JP 2022-138408 Example 1 (Sigma 18-50mm F2.8 DC DN C)
[constants]
[variable distances]
Focal Length	18.6	30.0	48.5	undefined	undefined	undefined
Angle of View	79.10	49.37	31.20	undefined	undefined	undefined
F-Number	2.92	2.92	2.92	undefined	undefined	undefined
Image Height	28.40	28.40	28.40	28.40	28.40	28.40
Total Length	91.81	98.00	114.15	undefined	undefined	undefined
Magnification	0	0	0	-0.02516	-0.02536	-0.02493
d0	Infinity	Infinity	Infinity	717.1933	1147.0029	1889.8534
d3	1.2000	9.3728	18.0097	1.2000	9.3728	18.0097
d10	12.5837	4.9338	1.7000	12.5837	4.9338	1.7000
d18	1.6500	3.7580	1.9555	1.9879	4.2407	2.4675
d20	8.7454	6.6374	8.4400	8.4075	6.1547	7.9279
d22	0.8117	6.4772	17.2206	0.8117	6.4772	17.2206
Bf	17.6476	17.6476	17.6476	17.6476	17.6476	17.6476
Aperture Diameter	12.103	13.563	16.295	12.103	13.563	16.295
[lens data]
1	42.8265	0.9000	1.94594	39.97	17.98
2	32.1120	6.7513	1.80420	37.53	46.50
3	236.8753	d3		36.95
4	118.7080	1.3585	1.80610	25.92	40.73
5	13.1547	5.3647		18.61
6	-29.9910	1.8181	1.61340	18.61	44.27
7	17.2312	4.1672	1.92119	17.19	23.96
8	-92.5541	2.4941		16.55
9	-16.4610	0.9000	1.87070	14.90	40.73
10	-25.2612	d10		17.15
11	AS	1.2000		12.103
12	20.0155	5.0910	1.77250	20.13	49.50
13	-53.1253	0.3000		20.13
14	541.6343	1.9439	1.77047	20.57	29.74
15	13.1960	3.5741	1.49700	18.41	81.61
16	28.3170	3.2611		17.48	
17	28.1911	5.0638	1.59271	19.53	66.97
18	-19.9913	d18		19.53
19	67.2826	0.9000	1.74330	16.57	49.22
20	22.0887	d20		15.80	
21	-256.5466	0.8000	1.62004	22.09	36.30
22	237.7732	d22		23.19
23	376.5427	3.2855	1.72916	29.00	54.67
24	-57.0348	Bf		29.00
[aspherical data]
4	118.7080	0	1.49512E-05	-8.38070E-08	1.22552E-09	-1.12664E-11	5.79424E-14	-1.17463E-16	
12	20.0155	0	-1.91316E-05	-1.95137E-08	8.53884E-10	-5.43404E-11	7.91011E-13	-4.65712E-15	
13	-53.1253	0	2.14700E-05	-4.77121E-08	5.31147E-09	-2.42226E-10	4.31649E-12	-3.63505E-14	1.09048E-16
17	28.1911	0	-2.43690E-05	3.11757E-08	6.23673E-09	-1.42166E-10	1.28926E-12	5.95585E-15	-8.51106E-17
18	-19.9913	0	1.91466E-05	1.34675E-08	-3.84774E-09	2.92881E-10	-7.35499E-12	8.89316E-14	-3.95053E-16
[figure]
source	Data/JP2022-138408_Figure01P.png
originX	410.59
originY	891.45
ppmm	34.165
[notes]
Bill: Magnfication measured unstated but appears to be -1/40.
