[descriptive data]
title	JP 2012-058682 Example 4 (Sigma Macro 105mm F2.8 EX DG OS HSM)
[constants]
[variable distances]
Focal Length	101.71	91.84	75.68
Angle of View	24.09	15.33	8.93
F-Number	2.91	4.38	5.83
Image Height	43.2	43.2	43.2
Magnification	0	-0.5	-1
d0	Infinity	228.10	144.29
d7	2.9138	10.4099	18.6188
d12	20.1047	12.6086	4.3997
d15	22.7964	12.4801	3.3614
d20	5.4077	15.7240	24.8427
Bf(p)	53.3000	53.3001	53.3001
Bf	53.3001	53.3001	53.3001
Aperture Diameter	30.017	21.993	18.679
[lens data]
1	129.0850	4.5536	1.80420	44.60	46.50
2	-168.4560	0.7593		44.60	
3	60.1581	6.7285	1.49700	38.74	81.61
4	-82.4177	1.2000	1.76182	38.74	26.61
5	107.3900	0.1500		31.66	
6	49.2292	3.5517	1.59282	32.72	68.62
7	260.5460	d7		32.72
8	-359.5780	0.9500	1.60342	32.72	38.01
9	26.4941	4.9881		27.38
10	-80.7403	1.0000	1.51680	27.38	64.20
11	29.3575	3.9702	1.84666	29.14	23.78
12	86.6184	d12		27.90	
13	AS	2.3500		30.017
14	249.8780	2.9386	1.80518	32.28	25.46
15	-161.2120	d15		32.28	
16	570.8840	3.0684	1.80420	30.42	46.50
17	-76.7882	0.1500		30.42	
18	75.4847	5.7703	1.72916	29.54	54.67
19	-38.7023	1.0000	1.76182	29.54	26.61
20	218.3240	d20		29.54	
21	-399.5920	3.3872	1.80518	27.36	25.46
22	-41.4772	0.9500	1.77250	27.36	49.62
23	41.4772	4.3666		26.48	
24	-78.7902	1.2000	1.80610	27.88	33.27
25	42.8746	5.6999	1.72916	31.46	54.67
26	-93.6099	0.1500		31.46	
27	53.7454	4.6951	1.58913	34.52	61.25
28	-449.7860	Bf		34.52	
[figure]
source	Data/JP2012-058682_Figure31P.png
originX	6.50
originY	66.03
ppmm	2.601
[notes]
Bill: d0 measured. Bf held constant.
