[descriptive data]
title	JP 2006-201524 Example 1 (Olympus Zuiko Digital ED 90-250mm F2.8)
[constants]
[variable distances]
Focal Length	90.95	150.52	248.91	undefined	undefined	undefined
Angle of View	14.0	8.2	5.0	undefined	undefined	undefined
F-Number	2.86	2.86	2.86	undefined	undefined	undefined
Image Height	21.63	21.63	21.63	21.63	21.63	21.63
Magnification	0	0	0	-0.03796	-0.05736	-0.08303
d0	Infinity	Infinity	Infinity	2196.0763	2196.1327	2196.1142
d6	19.6268	53.7367	75.4497	19.6268	53.7367	75.4497
d14	45.2255	31.2025	6.3585	49.0058	40.2551	27.9014
d17	43.8896	23.8027	26.9324	40.1093	14.7501	5.3895
Bf	42.72	42.66	42.68	42.72	42.66	42.68
[lens data]
1	303.0303	3.6000	1.80518	92.60	25.4
2	158.2278	0.4000		91.80	
3	165.3294	12.9075	1.49700	91.80	79.3
4	-342.6515	0.5000		91.80	
5	114.4800	10.6099	1.49700	88.88	79.3
6	514.0033	d6		87.80	
7	126.5572	7.2777	1.80518	48.60	25.5
8	-97.3517	4.0000	1.58144	48.60	40.9
9	97.3517	2.7247		45.94	
10	-1000.0000	2.0000	1.83481	45.94	42.7
11	44.1278	4.6360	1.80518	41.68	25.5
12	91.7111	4.6949		41.68	
13	-64.7005	1.8000	1.80610	39.28	40.7
14	250.5384	d14		39.28	
15	185.7807	8.7278	1.48749	45.14	70.4
16	-42.2040	1.9164	1.80610	45.14	40.7
17	-66.1154	d17		45.14	
18	125.3059	5.6671	1.69680	44.84	55.5
19	-125.3059	0.3614		44.84	
20	39.3540	7.7928	1.49700	41.42	81.6
21	-555.6497	1.8647	1.80610	41.42	33.3
22	75.6659	7.2000		40.40	
23	AS	10.9938		32.292
24	-185.2456	3.0000	1.77250	28.44	49.6
25	142.4966	14.2983		28.44	
26	67.5773	6.1449	1.84666	26.40	23.8
27	-27.8177	3.6728	1.80518	26.40	25.5
28	27.8177	19.7241		24.18	
29	49.0535	5.6750	1.70154	31.86	41.1
30	-250.0000	Bf		31.86	
[figure]
source	Data/JP2006-201524_Figure01P.png
originX	23.53
originY	67.53
ppmm	0.985
[notes]
Bill: Measured Magnification.
