[descriptive data]
title	JP 2016-139087 Example 2 (Sigma 14mm F4 (dp0 Quattro))
[constants]
[variable distances]
Focal Length	13.97	13.28
Angle of View	90.90	92.68
F-Number	4.13	4.13
Image Height	28.40	28.40
Total Length	82.60	82.60
Magnification	0	-0.10447
S	Infinity	200
d0	Infinity	117.40
d4	16.7970	12.9201
d6	4.4772	8.3541
Bf	17.6874	17.6874
[lens data]
1	23.0837	2.0000	1.58313	32.18	59.46
2	9.0102	3.1875		21.73
3	16.1661	1.2000	1.49700	23.38	81.60
4	10.5125	d4		18.11
5	-200.0000	1.0000	1.43700	14.82	95.10
6	77.0673	d6		14.82	
7	AS	2.6974		8.156
8	33.1050	0.8000	1.59282	10.48	68.62
9	9.9000	3.5521	1.51680	10.48	64.19
10	-29.6381	3.3000		10.76	
11	FS	1.4753		9.26
12	18.5751	3.1373	1.43700	13.22	95.10
13	202.4366	3.3777		13.22	
14	68.6065	1.4048	1.83481	15.66	42.72
15	18.8114	4.7258	1.43700	15.66	95.10
16	-18.8114	2.6357		15.66	
17	40.1618	4.7212	1.43700	17.00	95.10
18	-15.6140	0.7500	1.88300	17.00	40.80
19	-62.2753	2.5693		17.00	
20	-27.7936	1.1000	1.80610	17.90	40.73
21	-47.8074	Bf		19.78	
[aspherical data]
1	23.0837	0	-3.96887E-05	2.94290E-08	-5.15347E-11	
2	9.0102	-1	3.35668E-05	-1.00793E-07	-1.13985E-09	
21	-47.8074	0	4.27783E-05	8.80624E-08	3.92712E-10	2.22145E-12
[figure]
source	Data/JP2016-139087_Figure06P.png
originX	21.51
originY	62.52
ppmm	3.711
[notes]
Bill: Magnfication measured.
