[descriptive data]
title	JP 2008-151949 Example 2 (Nikon PC-E Nikkor 24mm f/3.5D ED)
[constants]
[variable distances]
Focal Length	24.64209	undefined	undefined
Angle of View	101	undefined	undefined
F-Number	3.6	undefined	undefined
Image Height	58	58	58
Magnification	0	-0.03333	-0.1
d0	Infinity	725.94	233.20
d18	11.681	10.857	9.213
Bf	56.500	57.324	58.968
[lens data]
1	51.3085	2.3000	1.80400	51.08	46.58
2	23.3997	0.2000	1.55389	38.46	38.09
3	17.9290	5.7000		38.46
4	35.3343	1.9000	1.80100	42.58	34.96
5	19.4911	6.0000		32.15
6	45.0079	1.4000	1.58313	35.62	59.38
7	28.3075	0.1000	1.55389	33.34	38.09
8	26.4860	7.3000		33.34	
9	50.5648	7.5000	1.58144	30.45	40.75
10	-36.7513	0.9000		30.45
11	-35.7288	1.5500	1.49700	26.92	81.61
12	30.3482	0.7500		24.20	
13	41.6778	9.0000	1.54814	25.71	45.79
14	-25.7030	1.2000	1.80610	25.71	40.94
15	-564.5828	0.2000		22.42	
16	49.3653	1.5000	1.80400	21.51	46.58
17	26.3180	10.0000	1.54814	21.51	45.79
18	-31.7447	d18		21.51
19	AS	6.5426		18.896
20	34.7596	9.3000	1.49700	21.38	81.61
21	-34.7596	0.2500		21.38
22	-54.5882	1.2000	1.83400	22.82	37.17
23	26.7220	5.4000	1.49700	23.78	81.61
24	-70.0880	0.8000		23.78	
25	-84.7454	3.3000	1.51633	24.58	64.14
26	-40.1302	Bf		25.52	
[aspherical data]
3	17.9290	-1	-4.1351E-07	-6.5414E-09	4.3437E-11	-1.5271E-13	2.2759E-16
8	26.4860	-1	1.1134E-05	-1.4590E-08	1.2945E-11	2.4108E-14	-9.7211E-16
26	-40.1302	0	9.3165E-06	1.9770E-08	-4.0934E-11	1.6059E-13	
[figure]
source	Data/JP2008-151949_Figure03P.png
originX	5.38
originY	76.16
ppmm	1.606
[notes]
Bill: Measured d0
