[descriptive data]
title	JP2016-090725 Example 9 (Leica APO-Macro-Elmarit-TL 60mm F2.8)
[constants]
[variable distances]
Focal Length	59.979	30.258
Angle of View	26.638	20.176
F-Number	2.900	4.148
Image Height	28.400	28.400
Total Length	96.454	96.454
Magnification	0	-1.0
d0	Infinity	67.497
d7	23.096	3.050
d13	2.561	22.608
Bf	0	0
Aperture Diameter	19.193	18.078
[lens data]
1	123.775	3.380	1.84666	22.23	23.78
2	-469.026	2.899		22.23
3	-103.089	3.722	1.58313	20.58	59.38
4	-38.467	1.473		20.58
5	-38.636	2.000	1.68893	19.83	31.16
6	1787.871	1.526		19.83
7	AS	d7		19.193
8	27.241	5.400	1.43700	19.90	95.10
9	-29.604	2.951		19.90
10	-19.493	0.900	1.80610	18.39	33.27
11	-45.546	5.194		18.91
12	-502.215	4.400	1.58313	19.56	59.38
13	-20.577	d13		20.26	
14	-814.440	3.066	1.91082	19.43	35.25
15	-31.270	1.010	1.51742	19.18	52.15
16	19.473	12.475		17.82
17	-15.039	0.900	1.56883	18.56	56.04
18	-95.771	0.300		20.70
19	38.336	4.047	1.72916	23.27	54.67
20	-721.431	13.369		23.66
21	CG	1.500	1.52249	31.30	59.48
22	CG	0.800		31.30	
[aspherical data]
3	-103.089	0	5.4249E-06	6.0883E-09	-6.9548E-12	
4	-38.467	0	6.7595E-06			
12	-502.215	0	-1.8527E-05	-1.5091E-07	1.2319E-09	-5.6523E-12
13	-20.577	0	4.5088E-06	-1.3825E-07	1.1438E-09	-5.2275E-12
[figure]
source	Data/JP2016-090725_Figure09P.png
originX	11.49
originY	257.49
ppmm	12.249
[notes]
