[descriptive data]
title	JP 2021-043375 Example 1 (Tamron 70-180mm F/2.8 Di III VXD)
[constants]
[variable distances]
Focal Length	72.102	101.789	174.600	undefined	undefined	undefined
Angle of View	34.006	23.622	13.440	undefined	undefined	undefined
F-Number	2.91	2.91	2.91	undefined	undefined	undefined
Image Height	43.266	43.266	43.266	43.266	42	41
Total Length	163.448	178.948	192.417	undefined	undefined	undefined
Magnification	0	0	0	-0.09859	-0.13416	-0.21925
S	Infinity	Infinity	Infinity	850.000	850.000	850.000
d0	Infinity	Infinity	Infinity	685.64	669.72	656.28
d5	3.247	30.546	62.724	3.247	30.546	62.724
d12	29.248	19.092	1.000	29.248	19.092	1.000
d15	3.329	1.686	1.069	3.329	1.686	1.069
d26	2.115	2.750	1.901	3.817	5.978	10.907
d29	15.413	15.587	15.512	12.267	10.495	5.179
d32	2.419	1.612	2.535	3.863	3.475	3.862
Bf	0	0	0	0	0	0
[lens data]
1	200.0000	1.500	1.80610	60.500	33.27
2	107.6500	5.900	1.43700	59.951	95.10
3	-2760.0000	0.200		59.874	
4	88.8800	7.000	1.49700	59.416	81.61
5	-5000.0000	d5		58.899	
6	-192.1000	1.000	1.69680	34.600	55.46
7	110.4200	2.734		33.647	
8	-114.0000	1.000	1.49700	33.585	81.61
9	80.7400	3.000	1.92286	33.791	20.88
10	502.6000	1.939		33.723	
11	-99.5000	1.000	1.69680	33.718	55.46
12	185.0000	d12		34.124	
13	80.6553	0.250	1.51460	35.600	49.96
14	100.0000	4.900	1.83481	35.609	42.72
15	-100.0000	d15		35.556	
16	74.0500	4.400	1.59282	34.246	68.62
17	-176.2000	0.200		33.749	
18	92.0000	4.200	1.49700	32.190	81.61
19	-92.0000	1.000	1.85451	31.423	25.16
20	148.3000	2.272		30.320	
21	AS	2.074		29.223	
22	Infinity	1.000	1.90366	28.621	31.31
23	29.2400	7.500	1.49700	27.541	81.61
24	-315.0000	0.201		27.441	
25	38.5500	5.600	1.60342	27.200	38.03
26	-70.5000	d26		26.983	
27	198.0000	1.800	1.92286	23.008	20.88
28	-198.0000	0.800	1.77250	22.484	49.62
29	25.6100	d29		20.800	
30	-463.4111	0.150	1.51460	25.938	49.96
31	310.3200	1.000	1.85451	25.982	25.16
32	67.2000	d32		26.257	
33	48.4500	6.000	1.91082	27.973	35.25
34	-48.4500	4.762		28.000	
35	-20.8842	2.000	1.85108	26.582	40.12
36	-67.1148	29.793		27.875	
37	CG	2.500	1.51633	42.044	64.14
38	CG	1.000		42.802	
[aspherical data]
13	80.6553	0	-3.6774E-06	2.9970E-10	-9.1982E-13	5.5729E-15	-1.5995E-17	1.6461E-20
30	-463.4111	0	1.2249E-05	1.1169E-08	-1.3534E-10	8.8621E-13	-1.9489E-15	
35	-20.8842	0	5.3883E-05	-2.8626E-07	1.8129E-09	-6.4552E-12	9.8700E-15	1.5279E-18
36	-67.1148	0	4.6766E-05	-2.6564E-07	1.4488E-09	-5.0290E-12	8.2960E-15	-2.8195E-18
[figure]
source	Data/JP2021-043375_Figure01P.png
originX	38.42
originY	286.33
ppmm	6.544
[notes]
Bill: Patent diameters including wide AD. Measured d0 and Magnification. Image Height reduced for close focus.
