[descriptive data]
title	JP 2016-184136 Example 7 (Olympus M.Zuiko ED 8mm F1.8 Fisheye)
[constants]
[variable distances]
Focal Length	7.90	7.60
Angle of View(p)	197.08	197.08
Angle of View	197.08	undefined
Angle of View(m)	197.07	116.43
F-Number	1.82	1.83
Image Height	23.20	23.42
Total Length	undefined	undefined
Magnification	0	-0.20430
S	Infinity	120
d0	Infinity	23.46
d8	3.2000	10.2212
d11	10.3358	3.3146
Bf(p)	1.0000	1.0000
Bf	0	0
[lens data]
1	48.0181	2.0000	2.00100	53.68	29.12
2	16.1496	11.7878		31.56	
3	130.0628	1.0000	1.77250	31.56	49.60
4	22.9172	4.5849		26.34	
5	726.7039	3.0085	1.84666	24.80	23.77
6	-49.4026	2.5549		24.80	
7	-23.4133	0.8000	1.77250	24.24	49.60
8	-1084.3029	d8		25.08	
9	104.7520	2.4840	1.80610	22.22	40.71
10	-69.9013	0.8000	1.84666	22.22	23.77
11	1000.0000	d11		22.22	
12	80.3861	2.5949	1.95374	20.68	32.31
13	-61.7239	0.1500		20.68	
14	28.8747	2.0551	2.00100	18.08	29.12
15	76.5246	1.7481		18.08	
16	166.6079	0.8000	1.48749	18.64	70.41
17	17.4628	4.1322		17.46	
18	AS	0.8540		14.905
19	30.0108	2.7674	1.43700	17.06	95.06
20	-395.6973	0.1500		17.06	
21	17.5728	3.7649	1.43700	15.10	95.06
22	-65.4343	0.8000	1.92118	16.50	23.95
23	29.9433	1.8692		16.50	
24	48.5854	2.1908	1.59282	14.90	68.60
25	-76.4819	0.6275		14.90	
26	679.7559	0.8000	1.84666	18.92	23.77
27	22.7381	1.1944		15.71
28	149.1524	2.2243	1.80420	15.71	46.48
29	-49.9777	0.1500		18.92	
30	21.0582	3.8827	1.43700	21.56	95.06
31	120.0000	0.1500		21.56	
32	28.4961	3.3685	1.43700	21.92	95.06
33	Infinity	12.7099		21.92	
34	CG	4.0000	1.51633	25.22	64.12
35	CG	1.0000		25.22	
[aspherical data]
9	104.7520	0	-1.1788E-06	-7.2708E-08	6.1681E-10	-2.5605E-12
[figure]
source	Data/JP2016-184136_Figure25P.png
originX	16.34
originY	77.50
ppmm	2.322
[notes]
Bill: d0 and magnification measured. Doesn't really match perfectly to the production lens.
