[descriptive data]
title	JP 2000-047107 Example 2 (Canon EF100-400mm f4.5-5.6L IS USM)
[constants]
[variable distances]
Focal Length	102.68	161.53	389.19
Angle of View	23.8	15.3	6.4
F-Number	4.6	5.1	5.8
Image Height	43.2	43.2	43.2
Magnification	0	0	0	
d0	Infinity	Infinity	Infinity
d6	7.74	41.09	91.13
d7	2.00	2.00	2.00
d12	20.89	15.49	6.44
d19	11.91	14.86	20.25
d21	26.80	19.97	10.38
d29	22.57	18.94	1.94
Bf	74.01	86.92	117.18
Aperture Diameter	27.762	28.271	29.271
[lens data]
1	117.449	5.20	1.48749	68.95	70.2
2	506.654	0.15		68.95
3	108.121	3.50	1.74950	66.66	35.0
4	67.497	0.12		64.20
5	68.071	10.40	1.43387	64.20	95.1
6	-7912.525	d6		64.20
7	FS	d7		28.46
8	-371.134	1.40	1.71300	29.12	53.9
9	58.940	3.50		28.27
10	-57.436	1.40	1.62299	28.27	58.2
11	64.689	2.60	1.84666	29.12	23.8
12	-28288.289	d12		29.12
13	225.869	5.90	1.43875	32.06	95.0
14	-36.078	1.10		32.06
15	-37.529	2.00	1.70154	31.38	41.2
16	-56.400	0.20		31.38
17	52.957	2.40	1.62012	31.49	49.5
18	110.626	3.00		29.77
19	AS	d19		27.762
20	-41.960	2.90	1.60311	27.06	60.6
21	-88.566	d21		29.18
22	1463.246	3.50	1.48749	32.52	70.2
23	-55.561	0.15		32.52
24	309.587	1.60	1.80518	31.66	25.4
25	46.432	1.30		31.66	
26	83.246	3.20	1.51633	31.66	64.1
27	-163.106	0.15		31.66
28	41.344	4.00	1.66672	30.86	48.3
29	598.945	d29		30.86	
30	431.689	1.40	1.83481	29.01	42.7
31	36.686	3.90	1.72825	29.01	28.5
32	-272.789	1.40	1.77250	29.01	49.6
33	53.286	Bf		27.42	
[figure]
source	Data/JP2000-047107_Figure06P.png
originX	19.54
originY	98.54
ppmm	1.586
[notes]
