[descriptive data]
title	JP 2015-161792 Example 1 (Zeiss Touit 2.8 50M)
[constants]
AsphericalOddCount	7
[variable distances]
Focal Length	51.52	undefined	undefined
Angle of View	30.6	22.4	13.8
F-Number	2.88	3.06	3.59
Image Height	28	28	28
Total Length	undefined	undefined	undefined
Magnification	0	-0.50	-0.98
d0	Infinity	102.28	58.95
d5	1.60	5.25	9.61
d10	9.10	5.45	1.10
d13	12.68	6.82	2.47
d18	1.52	2.54	1.51
d20	1.85	6.69	12.08
Bf	22.81	22.81	22.81
Aperture Diameter	17.761	17.386	15.916
[lens data]
1	794.4933	1.26	1.84666	24.28	23.78
2	26.0420	4.85	1.59522	21.64	67.74
3	-60.5422	0.10		21.64	
4	23.5562	3.95	1.74330	21.72	49.33
5	-500.9101	d5		21.72	
6	-105.5377	1.10	1.73077	20.42	40.50
7	19.2398	2.56		16.18
8	-46.3896	1.01	1.51680	16.18	64.20
9	23.6450	2.32	1.84666	17.48	23.78
10	64.7859	d10		17.48	
11	67.7469	2.95	1.92286	20.40	20.88
12	-67.7469	2.67		20.40	
13	AS	d13		17.761	
14	-32.3230	1.02	1.74077	16.74	27.79
15	32.3230	4.55	1.59522	18.74	67.74
16	-27.4119	0.11		18.74	
17	74.8635	2.92	1.61800	20.40	63.33
18	-74.8635	d18		20.40	
19	37.2563	3.07	1.72916	21.18	54.68
20	-674.5448	d20		21.18	
21	-126.2001	1.01	1.69895	22.32	30.13
22	25.3759	2.75		17.96	
23	-47.2254	1.33	1.51742	17.96	52.43
24	Infinity	1.48		21.62	
25	297.4201	2.58	1.67003	22.76	47.23
26	-68.6822	1.00		22.76	
27	Infinity	1.22	1.51680	20.84	64.20
28	Infinity	Bf		20.84	
[aspherical data]
4	23.5562	0	-1.9975218E-05	6.2378398E-07	-6.7539764E-07	-1.4423201E-08	7.9012377E-10	1.3838857E-10	2.1167277E-11	4.3025158E-13	-1.6841831E-14	-2.1109000E-14	-2.4650413E-15	-5.8476062E-17	2.9617348E-17
6	-105.5377	1	0.0000000E+00	4.1237569E-05	0.0000000E+00	-5.6417743E-07	0.0000000E+00	3.6088348E-09	0.0000000E+00	-8.3061650E-12
7	19.2398	0	-1.7101547E-05	3.8413905E-05	-6.3738905E-07	-2.2519977E-07	-2.8870262E-08	-1.5872068E-09	8.7049597E-11	4.6685223E-11	5.4433814E-12	-1.0209216E-13	-5.5368150E-14	-1.2829288E-14	1.2965500E-15
[figure]
source	Data/JP2015-161792_FigureP.png
originX	167.16
originY	124.63
ppmm	3.048
[notes]
Bill: d0 measured. Image Height from Zeiss specification.
