[descriptive data]
title	JP 2020-020948 Example 1 (Sigma 60-600mm F4.5-6.3 DG OS HSM S)
[constants]
[variable distances]
Focal Length	62.03	undefined	undefined	183.64	undefined	undefined	577.73	undefined	undefined
Angle of View	39.35	39.36	39.42	13.32	13.32	13.36	4.23	4.26	4.36
F-Number	4.48	4.46	4.37	5.55	5.43	5.01	6.50	6.48	6.45
Image Height	43.26	39.33	43.26	43.26	43.26	43.26	43.26	43.26	43.26
Total Length	307.89	307.89	307.89	364.39	364.39	364.39	407.88	407.88	407.88
Magnification	0	-0.00485	-0.02596	0	-0.01416	-0.07152	0	-0.04296	-0.18794
S	Infinity	13000	2600	Infinity	13000	2600	Infinity	13000	2600
d0	Infinity	12692.11	2292.11	Infinity	12635.61	2235.61	Infinity	12592.12	2192.12
d5	4.4174	4.4174	4.4174	81.0011	81.0011	81.0011	134.6875	134.6875	134.6875
d10	34.7575	34.7575	34.7575	14.6816	14.6816	14.6816	4.4816	4.4816	4.4816
d19	51.3574	51.3574	51.3574	26.1367	26.1367	26.1367	2.0130	2.0130	2.0130
d32	10.3019	10.3019	10.3019	6.2172	6.2172	6.2172	12.3614	12.3614	12.3614
d38	2.1949	2.2771	2.6364	7.8423	8.3089	10.2351	4.3890	7.7134	20.2935
Bf	53.5844	53.5021	53.1429	77.2424	76.7756	74.8497	98.6753	95.3509	82.7706
[lens data]
1	191.4478	3.0000	1.87071	94.13	40.73
2	113.3602	10.0505	1.49700	94.31	81.61
3	1000.0000	0.1500		94.31	
4	125.6151	10.1084	1.43700	90.58	95.10
5	Infinity	d5		90.58	
6	133.4879	4.4571	1.80518	52.31	25.46
7	-498.8095	1.5000	1.87071	52.31	40.73
8	74.0328	3.2320		46.71
9	457.8311	1.5000	1.87071	46.53	40.73
10	68.7453	d10		43.72
11	96.7106	3.6537	1.60342	35.51	38.01
12	-537.0800	7.8844		35.51	
13	51.0188	3.2604	1.51742	33.09	52.15
14	123.3817	4.8080		33.09	
15	-490.1727	0.9000	1.75700	31.03	47.82
16	63.0806	4.1944		29.98
17	-48.5730	1.0000	1.61997	29.98	63.88
18	88.4615	3.1979	1.85478	32.53	24.80
19	-307.1652	d19		32.53	
20	305.1027	3.5176	1.80610	37.15	33.27
21	-139.8486	0.5148		37.15	
22	84.3581	3.8214	1.59349	36.70	67.00
23	-182.5452	1.0000	1.84666	36.70	23.78
24	811.1016	7.9000		36.70	
25	AS	7.9164		30.998
26	48.7235	3.8942	1.58913	33.11	61.25
27	183.5032	0.1500		33.11	
28	67.2019	0.9000	1.95375	32.67	32.32
29	39.2014	2.0725		28.79	
30	53.4025	6.1050	1.43700	30.87	95.10
31	-53.4025	1.0000	1.91082	30.87	35.25
32	-308.2583	d32		30.87	
33	251.9085	0.9000	1.87071	30.14	40.73
34	71.7942	10.0309		30.14	
35	303.8818	4.2555	1.56883	31.92	56.04
36	-89.4946	0.1500		31.92	
37	59.1502	4.3580	1.62041	32.22	60.34
38	-376.9348	d38		32.22	
39	-216.5223	2.9225	1.67300	28.63	38.15
40	-72.3284	0.7528		28.63	
41	-151.7296	1.0000	1.43700	27.74	95.10
42	44.3172	19.9501		27.74	
43	-35.2519	0.9000	1.95375	26.41	32.32
44	118.4711	4.3638	1.85478	29.77	24.80
45	-51.0206	Bf		29.77	
[figure]
source	Data/JP2020-020948_Figure001P.png
originX	22.24
originY	110.19
ppmm	2.152
[notes]
Bill: d0 computed from S and Total Length; Magnification measured. Scenario#2 Image Height restricted.
