[descriptive data]
title	JP 2016-080825 Example 2 (Sigma 150-600mm F5-6.3 DG OS HSM C)
[constants]
[variable distances]
Focal Length	154.67	270	578.86
Angle of View	15.58	8.96	4.19
F-Number	5.15	5.77	6.5
Image Height	43.26	43.26	43.26
Total Length	298.9062	343.6742	379.0453
Magnification	0	0	0
d0	Infinity	Infinity	Infinity
d5	48.3963	93.1642	128.5354
d15	30.4954	25.6247	3.5
d25	34.1791	19.6736	24.9615
d30	18.4411	9.9704	1.9974
Bf	54.843	82.69	107.4997
[lens data]
1	528.6730	3.0000	1.83481	92.76	42.72
2	143.5131	10.5261	1.49700	92.82	81.61
3	-536.1702	0.1500		92.82	
4	133.2008	9.3074	1.49700	92.22	81.61
5	Infinity	d5		92.22	
6	148.9229	2.9114	1.71736	47.80	29.50
7	700.0000	22.6935		47.80	
8	165.3603	2.7965	1.51742	31.92	52.15
9	-165.3603	1.0000	1.88300	31.92	40.80
10	93.6370	6.0627		28.84	
11	-250.0754	0.7000	1.69680	28.82	55.46
12	92.3831	2.8270		28.03	
13	-57.3765	0.7000	1.69680	28.03	55.46
14	75.3753	2.7812	1.80518	29.48	25.46
15	-472.9495	d15		29.48	
16	284.2091	3.3355	1.69680	30.56	55.46
17	-67.7648	0.1500		30.56	
18	70.9155	5.0947	1.49700	29.90	81.61
19	-53.8213	1.0000	1.90043	29.90	37.37
20	337.6022	0.1500		29.24	
21	34.4130	5.7994	1.58144	29.24	40.89
22	96.3145	1.3784		26.87	
23	45.9295	1.9000	1.88100	27.44	40.14
24	30.4137	5.5139		24.54	
25	AS	d25		24.009	
26	160.1209	4.1084	1.65844	25.42	50.85
27	-35.9129	1.0000	1.95375	25.42	32.32
28	-80.1123	0.1500		25.42	
29	67.7459	2.2114	1.58913	25.42	61.25
30	554.6238	d30		25.42	
31	63.9746	1.0000	1.91082	23.52	35.25
32	29.1749	8.7771		23.52	
33	-72.7482	1.0000	1.43700	22.76	95.10
34	31.9872	4.5267	1.64769	27.16	33.84
35	-1000.0000	Bf		27.16	
[figure]
source	Data/JP2016-080825_Figure11P.png
originX	17.95
originY	152.45
ppmm	2.474
[notes]
