[descriptive data]
title	JP 2022-117775 Example 1 (Ricoh HD Pentax-D FA 21mmF2.4ED Limited DC WR)
[constants]
[variable distances]
Focal Length	21.32
Angle of View	92.2
F-Number	2.45
Total Length	115.34
Image Height	43.28
Magnification	0
d0	Infinity
Bf	0
[lens data]
1	33.991	2.200	2.00100	42.51	29.1
2	19.117	4.910		32.86
3	19.000	2.700	1.58080	33.31	59.2
4	10.532	12.932		27.06	
5	114.302	1.650	1.49700	26.70	81.6
6	33.318	5.410	1.91082	23.37	35.2
7	-449.604	3.260		23.37
8	-45.215	1.450	1.49700	22.38	81.6
9	-254.812	2.600	1.90043	20.14	37.4
10	-46.047	8.510		20.14	
11	AS	5.125		16.878
12	-22.025	4.850	1.49700	17.19	81.6
13	-12.497	1.300	1.81600	20.17	46.6
14	-19.227	0.150		21.28
15	51.792	6.650	1.43875	23.39	95.0
16	-23.010	2.410		23.39
17	-31.290	1.200	2.00100	22.50	29.1
18	-181.145	1.350		26.27
19	117.398	6.350	1.49700	27.74	81.6
20	-24.237	38.340		27.74	
21	CG	1.500	1.51633	44.46	64.1
22	CG	1.000		44.46	
[aspherical data]
3	19.000	-1	-1.268E-05	-4.615E-08	1.479E-10	-2.507E-13
4	10.532	-1	-1.307E-06	-1.753E-07	2.686E-10	-5.280E-13
19	117.398	0	-2.287E-06	2.084E-08	1.124E-11	
20	-24.237	0	1.927E-05	2.797E-08	7.616E-11	
[figure]
source	Data/JP2022-117775_Figure01P.png
originX	100.49
originY	148.45
ppmm	3.663
[notes]
