[descriptive data]
title	JP 2011-221421 Example 4 (Nikon AF-S Nikkor 24-85mm f/3.5-4.5G ED VR)
[constants]
[variable distances]
Focal Length(p)	24.7	undefined	87.2
Focal Length	24.7	48.0	87.2
Angle of View	85.28	46.50	26.54
F-Number	3.60	5.00	5.80
Image Height	43.20	43.20	43.20
Total Length	124.699	undefined	156.696
Magnification	0	0	0
d0	Infinity	Infinity	Infinity
d5	3.10000	19.45499	34.60972
d13	18.37739	7.76715	1.50000
d19	1.99464	4.84201	6.59326
d24	5.90657	3.05904	1.30000
Bf(p)	38.819	undefined	56.191
Bf	38.819	47.47	56.191
Aperture Diameter	14.546	12.591	12.613
[lens data]
1	372.6274	2.0000	1.846660	60.98	23.78
2	75.9854	6.7706	1.772490	55.94	49.61
3	14844.1810	0.1000		55.94	
4	50.9400	4.9948	1.816000	49.52	46.62
5	114.4889	d5		49.52	
6	73.7591	0.1000	1.536100	29.58	41.42
7	70.2551	1.3500	1.834800	29.58	42.72
8	12.9582	7.0662		22.62	
9	-45.1259	1.0000	1.834800	21.53	42.72
10	-115.7746	0.1000		21.53
11	130.5670	3.9850	1.808090	21.26	22.79
12	-25.0000	1.2000	1.820790	21.26	42.71
13	-5015.0001	d13		21.26
14	AS	0.5000		14.546
15	24.3980	1.3049	1.903660	17.88	31.27
16	13.4702	4.2437	1.603000	17.88	65.46
17	-57.0278	0.1000		17.88
18	29.6013	2.6177	1.497820	18.00	82.52
19	-71.1125	d19		18.00
20	-37.4166	2.4500	2.000690	14.17	25.45
21	-15.0220	1.0000	1.806100	15.99	40.94
22	151.7344	4.1314		16.56
23	-33.7925	1.0000	1.804000	14.78	46.58
24	-87.2793	d24		16.44
25	388.1656	0.2200	1.536100	22.16	41.42
26	-145.3355	4.6004	1.806100	22.16	40.94
27	-20.4944	0.3000		23.88
28	-224.8928	4.3669	1.487490	22.62	70.41
29	-21.8074	1.0000	1.846660	24.44	23.78
30	-900.0000	Bf		24.44
[aspherical data]
6	73.7591	0	3.3088E-08	-3.8434E-08	7.4727E-11	-1.0350E-13
13	-5015.0001	0	-1.4327E-05	-9.7737E-08	4.0776E-10	-3.0925E-12
25	388.1656	0	-3.9610E-05	4.0647E-09	-9.6361E-11	
[figure]
source	Data/JP2011-221421_Figure07P.png
originX	14.98
originY	84.20
ppmm	2.079
[notes]
