[descriptive data]
title	JP 2019-144441 Example 1 (Sigma 70mm F2.8 DG Macro Art)
[constants]
[variable distances]
Focal Length	67.95	63.74	60.05
Angle of View	35.40	26.59	21.07
F-Number	2.90	3.86	4.99
Image Height	43.26	43.26	43.26
Total Length	126.83	150.95	175.57
Magnification	0	-0.5	-1
d0	Infinity	151.0718	82.2506
d12	6.0582	7.5096	9.0543
d18(p)	0.0000	7.6984	30.8037
d19(p)	1.9577	16.9577	16.9577
d18	1.9577	24.6277	47.6977
Bf	53.4613	53.4613	53.4613
[lens data]
1	-1000.0000	0.9000	1.48750	31.82	70.44
2	37.0000	5.9200		28.38
3	-34.2428	2.7775	1.80520	28.38	25.46
4	-249.1531	3.6737	1.87070	28.77	40.73
5	-43.2458	0.1500		28.77
6	88.8019	3.3726	1.92290	30.73	20.88
7	-238.8800	3.6000		30.73
8	47.9297	4.4500	1.43700	31.00	95.10
9	-204.7515	3.7292		31.00
10	36.3935	6.5000	1.59280	27.03	68.62
11	-55.8400	1.0000	1.67270	27.03	32.17
12	25.5806	d12		23.09
13	AS	7.3453		21.328
14	-21.6591	1.5157	1.48750	23.22	70.44
15	400.0000	6.5000	1.55230	24.79	71.54
16	-24.6449	0.1500		24.79
17	222.1264	3.6000	1.43700	27.74	95.10
18	-54.7041	d18		27.74
19	84.6604	0.9000	1.83400	25.71	37.34
20	35.1686	3.2200		25.45
21	-98.4349	1.2000	1.62040	25.45	60.34
22	144.1189	0.1500		28.11
23	50.4612	4.7000	1.80280	29.09	40.55
24	-162.8978	51.0113		29.09	
25	CG	1.4500	1.52300	45.65	58.59
26	CG	1.0000		45.65	
[aspherical data]
16	-24.6449	0	1.73788E-06	-2.27410E-10	5.81878E-12			
23	50.4612	0	-2.02450E-06	1.95572E-08	-2.86844E-10	2.38288E-12	-9.48425E-15	1.33598E-17
24	-162.8978	0	-1.14510E-06	2.38551E-08	-3.59230E-10	2.78398E-12	-1.01964E-14	1.32924E-17
[!figure]
source	Data/JP2019-144441_Figure01.png
originX	123
originY	402.5
ppmm	8.516
[figure]
source	Data/JP2019-144441_Figure01P.png
originX	7
originY	91.5
ppmm	5.403
[notes]
Bill: d18 messed up; repaired.
