[descriptive data]
title	JP 2016-012034 Example 1 (Sigma 24mm F1.4 DG HSM Art)
[constants]
[variable distances]
Focal Length	24.65	24.99
Angle of View	83.38	79.42
F-Number	1.47	1.60
Image Height	43.26	43.26
Total Length	132.60	132.60
Magnification	0	-0.18703
S	Infinity	248
d0	Infinity	115.0000
d11	5.2435	1.0000
d16	5.9413	5.2837
Bf	38.4500	43.3511
[lens data]
1	53.9982	1.8000	1.92119	54.59	23.96
2	25.7944	5.0922		43.72	
3	45.1546	2.4000	1.58913	44.96	61.25
4	28.8431	7.6405		40.32	
5	100.4997	1.4000	1.43700	42.50	95.10
6	32.8511	6.1150		37.72	
7	143.4549	4.2773	1.90366	39.70	31.32
8	-119.4892	3.2925		39.70
9	-41.2211	2.4229	1.43700	38.81	95.10
10	59.9885	5.7000	2.00100	40.04	29.13
11	-177.6617	d11		40.04	
12	49.5300	6.9508	1.59282	34.98	68.63
13	-64.3890	0.2000		34.98	
14	68.3007	5.6229	1.59282	31.98	68.63
15	-52.5390	0.9000	1.64769	31.98	33.84
16	33.9121	d16		27.06	
17	AS	4.1343		25.140
18	-31.5430	5.5164	1.43700	25.30	95.10
19	-16.7305	0.9000	1.80610	27.38	33.27
20	189.9985	3.3257	1.59282	30.06	68.63
21	-73.8340	0.1500		30.06
22	67.3617	7.8492	1.59282	32.41	68.63
23	-33.3415	0.1500		32.41
24	-169.3198	0.9000	1.60342	32.70	38.01
25	77.1561	0.4138		31.56
26	81.0787	5.8071	1.77250	32.93	49.47
27	-42.4883	Bf		32.93
[aspherical data]
3	45.1546	0	5.0484E-06	4.6004E-09	-5.2592E-12	1.9961E-14	-1.2087E-17
26	81.0787	0	-4.7314E-06	-1.8348E-09	-2.6174E-12	2.0410E-14	
27	-42.4883	0	4.4107E-06	-1.7309E-09	9.7532E-13	3.3180E-14	
[figure]
source	Data/JP2016-012034_Figure01P.png
originX	21.47
originY	139.95
ppmm	4.500
[notes]
Bill: Magnification measured.
