[descriptive data]
title	JP 2017-161933 Example 1 (Canon EF-M55-200mm f4.5-6.3 IS STM)
[constants]
[variable distances]
Focal Length	56.60	134.00	195.00
Angle of View	27.14	11.64	8.02
F-Number	4.50	5.70	6.45
Image Height	27.32	27.32	27.32
Total Length	103.39	130.12	144.77
Magnification	0	0	0
d0	Infinity	Infinity	Infinity
d5	1.40	26.09	34.14
d10	15.35	4.17	0.80
d23	2.00	4.54	2.10
d29	15.00	25.68	38.08
Bf	0	0	0
[lens data]
1	47.579	3.0	1.48749	32.31	70.2
2	187.623	0.2		32.31
3	72.401	1.5	1.80610	30.20	40.9
4	32.025	5.2	1.48749	30.20	70.2
5	-270.270	d5		30.20
6	-108.486	0.9	1.72000	19.06	50.2
7	16.905	2.7	1.84666	19.06	23.9
8	41.931	2.01		16.86	
9	-34.559	0.9	1.77250	16.86	49.6
10	270.270	d10		19.06
11	21.716	3.6	1.66672	19.45	48.3
12	-147.608	1.9		19.45
13	16.044	5.0	1.49700	18.49	81.5
14	-65.374	0.9	1.84666	18.49	23.9
15	32.233	2.9		15.34	
16	AS	3.1		13.282
17	98.001	2.2	1.58313	16.39	59.4
18	5000.000	3.5		14.25
19	-74.987	1.5	1.80610	12.28	33.3
20	-18.582	0.6	1.69350	12.28	53.2
21	24.830	3.0		10.86
22	18.004	2.8	1.48749	12.72	70.2
23	-32.642	d23		12.72
24	258.313	0.6	1.69680	12.32	55.5
25	11.294	2.0	1.54072	12.32	47.2
26	29.836	12.62		12.32
27	-28.543	3.3	1.76200	18.29	40.1
28	-13.619	1.0	1.51633	18.29	64.1
29	-72.548	d29		18.29
30	CG	1.5	1.54400	40.34	60.0
31	CG	1.73		40.34	
[aspherical data]
17	98.001	0	-7.46980E-05	6.83135E-07	6.66992E-09	-5.06108E-11	-9.57784E-14
18	5000.000	0	4.14298E-05	1.13094E-06	6.67895E-09		
[figure]
source	Data/JP2017-161933_Figure01P.png
originX	12.55
originY	125.53
ppmm	3.291
[notes]
