[descriptive data]
title	JP 2021-192088 Example 1 (Ricoh HD Pentax-DA 16-50mm F2.8 ED PLM AW)
[constants]
[variable distances]
Focal Length(p)	16.5	28.0	48.6
Focal Length	16.45	28.0	48.6
Angle of View	84.0	54.0	32.2
F-Number	2.9	2.9	2.9
Image Height	28.48	28.48	28.48
Magnification	0	0	0
d0	Infinity	Infinity	Infinity
d5	1.250	10.231	34.205
d12	6.218	6.796	8.317
d15	27.029	11.477	4.050
d21	1.491	8.698	13.562
d24	13.817	6.610	1.751
Bf	39.247	50.002	61.927
Aperture Diameter	17.840	21.161	24.922
[lens data]
1	349.940	2.17	1.85896	61.92	22.73	S-NPH5(OHARA)
2	125.000	4.08	1.74100	59.58	52.64	S-LAL61(OHARA)
3	303.720	0.15		59.58
4	63.693	6.42	1.73400	56.29	51.47	S-LAL59(OHARA)
5	198.470	d5		56.29
6	123.440	0.10	1.52970	36.38	42.70	optical plastics
7	68.456	1.50	1.80400	36.38	46.53	S-LAH65VS(OHARA)
8	16.537	8.56		26.67	
9	-51.212	1.20	1.80400	26.67	46.53	S-LAH65VS(OHARA)
10	66.763	5.00	1.73800	27.85	32.33	S-NBH53V(OHARA)
11	-47.401	0.12	1.52970	27.85	42.70	optical resins
12	-44.020	d12		27.85
13	-33.451	0.90	1.73400	24.42	51.47	S-LAL59(OHARA)
14	33.451	3.75	1.85883	24.42	30.00	NBfD30(HOYA)
15	-424.930	d15		24.42		
16	AS	1.40		17.840
17	41.636	6.20	1.49700	29.72	81.54	S-FPL51(OHARA)
18	-62.583	0.20		29.72
19	75.999	6.88	1.59522	30.35	67.73	S-FPM2(OHARA)
20	-33.020	1.21	1.84666	30.35	23.78	S-TIH53W(OHARA)
21	-51.212	d21		30.90
22	-140.160	1.20	1.80100	26.78	34.97	S-LAM66(OHARA)
23	22.069	4.32	1.92286	25.62	20.88	EFDS1-W(HOYA)
24	53.657	d24		25.62		
25	43.199	1.10	2.00100	27.14	29.13	TAFD55(HOYA)
26	19.825	6.30	1.49700	27.14	81.61	FCD1(HOYA)
27	116.850	0.32		27.14
28	47.716	7.65	1.49700	29.17	81.54	S-FPL51(OHARA)
29	-33.842	Bf		29.17
[aspherical data]
6	123.440	0	1.55019E-05	-2.22450E-08	2.51370E-11	1.87942E-15
12	-44.020	0	3.29948E-06	-4.54242E-09	-6.26158E-11	3.89206E-13
17	41.636	0	-9.95529E-06	-2.30967E-09	-2.60998E-11	9.49283E-14
18	-62.583	0	-1.02858E-06	-2.30427E-09	-3.63509E-11	9.32441E-14
28	47.716	0	-3.22716E-06	5.53584E-09	-3.85931E-11	8.74751E-14
29	-33.842	0	1.10134E-06	-1.08719E-08	2.37398E-12	-1.65988E-13
[figure]
source	Data/JP2021-192088_Figure01P.png
originX	170.94
originY	179.54
ppmm	3.166
[notes]
