[descriptive data]
title	JP 2000-221399 Example 1 (Nikon AF-S Zoom-Nikkor 28-70mm f/2.8D IF-ED)
[constants]
AsphericalOddCount	4
[variable distances]
Focal Length	28.9	50.0	68.0
Angle of View	undefined	undefined	undefined
F-Number	2.9	2.9	2.9
Image Height	43.2	43.2	43.2
Total Length	undefined	undefined	undefined
Magnification	0	0	0
d0	Infinity	Infinity	Infinity
d6	41.879	11.834	1.472
d11	7.198	7.198	7.198
d13	4.207	16.678	25.835
d13AS	2.149	14.620	23.777
d19	14.295	6.885	2.065
Bf	40.001	48.822	57.854
Aperture Diameter	19.905	22.262	25.066
[lens data]
1	67.3458	3.00	1.589130	58.80	61.09
2	30.5027	15.20		48.32	
3	-99.7243	2.50	1.603001	47.44	65.42
4	50.9837	1.00		42.96	
5	46.7997	4.20	1.860741	44.28	23.01
6	79.1068	d6		44.28	
7	80.1248	3.50	1.713000	32.92	53.93
8	516.8586	0.10		32.92	
9	115.5762	1.50	1.805182	34.00	25.35
10	29.2322	7.00	1.617200	34.00	54.01
11	-138.1626	d11		34.00	
12	47.7723	4.20	1.748099	34.98	52.30
13	622.3460	d13AS		34.98	
13AS	AS	2.058		19.905
14	-59.4951	2.50	1.796310	25.76	40.90
15	-37.9847	1.50	1.582670	25.76	46.42
16	59.3537	2.15		25.76	
17	-94.7292	1.50	1.516800	26.28	64.10
18	30.2776	3.70	1.795040	26.28	28.56
19	286.5111	d19		26.28	
20	297.3220	1.50	1.716999	29.52	48.04
21	37.6085	7.00	1.497820	29.52	82.52
22	-37.6085	0.10		29.52	
23	56.3467	6.20	1.497820	33.78	82.52
24	-56.3467	4.00		33.78	
25	-33.0085	2.00	1.860741	33.96	23.01
26	-61.8625	Bf		33.96	
[aspherical data]
1	67.3458	0.3833	-2.07690E-06	1.21310E-06	5.90760E-09	-1.13620E-10	1.38870E-11	3.75960E-13	-4.86760E-14	1.11630E-15
[figure]
source	Data/JP2000-221399_Figure01P.png
originX	7
originY	82
ppmm	1.698	1.322
[notes]
Bill: Figure is at telephoto focal length.
