[descriptive data]
title	JP 2018-180366 Example 1 (Canon EF-M32mm f1.4 STM)
[constants]
[variable distances]
Focal Length	32.34	undefined
Angle of View	45.80	undefined
F-Number	1.45	undefined
Total Length	68.28	76.89
Image Height	27.32	27.32
Magnification	0	-0.188
d0	Infinity	192.16
d20	1.10	9.71
Bf	0	0
[lens data]
1	-34.245	1.10	1.61340	27.92	44.3
2	51.752	1.16		27.92	
3	136.382	6.98	1.91082	27.10	35.3
4	-22.773	1.00	1.85478	27.10	24.8
5	-69.705	0.30		27.10	
6	28.667	5.32	1.91082	27.68	35.3
7	-255.377	0.30		27.68	
8	33.178	6.27	1.59282	24.40	68.6
9	-48.343	1.00	1.73800	24.40	32.3
10	20.267	4.11		19.26	
11	AS	4.08		16.445
12	-19.197	2.30	1.76385	16.56	48.5
13	-12.710	0.72	1.67542	16.56	34.8
14	177.418	0.30		16.56	
15	32.469	7.65	1.88300	18.12	40.8
16	-15.160	0.78	1.67270	20.14	32.1
17	-42.629	1.52		20.14	
18	-20.007	0.82	1.51742	20.14	52.4
19	40.687	3.81	1.85135	22.78	40.1
20	-122.383	d20		22.78	
21	99.228	5.55	1.88300	25.32	40.8
22	-27.877	0.92	2.00069	25.32	25.5
23	-138.637	8.52		25.32	
24	CG	1.75	1.54400	41.52	60.0
25	CG	1.55		41.52
[aspherical data]
20	-122.383	0	2.81172E-05	-5.36397E-08	1.08573E-09	-7.33305E-12	1.98301E-14
[figure]
source	Data/JP2018-180366_Figure01P.png
originX	100.53
originY	128.51
ppmm	3.820
[notes]
Bill: d0 measured.
