[descriptive data]
title	JP 2017-156719 Example 1 (Sigma 24-70mm F2.8 DG OS HSM A)
[variable distances]
Focal Length	24.84	45.01	67.55
F-Number	2.93	2.93	2.93
Angle of View	83.76	50.65	34.58
Image Height	43.26	43.26	43.26
Total Length	149.73	163.72	180.73
Magnification	0	0	0
d0	Infinity	Infinity	Infinity
d5	3.4411	15.9487	30.5409
d14	15.9358	5.4783	2.0000
d22	2.6285	4.7911	6.1391
d27	9.3452	2.8630	1.5000
Bf	38.5600	54.8138	60.7307
Aperture Diameter	19.31	23.87	25.99
[lens data]
1	545.5945	1.7500	1.92286	69.65	20.88
2	121.8328	7.1165	1.72916	66.86	54.67
3	-1000.0000	0.1500		65.87	
4	52.0662	7.1114	1.80420	58.87	46.50
5	117.7820	d5		57.51	
6	134.9082	1.1500	1.85135	32.83	40.10
7	16.5543	8.6668		24.36	
8	-26.8666	0.9000	1.72916	23.82	54.67
9	26.8666	4.3954	1.83481	23.31	42.72
10	532.3053	0.3842		23.07	
11	101.5519	4.9171	1.80809	22.89	22.76
12	-36.2320	1.4343		23.03	
13	-24.0649	0.9000	1.88300	22.89	40.81
14	-52.6726	d14		23.72	
15	AS	1.1500		25.99	
16	39.5105	5.1134	1.80610	28.56	40.73
17	-113.8827	0.1500		28.61	
18	212.1631	3.0782	1.61997	28.55	63.88
19	-81.0902	0.1500		28.44	
20	200.0000	0.9000	1.85478	27.75	24.80
21	26.1614	7.4660	1.49700	26.70	81.61
22	-71.9203	d22		26.58	
23	-73.8939	1.1162	1.77250	24.73	49.50
24	33.1900	2.5272	1.80809	24.79	22.76
25	70.7357	1.6389		24.78	
26	38.0840	1.7551	1.51742	25.52	52.15
27	54.1174	d27		25.46	
28	38.2080	6.3130	1.59282	25.87	68.62
29	-47.7602	0.1500		25.97	
30	437.8629	3.4891	1.59282	25.83	68.62
31	-47.0116	0.9000	1.95375	25.73	32.32
32	65.3512	1.9436		25.95	
33	171.0884	3.1057	1.80610	26.44	40.73
34	-104.7003	Bf		27.01	
[aspherical data]
6	134.9082	0	1.6271E-05	-6.7858E-08	3.2235E-10	-8.1557E-13	9.9736E-16
7	16.5543	0	5.9613E-06	-6.1631E-08	3.7006E-10	-1.9806E-12	8.9312E-15
16	39.5105	0	-3.3806E-06	7.2931E-09	-6.8365E-12	-7.8983E-14	5.2958E-17
17	-113.8827	0	6.7553E-06	4.1538E-09	-1.7146E-11	-4.1486E-14	
23	-73.8939	0	4.3195E-06	1.9706E-09	-5.6570E-11	1.0187E-13	
33	171.0884	0	-6.6095E-06	-1.7387E-08	1.5502E-10	-3.3888E-13	
34	-104.7003	0	4.8908E-06	-7.9325E-09	1.6486E-10	-2.9809E-13	
[figure]
source	Data/JP2017-156719_Figure01P.png
originX	17.37
originY	125.02
ppmm	3.042
[notes]
Bill: Patent diameters including all Aperture Diameters.
