[descriptive data]
title	JP 2001-330771 Example 1 (Sigma 28mm F1.8 EX DG Aspherical Macro)
[constants]
[variable distances]
Focal Length	27.10	undefined
Angle of View	77.20	undefined
F-Number	1.86	undefined
Image Height	43.2	43.2
Magnification	0	-0.38701
d0	Infinity	55.00
d11	6.81	3.08
Bf(p)	undefined	undefined
Bf	38.52	49.03
[lens data]
1	68.15	4.20	1.74330	52.64	49.5
2	112.78	0.22		51.44	
3	50.55	1.50	1.70154	45.48	41.0
4	19.80	8.17		36.47
5	65.37	0.15	1.51840	35.06	52.1
6	50.10	1.50	1.78590	35.06	44.1
7	23.74	12.66		31.30	
8	1000.00	9.82	1.80610	29.42	33.3
9	-81.14	0.15		29.42	
10	41.88	7.55	1.80610	29.42	33.3
11	89.70	d11		29.42	
12	AS	4.31		27.009
13	100.00	6.62	1.71300	28.92	54.1
14	-36.08	0.20	1.51840	28.92	52.1
15	-31.22	2.69		28.92	
16	-44.05	5.60	1.69680	27.04	55.6
17	-24.54	1.18	1.75520	27.04	27.5
18	42.92	1.96		22.44
19	-220.50	5.58	1.60625	27.72	63.1
20	-45.75	0.15		27.72	
21	302.00	4.79	1.60625	29.60	63.1
22	-37.89	Bf		29.60	
[aspherical data]
5	65.37	0	3.9371E-06	1.0779E-08	-9.7950E-12	5.2670E-14
15	-31.22	0	1.3651E-05	-3.8380E-09	6.0900E-12	-5.8850E-15
[figure]
source	Data/JP2001-330771_Figure01P.png
originX	9.51
originY	60.53
ppmm	2.024
[notes]
