[descriptive data]
title	JP 2005-331697 Example 1 (Sigma 18-125mm F3.5-5.6 DC)	
[constants]
[variable distances]
Focal Length	18.72	48.32	120.38
Angle of View	75.4	31.4	13.0
F-Number	3.62	4.98	5.80
Image Height	28.8	28.8	28.8
Magnification	0	0	0
d0	Infinity	Infinity	Infinity
d5	2.15	21.65	42.93
d16	18.72	7.59	1.31
d23	5.30	1.72	0.70
Bf(p)	undefined	undefined	undefined
Bf	38.12	38.12	38.12
[lens data]
1	118.40	1.70	1.84666	49.51	23.8
2	64.85	6.70	1.48749	45.94	70.4
3	-279.53	0.20		45.94
4	53.65	4.44	1.65160	43.56	58.4
5	171.00	d5		43.56
6	47.78	0.08	1.51840	25.44	52.1
7	44.73	1.20	1.80420	25.44	46.5
8	12.30	4.45		16.95
9	-35.63	0.90	1.80420	16.95	46.5
10	35.72	0.65		17.61
11	21.18	4.28	1.74077	17.16	27.8
12	-41.55	1.88		17.16	
13	-18.64	0.90	1.80420	14.99	46.5
14	89.44	0.15		11.447
15	490.90	1.80	1.76182	11.447	26.6
16	-42.33	d16		15.54
17	AS	1.33		12.697
18	47.93	2.28	1.48749	16.18	70.4
19	-55.87	0.15		16.18
20	29.60	3.11	1.49700	15.66	81.6
21	-209.28	2.67		15.66	
22	-29.67	1.00	1.80610	13.58	33.3
23	-546.68	d23		15.02
24	66.36	2.78	1.51680	19.20	64.2
25	-45.82	0.15		19.20
26	36.22	3.93	1.48749	20.87	70.4
27	-102.74	2.20		20.87
28	164.09	0.15	1.51840	21.35	52.1
29	211.62	1.48	1.80610	21.35	40.7
30	24.15	1.29		18.50
31	77.57	3.76	1.48749	18.50	70.4
32	-34.12	Bf		21.76
[aspherical data]
6	47.78	6.04	-7.1549E-07	-4.5213E-08	4.4549E-10	-1.3824E-12
28	164.09	-512.87	-9.7446E-06	-7.3875E-08	1.2418E-10	1.1324E-12
[figure]
source	Data/JP2005-331697_Figure01P.png
originX	33.54
originY	184.40
ppmm	6.916
[notes]
Bill: s14/s15 restricts chief ray.
