[descriptive data]
title	JP 2006-300972 Example 3 (Phase One Schneider Kreuznach 28mm LS f4.5)
[constants]
[variable distances]
Focal Length	28.5
Angle of View	102.4
F-Number	4.6
Image Height	70
Magnification	0
d0	Infinity
Bf(p)	63.9
Bf	63.92
[lens data]
1	70.1132	4.5000	1.83481	70.73	42.7
2	42.0674	6.2028		58.60
3	125.0000	7.5000	1.43875	55.41	90.9
4	24.4604	5.9466		38.82
5	31.9807	2.5000	1.83481	36.18	42.7
6	20.7169	11.9233		30.86
7	-33.2248	3.5837	1.80809	29.77	22.6
8	-52.0263	0.2000		29.77
9	61.2174	9.5000	1.76182	28.04	26.5
10	-22.6518	3.0000	1.80518	26.41	25.4
11	-68.9778	6.1340		26.41
12	21.3742	3.1411	1.56732	14.73	42.7
13	138.0333	1.5000	1.78800	13.89	47.4
14	16.3238	8.5441		12.89
15	AS	2.2231		14.203
16	26.4457	8.6559	1.48749	15.66	70.1
17	-32.6615	4.8124		15.66
18	-23.4942	3.6149	1.83481	16.31	42.7
19	39.9581	7.7691	1.57099	20.36	50.7
20	-20.7671	0.2000		23.26
21	-349.8608	5.0032	1.43875	27.06	90.9
22	-31.5101	0.2000		27.06
23	Infinity	9.0264	1.48749	29.10	70.1
24	-20.5898	2.0000	1.83481	29.10	42.7
25	-67.0226	Bf		32.37
[aspherical data]
3	125.0000	15.2359	7.3817775E-06	-4.1918163E-09	3.0834735E-12	-2.4494941E-16
[figure]
source	Data/JP2006-300972_Figure07P.png
originX	111.54
originY	501.53
ppmm	13.307
[notes]
