[descriptive data]
title	JP 2017-090535 Example 1 (Olympus M.Zuiko ED 12-100mm f4.0 IS Pro)
[constants]
[variable distances]
Focal Length	12.36	34.62	97.98
Angle of View	83.05	33.74	12.12
F-Number	4.08	4.08	4.08
Image Height	19.50	21.64	21.64
Total Length	134.09	150.19	176.02
Magnification	0	0	0
d0	Infinity	Infinity	Infinity
d5	0.72	25.09	53.60
d12	37.65	13.89	1.30
d23	2.44	10.11	20.20
d26	4.87	12.72	12.50
Bf	15.67	15.65	15.69
Aperture Diameter	10.881	14.306	16.945
[lens data]
1	94.387	2.50	1.85478	57.50	24.80
2	67.783	7.13	1.49700	54.28	81.54
3	Infinity	0.15		54.24	
4	61.099	5.02	1.49700	51.14	81.54
5	172.659	d5		51.14	
6	231.854	1.65	1.88227	30.08	37.18
7	14.124	7.35		21.46
8	-22.507	1.00	1.59282	21.46	68.62
9	32.319	4.23	2.00069	20.84	25.46
10	-44.031	1.39		20.84	
11	-21.208	1.20	1.83481	18.44	42.73
12	-40.812	d12		19.66	
13	AS	1.50		10.881
14	24.286	4.49	1.58253	20.80	59.32
15	-700.000	4.37		23.42	
16	56.643	3.37	1.49700	20.24	81.54
17	-56.643	0.50		20.96	
18	43.590	1.00	1.91082	19.96	35.25
19	15.142	4.13	1.49700	18.90	81.54
20	47.223	1.20		18.90	
21	24.303	0.80	1.85478	19.92	24.80
22	16.800	5.10	1.58253	19.74	59.32
23	-71.500	d23		19.74	
24	188.666	0.90	1.83481	17.64	42.73
25	11.201	3.10	1.80809	16.72	22.76
26	18.472	d26		16.72	
27	30.000	1.20	2.00100	24.62	29.13
28	20.454	9.46	1.51593	25.74	64.25
29	-31.238	12.22		25.74	
30	CG	4.00	1.51633	23.00	64.14
31	CG	0.80		23.00	
[aspherical data]
6	231.854	0	-7.50532E-06	1.23396E-07	-4.26522E-10	6.20739E-13		
7	14.124	0	-3.12688E-05	6.45994E-08	-5.06358E-10	1.39139E-11	-1.22469E-13	3.55245E-16
14	24.286	0	-1.21943E-05	-3.40663E-08	-3.04610E-11	4.72594E-13		
15	-700.000	0	7.50787E-06	-4.91245E-08	9.97723E-11			
23	-71.500	0	7.76950E-06	-7.45428E-09	-5.82084E-11			
29	-31.238	0	3.64978E-06	-5.98934E-08	1.63111E-10	-4.69751E-13		
[figure]
source	Data/JP2017-090535_Figure01P.png
originX	75.02
originY	214.73
ppmm	7.267
[notes]
Bill: Image Height not provided.
