[descriptive data]
title	JP 2013-104994 Example 2 (Sigma APO Macro 180mm F2.8 EX DG OS HSM)
[constants]
[variable distances]
Focal Length	174.60	135.59	103.47
Angle of View	14.07	4.90	2.70
F-Number	2.92	4.62	5.34
Image Height	43.26	43.26	43.26
Total Length	undefined	undefined	undefined
Magnification	0	-0.5	-1
d0	Infinity	369.52	227.55
d9	4.9234	20.5289	37.6004
d14	73.9422	39.9411	6.3155
d19	5.8630	24.2585	40.8127
Bf	53.29	53.29	53.29
Aperture Diameter	28.987	18.160	15.697
[lens data]
1	502.7544	4.9645	1.51680	77.82	64.20
2	-502.7544	0.2500		77.82	
3	227.4305	5.9179	1.43700	75.94	95.10
4	-1000.0000	0.2500		75.94	
5	132.3846	5.9221	1.43700	71.84	95.10
6	634.3574	0.2500		71.84	
7	100.0713	10.3585	1.59349	66.20	67.00
8	-186.4796	2.5000	1.80610	65.86	40.73
9	269.9115	d9		60.24	
10	789.5498	2.5000	1.77250	56.30	49.62
11	105.7920	3.8000		56.30	
12	Infinity	4.4176	1.80518	53.06	25.46
13	-138.2928	2.0000	1.51823	52.90	58.96
14	98.1202	d14		48.46	
15	57.5218	4.6931	1.72916	39.96	54.67
16	996.1094	0.1500		39.96	
17	61.0475	1.3000	1.80610	38.08	33.27
18	29.5595	8.3023	1.43700	38.08	95.10
19	-1000.0000	d19		38.08	
20	AS	2.7464		28.987
21	-116.8912	2.1207	1.80518	29.02	25.46
22	50.7383	4.1973		29.02	
23	65.0249	5.6223	1.80518	28.34	25.46
24	-95.7593	3.5133		28.34	
25	93.4176	0.9000	1.62041	25.78	60.34
26	19.8131	3.1430	1.80518	25.78	25.46
27	27.8919	4.3024		21.86	
28	-73.9049	0.9000	1.58913	21.52	61.25
29	56.8499	2.9237		25.96	
30	67.7077	2.7826	1.62041	30.74	60.34
31	308.2191	1.2017		30.74	
32	62.8338	1.3000	1.84666	33.98	23.78
33	28.6712	9.5000	1.80610	33.98	40.73
34	-434.5575	Bf		33.98	
[figure]
source	Data/JP2013-104994_Figure11P.png
originX	13.67
originY	62.54
ppmm	1.439
[notes]
Bill: d0 measured.
