[descriptive data]
title	JP 2015-031869 Example 1 (Canon EF-S10-18mm f4.5-5.6 IS STM)
[constants]
[variable distances]
Focal Length	10.30	13.96	17.46
Angle of View	105.96	88.74	76.08
F-Number	4.64	5.19	5.71
Image Height	27.32	27.32	27.32
Total Length	117.61	114.39	115.20
Magnification	0	0	0
d0	Infinity	Infinity	Infinity
d10	18.12	7.58	1.64
d21	1.25	1.57	1.90
d23	3.80	3.48	3.15
Bf	35.35	42.66	49.42
[lens data]
1	55.999	1.20	1.77250	43.52	49.6
2	18.939	0.21		33.38	
3	18.794	3.00	1.52996	33.38	55.8
4	12.302	13.97		29	
5	27.078	0.85	1.77250	20.18	49.6
6	11.734	5.86		17.19
7	-18.556	0.86	1.59522	17.19	67.7
8	-193.388	0.15		17.19
9	43.637	3.35	1.72047	17.64	34.7
10	-36.162	d10		17.64	
11	-51.134	1.22	1.48749	9.94	70.2
12	-31.161	1.29		9.94	
13	24.670	0.80	1.91082	9.62	35.3
14	10.275	2.98	1.60342	9.62	38.0
15	-52.144	2.17		9.62	
16	AS	4.04		8.821
17	-69.148	0.80	1.83481	11.26	42.7
18	10.223	3.33	1.64769	11.26	33.8
19	-84.530	0.15		11.26	
20	16.445	4.22	1.49700	12.12	81.5
21	-16.445	d21		12.12	
22	-43.861	0.70	1.91082	12.46	35.3
23	54.842	d23		12.46	
24	83.184	0.80	1.91082	16.72	35.3
25	12.879	7.14	1.58313	15.08	59.4
26	-19.588	Bf		16.72	
[aspherical data]
4	12.302	-0.475949	-3.84236E-05	-7.63390E-08	-6.26237E-10	3.48984E-12	-1.12759E-14
26	-19.588	0	1.25041E-05	-1.14292E-07	4.98491E-09	-1.03089E-10	7.40509E-13
[figure]
source	Data/JP2015-031869_Figure01P.png
originX	11.24
originY	122.80
ppmm	3.303
[notes]
Bill: Production figure looks like it's at around the intermediate (shortest physical length) position.
