[descriptive data]
title	JP 2014-041222 Example 2 (Canon EF16-35mm f2.8L II USM)
[variable distances]
Focal Length	16.60	24.05	33.92
Angle of View	105.00	83.94	65.06
F-Number	2.91	2.91	2.92
Image Height	43.28	43.28	43.28
Total Length	153.85	146.48	148.17
Magnification	0	0	0
d0	Infinity	Infinity	Infinity
d9	26.29	10.66	1.62
d14	4.58	4.58	4.58
d16	0.93	5.28	10.59
d23	9.99	5.63	0.32
Bf	39.23	47.49	58.22
Aperture Diameter	16.886	18.740	22.019
[lens data]
1	379.944	2.20	1.7725	54.36	49.6
2	20.865	9.41		37.71
3	109.468	1.60	1.804	36.71	46.6
4	36.428	0.16	1.5164	34.04	52.2
5	43.828	5.55		34.04	
6	-138.103	1.60	1.834	34.60	37.2
7	103.586	0.14		34.60	
8	44.921	4.50	1.84265	33.50	25.22	BaWO4 ???
9	3876.715	d9		33.50	
10	58.167	1.31	1.80518	26.94	25.4
11	24.528	5.20	1.54072	26.94	47.2
12	-1684.072	0.15		26.94	
13	88.456	2.54	1.804	26.72	46.6
14	-210.852	d14		26.72	
15	67.424	3.75	1.62299	27.64	58.2
16	-79.025	d16		27.64	
17	AS	1.90		16.886
18	-154.852	1.39	1.883	23.14	40.8
19	106.725	2.33		21.47
20	-38.971	1.11	1.762	21.47	40.1
21	23.774	5.53	1.84666	24.64	23.9
22	-111.504	1.23		24.64	
23	FS	d23		23.38
24	35.170	8.49	1.497	26.26	81.5
25	-21.148	1.25	1.84265	26.26	
26	-32.885	0.20		26.26	
27	233.998	1.20	1.834	28.58	37.2
28	21.949	6.99	1.497	26.40	81.5
29	-128.560	0.20		28.58	
30	132.180	2.90	1.58313	29.42	59.4
31	-164.405	Bf		29.42	
[aspherical data]
1	379.944	0	1.68202E-05	-2.64620E-08	3.51608E-11	-2.93874E-14	1.05256E-17
5	43.828	0	1.56694E-05	1.51978E-09	-1.05420E-10	1.68304E-13	-1.90500E-16
31	-164.405	0	6.82003E-06	1.13963E-08	-1.47882E-11	3.60517E-14	
[figure]
source	Data/JP2014-041222_Figure04P.png
originX	52.60
originY	125.59
ppmm	2.164
[notes]
