[descriptive data]
title	JP 2010-217838 Example 1 (Sigma 70-300mm F4-5.6 DG OS)
[constants]
[variable distances]
Focal Length	70.33	147.08	290.50	undefined	undefined	undefined
Angle of View	34.94	16.40	8.30	undefined	undefined	undefined
F-Number	4.15	5.07	5.84	undefined	undefined	undefined
Image Height	43.20	43.20	43.20	43.20	43.20	43.20
Magnification	0	0	0	-0.025	-0.025	-0.025
d0	Infinity	Infinity	Infinity	2945.7000	5998.3300	11779.3600
d5	7.2667	38.0910	58.6405	13.9067	41.2722	60.2419
d10	25.6147	15.1429	2.7710	25.6147	15.1429	2.7710
d16	7.5065	2.1898	1.0000	7.5065	2.1898	1.0000
Bf	46.1960	61.9844	75.5461	46.1960	61.9844	75.5461
[lens data]
1	75.8217	6.2482	1.48749	54.54	70.44
2	1517.9676	0.0000		54.54	
3	89.9292	2.2000	1.80611	52.64	40.73
4	44.1835	9.1465	1.49700	47.30	81.60
5	540.2669	d5		52.76	
6	-231.4665	1.0000	1.71300	25.18	53.94
7	20.2932	3.7666	1.84666	25.18	23.78
8	43.8137	2.9572		23.17
9	-49.1641	1.0000	1.77250	23.17	49.62
10	242.8808	d10		24.50	
11	AS	1.7000		24.046
12	163.8409	3.1798	1.60342	26.56	38.01
13	-68.4319	0.1500		26.56	
14	39.5600	6.1848	1.51680	26.82	64.10
15	-39.5600	0.8000	1.80610	26.82	33.27
16	114.9469	d16		26.82	
17	32.8852	4.3054	1.51742	26.82	52.15
18	721.8645	2.6291		26.82	
19	84.3278	3.8529	1.48749	25.18	70.44
20	-127.3455	0.8206		25.18	
21	35.4638	4.2094	1.48749	23.98	70.44
22	-76.1941	0.8000	1.74950	23.98	35.04
23	33.5941	17.0001		20.28	
24	110.3244	2.7086	1.71736	22.56	29.50
25	-72.6753	2.2357		22.56	
26	-21.5634	3.1815	1.84666	21.70	23.78
27	-17.3303	0.8000	1.77250	24.86	49.62
28	-80.3992	Bf		24.86	
[figure]
source	Data/JP2010-217838_Figure01P.png
originX	8.53
originY	69.54
ppmm	2.112
[notes]
Bill: Magnification appears to be -1/40.
