[descriptive data]
title	JP 2006-259016 Example 1 (Sigma 18-200mm F3.5-6.3 DC)
[constants]
[variable distances]
Focal Length	18.78	59.96	191.41
Angle of View	76.0	25.6	8.2
F-Number	3.64	5.14	6.06
Image Height	28.4	28.4	28.4
Total Length	undefined	undefined	undefined
Magnification	0	0	0
d0	Infinity	Infinity	Infinity
d5	2.430	27.104	45.048
d15	20.411	10.375	1.643
d22	6.105	2.112	0.700
Bf	38.58	59.64	71.97
[lens data]
1	97.674	1.550	1.84666	51.38	23.8
2	56.504	7.353	1.49700	51.38	81.6
3	-451.706	0.150		51.38	
4	52.187	4.820	1.72916	45.92	54.7
5	167.161	d5		45.92	
6	88.414	0.080	1.51840	23.92	52.1
7	79.287	1.000	1.83481	23.92	42.7
8	12.302	4.472		16.79
9	-31.174	0.800	1.80420	16.79	46.5
10	46.110	0.150		18.84	
11	22.986	5.767	1.74077	18.06	27.8
12	-22.985	0.417		18.06	
13	-18.165	0.800	1.80420	14.98	46.5
14	34.152	1.869	1.76182	16.38	26.6
15	-374.298	d15		16.38	
16	AS	0.832		13.789
17	28.161	2.858	1.49700	17.32	81.6
18	-69.465	0.150		17.32	
19	27.921	2.758	1.48749	17.32	70.4
20	-94.699	0.684		17.32	
21	-29.237	1.110	1.80610	15.03	40.7
22	148.381	d22		17.14	
23	29.281	4.457	1.48749	20.46	70.4
24	-29.282	0.150		20.46	
25	42.925	2.710	1.48749	20.12	70.4
26	-1508.845	1.058		20.12	
27	158.948	0.150	1.51840	19.60	52.1
28	-887.357	2.853	1.80610	19.68	40.7
29	21.558	1.290		17.21	
30	74.012	2.904	1.48749	19.50	70.4
31	-74.015	Bf		19.50	
[aspherical data]
6	88.414	6.04	2.826080E-06	4.854910E-08	-4.207320E-10	1.787560E-12
27	158.948	-495.63	-3.225680E-05	-2.225960E-07	9.787210E-10	-2.382240E-12
[figure]
source	Data/JP2006-259016_Figure01P.png
originX	5.57
originY	62.40
ppmm	2.275
[notes]
