[descriptive data]
title	Nikon TC-E2 with Main Lens (JP 2000-275517 Example 1)
[constants]
Lateral Magnification	1.948
[variable distances]
Focal Length	23.38	39.75
Focal Length(ML)f	12.002	20.403
Angle of View	undefined	undefined
F-Number	3.53	4.57
Image Height	8.00	8.00
Magnification	0	0
d0	Infinity	Infinity
d9	8.88000	5.00000
d14	9.87081	3.00209
d24	9.14023	19.88842
Bf	0	0
[lens data]
1	60.14000	2.6	1.80518	53.40	25.46	F
2	41.56900	11.5	1.51680	50.84	64.20
3	-2246.40000	0.2		50.84	
4	27.64900	8.8	1.51680	42.92	64.20
5	63.62600	14.37523		39.64	
6	86.89200	1.6	1.72916	21.20	54.67	R
7	16.82800	4.7		17.20

8	Infinity	1.0	1.51680	16.42	64.20
9	Infinity	d9		16.42	
10	40.30582	1.3	1.80610	11.26	
11	9.97201	2.8		10.54	
12	-54.96217	1.1	1.51680	10.06	
13	9.63700	3.2	1.84666	10.06	
14	28.78133	d14		10.06	
15	AS	1.0		6.500
16	35.51097	2.0	1.83500	7.86	
17	-59.64727	0.15		7.86	
18	10.75338	5.9	1.67003	8.10	
19	-15.70820	3.8	1.84666	7.08	
20	8.29785	1.35		7.08	
21	-60.40256	1.9	1.67270	7.00	
22	-25.83632	1.6		8.02	
23	13.54685	2.5	1.70200	9.18	
24	188.86361	d24		9.18	
25	72.13020	1.9	1.66547	9.90	
26	-39.21486	1.0		9.90	
27	CG	3.42	1.51680	9.66	
28	CG	0.7		9.66	
29	CG	0.8	1.51680	9.30	
30	CG	1.71269		9.30	
[aspherical data]
26	-39.21486	0	2.2822E-04	-1.0793E-06	4.7926E-08
[figure]
source	Data/JP2000-275517_Figure01WP.png
originX	62.47
originY	149.55
ppmm	4.571
[notes]
Bill: 6.62 / 3.40 = 1.947 ~= 1.948 Patent phiF = 53.4 and phiR = 17.2
