[descriptive data]
title	JP 2001-033704 Example 1 (Sigma APO Macro 180mm F3.5 EX DG IF HSM)
[constants]
[variable distances]
Focal Length	178.6538	undefined	undefined
Angle of View	undefined	undefined	undefined
F-Number	3.6069	4.7197	5.8594
Image Height	43.2	43.2	43.2
Magnification	0	-0.5050	-1.0021
d0	Infinity	390.2574	239.6585
d9	9.9681	24.7878	41.1292
d14	41.2023	26.3916	10.1072
d15	23.1829	13.4325	7.1902
d20	5.5193	15.2772	21.5611
Bf	54.1414	54.1414	54.1414
Aperture Diameter	29.999	25.749	22.555
[lens data]
1	203.3186	4.4589	1.48749	60.57	70.4
2	-701.8517	0.2000		60.57
3	65.1873	6.9575	1.49700	55.43	81.6
4	231.0082	8.7833		55.43
5	105.0914	2.5000	1.83400	48.61	37.3
6	40.4934	9.0947	1.49700	45.03	81.6
7	837.1765	0.2000		45.03
8	67.1323	4.2611	1.48749	40.01	70.4
9	196.1001	d9		40.01
10	-433.6780	2.5000	1.77250	33.52	49.6
11	55.6005	9.2234		30.75
12	-1224.1984	1.5241	1.77250	34.95	49.6
13	42.8803	3.8991	1.84666	30.03	23.8
14	180.5401	d14		30.03
15	AS	d15		29.999
16	139.3223	4.7425	1.60311	34.95	60.7
17	-79.0665	0.2000		34.95
18	137.1656	5.6264	1.60311	35.53	60.7
19	-58.9865	1.8000	1.72825	35.53	28.3
20	-266.5302	d20		35.53
21	FS	15.1580		34.18	
22	-129.1924	1.4778	1.51680	30.28	64.2
23	179.4842	2.5415		30.28
24	-61.3636	1.5000	1.51680	31.89	64.2
25	-274.7097	Bf		31.89
[figure]
source	Data/JP2021-015167_Figure01P.png
originX	3.56
originY	34.49
ppmm	1.119
[notes]
