[descriptive data]
title	JP 2020-154139 Example 1 (Olympus M.Zuiko ED 12-200mm F3.5-6.3)
[variable distances]
Focal Length	12.36	46.76	196.04	25.56	93.32
Angle of View	83.93	26.19	6.46	undefined	undefined
F-Number	3.60	5.45	6.47	4.66	6.08
Image Height	20.12	22.30	22.30	22.30	22.30
Total Length	99.37	130.87	166.44	108.89	151.89
Magnification	0	0	0	0	0
d0	Infinity	Infinity	Infinity	Infinity	Infinity
d5	0.80	31.38	66.29	12.39	49.44
d14	30.18	10.77	1.85	16.06	5.91
d22	2.39	8.78	12.35	6.24	11.92
d25	3.45	17.40	23.42	11.66	22.08
d28	12.93	12.93	12.93	12.93	12.93
d30	2.07	2.07	2.09	2.06	2.07
Bf	17.70	17.70	17.72	17.69	17.71
[lens data]
1	69.760	2.00	2.00069	51.52	25.46
2	54.541	7.70	1.43875	49.34	94.93
3	1433.506	0.15		49.34	
4	64.135	4.34	1.59282	47.56	68.63
5	167.997	d5		47.56	
6	46.900	0.90	1.88300	27.22	40.76
7	12.884	6.95		19.56	
8	-28.488	1.00	1.80280	19.44	40.55
9	91.521	0.10		19.44	
10	34.391	4.42	1.80810	19.44	22.76
11	-34.391	1.09		19.44	
12	-19.445	0.80	1.88300	18.62	40.76
13	96.903	1.70	1.92286	17.92	20.88
14	-163.908	d14		17.92	
15	AS	1.25		12.405
16	16.327	4.81	1.76960	15.66	49.30
17	-108.911	2.01		15.66	
18	100.582	1.00	1.91082	15.16	35.25
19	12.356	6.28	1.43875	15.16	94.93
20	-18.560	0.10		15.16	
21	22.447	2.51	1.51633	14.88	64.14
22	74.304	d22		14.88	
23	364.630	0.90	1.83481	14.18	42.73
24	12.000	1.88	1.68893	13.34	31.07
25	16.500	d25		13.34	
26	45.879	1.40	1.80280	24.38	40.55
27	19.889	9.25	1.51742	24.38	52.43
28	-30.397	d28		25.70	
29	CG	4.11	1.51633	23.94	64.14
30	CG	d30		23.80	
[aspherical data]
8	-28.488	0	1.12785E-05	5.20627E-08	-6.24419E-10	5.53011E-12
16	16.327	0	-1.23210E-05	1.68482E-08	-5.43531E-10	4.63308E-12
17	-108.911	0	4.19357E-05	-4.48267E-08		
26	45.879	0	5.41632E-06	3.11917E-08	-1.32665E-10	2.86882E-13
[figure]
source	Data/JP2020-154139_Figure01aP.png
originX	238.69
originY	321.52
ppmm	5.860
[notes]
