[descriptive data]
title	JP 2018-005099 Example 4 (Sigma 85mm F1.4 DG HSM A)
[variable distances]
Focal Length	83.44	undefined
Angle of View	29.13	undefined
F-Number	1.46	undefined
Image Height	43.26	43.26
Total Length	166.36	166.40
Magnification	0	-0.11888
S	Infinity	848
d0	Infinity	681.5000
d14	16.6759	6.0661
d19	11.1146	11.3807
d27	37.0799	47.4637
Bf	0	0
[lens data]
1	104.0442	4.4464	1.72916	82.12	54.67
2	167.8974	0.1500		79.46	
3	61.9455	9.6589	1.55032	75.46	75.50
4	154.9253	0.4340		73.06	
5	122.6403	2.8438	1.61340	71.46	44.27
6	54.8348	12.7043		61.25
7	-143.9032	1.7088	1.73800	61.25	32.26
8	223.6970	4.9280		63.18	
9	-208.5938	1.7316	1.73800	60.78	32.26
10	208.5938	4.3329		60.78	
11	304.2910	4.7667	1.92286	61.58	20.88
12	-304.2910	1.0000		61.58	
13	109.7199	9.4961	1.55032	61.06	75.50
14	-142.6359	d14		61.06	
15	55.3534	4.4778	1.88300	55.46	40.80
16	91.4164	0.1508		53.06	
17	32.7021	8.4339	1.80420	49.32	46.50
18	56.2353	1.6471	1.69895	49.32	30.05
19	23.7920	d19		37.58	
20	AS	4.7467		33.252
21	-57.4621	1.3979	1.73800	35.46	32.26
22	30.4304	7.8411	1.88300	35.46	40.80
23	-286.5983	2.1988		35.46	
24	-73.5440	1.4194	1.67270	34.38	32.17
25	116.0752	0.5209		34.38	
26	74.3249	8.0000	1.85135	35.98	40.10
27	-55.4665	d27		35.98	
28	CG	1.4500	1.52301	47.18	58.59
29	CG	1.0000		47.18	
[aspherical data]
26	74.3249	0	-2.314554E-06	-6.999263E-10
27	-55.4665	0	1.341936E-06	-1.267249E-09
[figure]
source	Data/JP2018-005099_Figure01P.png
originX	18.54
originY	87.60
ppmm	2.251
[notes]
Bill: Measured Magnification. Slight discrepancy Total Length should match. Not a perfect match.
