[descriptive data]
title	JP 2015-203827 Example 1 (Sigma 150-600mm F5-6.3 DG OS HSM Sport)
[constants]
[variable distances]
Focal Length	154.59	269.96	583.65
Angle of View	15.73	9.04	4.18
F-Number	5.06	5.83	6.49
Image Height	43.26	43.26	43.26
Total Length	329.06	372.87	419.53
Magnification	0	0	0
d0	Infinity	Infinity	Infinity
d6	99.5006	143.3142	189.9726
d13	29.3765	18.6488	3.5000
d28	24.1792	18.7262	13.4529
d33	11.7143	10.2186	2.0000
Bf	56.5912	74.2676	102.9083
Aperture Diameter	20.992	20.993	20.990
[lens data]
1	481.7525	3.0000	1.80611	96.88	40.73
2	198.6329	4.0183		96.88	
3	358.8891	8.8572	1.43700	96.26	95.10
4	-355.7759	0.1500		96.26	
5	130.4780	11.3725	1.43700	94.62	95.10
6	5914.4913	d6		94.62	
7	-3492.1288	1.2000	1.48749	32.18	70.44
8	199.0207	7.9584		32.18	
9	-261.4650	0.8000	1.69680	31.22	55.46
10	70.8680	3.1913		29.86	
11	-70.5567	0.8000	1.69680	29.86	55.46
12	70.5567	3.1562	1.84666	31.22	23.78
13	-539.3451	d13		31.22	
14	90.7782	3.2278	1.80610	32.50	33.27
15	-348.4940	0.1500		32.50	
16	64.3291	3.3629	1.58913	32.50	61.25
17	539.6359	0.7294		32.50	
18	51.6072	6.6909	1.49700	30.90	81.61
19	-89.3779	1.0000	1.80610	30.90	33.27
20	193.2822	4.0649	1.49700	30.90	81.61
21	-147.5437	1.5690		30.90	
22	34.1240	4.6996	1.58144	25.78	40.89
23	-1023.3555	0.9000	1.91082	25.78	35.25
24	28.9467	3.4543		22.74
25	-57.9952	0.9000	2.00100	22.74	29.13
26	215.7552	2.3577	1.62004	22.90	36.30
27	-91.7648	2.0000		22.90	
28	AS	d28		20.992
29	78.5867	3.4125	1.64769	24.38	33.84
30	-59.9898	0.1500		24.38	
31	37.3123	4.3027	1.48749	22.68	70.44
32	-56.5416	0.9000	1.95375	22.68	32.32
33	315.8381	d33		22.68	
34	75.3458	0.8000	1.84666	22.80	23.78
35	26.1306	5.3276		22.80	
36	255.6785	2.5624	1.69895	22.48	30.05
37	-57.2849	0.8000	1.72916	23.35	54.67
38	298.2516	2.2898		23.35
39	-34.6488	1.8081	1.49700	23.35	81.61
40	34.6488	5.7346	1.72342	27.24	37.99
41	-66.6029	Bf		27.24	
[figure]
source	Data/JP2015-203827_Figure01P.png
originX	15.34
originY	94.89
ppmm	1.873
[notes]
