[descriptive data]
title	JP 2011-227124 Example 4 (Sigma 8-16mm F4.5-5.6 DC HSM)
[variable distances]
Focal Length	8.30	12.00	15.40	undefined	undefined	undefined
Angle of View	121.51	100.24	84.50	undefined	undefined	undefined
F-Number	4.60	4.98	5.48	undefined	undefined	undefined
Image Height	28.4	28.4	28.4	28.4	28.4	28.4
Magnification	0	0	0	-0.025	-0.025	-0.025
d0	Infinity	Infinity	Infinity	307.0004	454.8709	590.975
d4	9.7500	9.7500	9.7500	9.1160	9.3137	9.4109
d10	21.7440	9.3400	4.1590	22.3780	9.7763	4.4981
d14	8.9380	4.8490	1.4570	8.9380	4.8490	1.4570
d19	0.9000	5.0490	8.8610	0.9000	5.0490	8.8610
Bf	38.3000	42.7400	46.4000	38.3000	42.7400	46.4000
[lens data]
1	34.375	2.000	1.91082	57.56	35.25
2	23.315	9.217		43.82
3	77.609	3.500	1.77250	45.99	49.62
4	19.101	d4		33.34
5	26.000	1.798	1.77250	29.19	49.62
6	14.764	5.922		23.06
7	-381.604	0.900	2.00099	24.86	29.14
8	30.218	0.489		21.11
9	24.892	3.902	1.91082	23.63	35.25
10	243.705	d10		23.63
11	AS	1.500		7.289
12	42.616	0.800	1.77250	8.92	49.62
13	9.245	2.710	1.72824	8.92	28.32
14	-143.935	d14		8.92
15	-45.513	4.477	1.43700	15.16	95.00
16	-9.227	0.800	1.77250	15.16	49.62
17	-19.281	0.157		15.16
18	71.832	4.628	1.43700	17.23	95.00
19	-16.259	d19		17.23
20	-59.959	2.334	1.49700	22.49	81.61
21	-24.478	0.850	1.91082	22.49	35.25
22	20.242	7.503	1.43700	22.49	95.00
23	-22.900	1.134		22.49
24	1000.000	5.929	1.43700	26.98	95.00
25	-22.872	0.201		26.98
26	-30.248	0.100	1.51840	26.62	52.09
27	-28.828	2.518	1.48749	26.96	26.96
28	-22.409	Bf		27.59
[aspherical data]
3	77.609	6.1544	3.1091E-05	-1.0600E-07	2.3118E-10	-2.3614E-13	8.7678E-17
4	19.101	-1.1163	1.3029E-05	5.7507E-08	-4.0726E-10	1.6176E-12	
5	26.000	1.708	-3.4617E-05	3.5229E-07	-2.6930E-09	1.2629E-11	-2.5895E-14
26	-30.248	0	-1.0691E-05	2.0126E-08	-2.8886E-11	4.4481E-13	
[figure]
source	Data/JP2011-227124_Figure24P.png
originX	12.53
originY	65.53
ppmm	2.013
[notes]
Bill: Not a perfect match but OK.
