[descriptive data]
title	JP 2002-365547 Example 1 (Canon EF28-105mm f3.5-4.5 II USM)
[constants]
[variable distances]
Focal Length	28.90	50.00	101.37
Angle of View	73.64	46.80	24.10
F-Number	3.63	4.08	4.67
Image Height	43.2	43.2	43.2
Magnification	0	0	0
d0	Infinity	Infinity	Infinity
d5	1.95	13.77	28.64
d13	14.66	8.32	1.96
d19	1.71	4.65	7.60
d22	7.34	4.40	1.45
Bf	38.89	45.43	51.69
Aperture Diameter	15.020	15.628	15.809
[lens data]
1	92.120	1.50	1.846660	49.96	23.9
2	48.944	6.14	1.622992	49.96	58.2
3	288.630	0.12		49.96	
4	45.314	5.05	1.712995	45.14	53.9
5	137.567	d5		45.14	
6	62.216	1.20	1.834000	26.40	37.2
7	12.967	5.23		19.62	
8	-73.291	1.05	1.804000	19.62	46.6
9	28.965	0.10		19.62	
10	21.363	5.16	1.846660	18.36	23.9
11	-57.228	0.63		16.46
12	-28.337	1.00	1.772499	16.46	49.6
13	1052.655	d13		16.90	
14	AS	0.07		15.020
15	25.369	0.90	1.846660	18.30	23.9
16	13.484	5.35	1.622992	18.30	58.2
17	-63.416	0.12		18.30	
18	35.055	2.66	1.603112	18.22	60.6
19	-141.558	d19		18.22	
20	-40.005	3.63	1.698947	17.86	30.1
21	-12.178	1.55	1.712995	17.86	53.9
22	105.139	d22		17.86	
23	780.731	4.99	1.487490	22.42	70.2
24	-17.767	0.12		22.42	
25	58.656	2.83	1.589130	22.42	61.1
26	-93.652	3.06		21.76
27	-17.953	1.40	1.846660	21.76	23.9
28	-50.156	Bf		24.16	
[figure]
source	Data/JP2002-365547_FigureP.png
originX	45.58
originY	110.48
ppmm	2.033
[notes]
