[descriptive data]
title	JP 2009-175324 Example 1 (Canon EF-S18-200mm f3.5-5.6 IS)
[constants]
[variable distances]
Focal Length	18.60	49.94	193.23
Angle of View	72.58	30.60	8.08
F-Number	3.60	4.70	5.88
Image Height	26.82	26.82	26.82
Total Length	undefined	undefined	undefined
Magnification	0	0	0
d0	Infinity	Infinity	Infinity
d5	2.16	27.19	54.51
d13	24.99	13.41	2.85
d19	2.63	5.84	7.99
d24	6.00	2.79	0.64
Bf(p)	undefined	undefined	undefined
Bf	38.19	53.78	68.55
Aperture Diameter	14.217	14.619	14.817
[lens data]
1	137.336	2.00	1.806100	58.26	33.3
2	54.813	9.35	1.496999	54.04	81.5
3	-433.462	0.15		58.40	
4	54.024	6.20	1.603112	49.12	60.6
5	383.450	d5		49.12	
6	80.126	1.20	1.834807	25.76	42.7
7	13.369	5.98		18.54	
8	-31.496	0.90	1.772499	18.54	49.6
9	72.963	0.15		19.76	
10	26.229	5.60	1.805181	19.22	25.4
11	-26.229	0.38		19.22	
12	-22.000	0.85	1.772499	19.22	49.6
13	91.549	d13		20.30	
14	AS	0.57		14.217
15	32.210	3.10	1.583126	16.22	59.4
16	-83.830	0.15		16.22	
17	25.667	0.90	1.805181	16.62	25.4
18	14.762	4.90	1.487490	15.52	70.2
19	-40.116	d19		16.48	
20	-81.012	0.70	1.712995	12.74	53.9
21	13.552	2.20	1.806100	12.74	33.3
22	34.802	3.05		12.27	
23	-20.347	1.10	1.834807	14.50	42.7
24	-49.082	d24		14.50	
25	38.032	6.25	1.496999	22.46	81.5
26	-23.501	3.41		22.46	
27	160.167	8.70	1.583126	23.36	59.4
28	-14.217	2.01	1.834807	23.36	42.7
29	-51.096	Bf		23.36	
[aspherical data]
16	-83.830	0	9.19247E-06	5.07959E-09		
27	160.167	0	-1.00175E-05	-6.53404E-09	-1.88855E-12	4.62133E-13
[figure]
source	Data/JP2009-175324_Figure01aP.png
originX	11.50
originY	85.51
ppmm	2.068
[notes]
Bill: Canon APS-C and Bf measured.
