[descriptive data]
title	JP 2017-116646 Example 1 (Tamron 18-400mm F/3.5-6.3 Di II VC HLD)
[constants]
[variable distances]
Focal Length	18.5105	85.0242	389.0000
Angle of View	79.26	18.80	4.18
F-Number	3.4	5.6	6.5
Image Height	29.00	29.00	29.00
Magnification	0	0	0
d0	Infinity	Infinity	Infinity
d5	1.8561	44.0188	88.6992
d14	38.5961	12.5485	1.3000
d22	1.7808	7.3487	6.9699
d25	20.9363	4.2715	1.1000
Bf	39.7621	83.4278	99.8643
[lens data]
1	162.9000	1.2000	1.91082	61.88	35.25
2	80.6000	8.6000	1.49700	60.30	81.61
3	-442.0000	0.1500		60.30
4	75.8600	6.6000	1.55032	58.70	75.49
5	524.0000	d5		58.70
6	127.2810	0.1600	1.51460	31.48	49.96
7	100.9000	0.9000	1.91082	31.48	35.25
8	17.3500	6.2191		23.92
9	-50.8000	0.8000	1.61800	23.92	63.39
10	18.8700	0.0000		23.44	
11	18.8700	5.5300	1.84666	22.68	23.78
12	-89.6100	1.7168		22.68	
13	-25.5000	0.7000	1.88100	21.39	40.14
14	-102.5000	d14		21.79
15	AS	1.2000		18.940
16	140.0000	2.9700	1.51680	21.65	64.20
17	-40.6000	0.1500		21.65
18	44.6500	3.2000	1.49700	21.54	81.61
19	-71.7000	0.1500		21.54
20	30.5500	4.5500	1.48749	21.51	70.44
21	-37.8000	0.7000	1.84666	21.51	23.78
22	-282.1400	d22		21.51
23	-52.0988	0.9000	1.85135	18.30	40.10
24	20.7200	2.8800	1.80809	18.30	22.76
25	70.3000	d25		18.30
26	48.7858	3.8300	1.59201	21.85	67.02
27	-39.5114	0.1500		21.85
28	-165.0000	0.7000	1.91082	21.74	35.25
29	17.8700	5.9000	1.60342	21.74	38.01
30	-54.8000	Bf		21.74
[aspherical data]
6	127.281	-94.0000	1.23678E-05	-1.16542E-08	-1.13405E-10	7.30168E-13	-1.27023E-15
23	-52.0988	1.6893	8.42359E-06	4.45558E-09	2.18109E-10	-4.42521E-12	2.61402E-14
26	48.7858	3.5416	2.18061E-06	-1.04542E-07	1.57166E-10	1.35803E-11	-1.33982E-13
27	-39.5114	-15.8612	-2.12029E-05	5.01726E-08	-7.40334E-10	1.65997E-11	-1.34975E-13
[figure]
source	Data/JP2017-116646_Figure01P.png
originX	32.59
originY	384.24
ppmm	9.943
[notes]
