[descriptive data]
title	JP 2019-117419 Example 1 (Sigma 20mm F1.4 DG HSM Art)
[variable distances]
Focal Length	20.69	undefined
Angle of View	93.69	93.48
F-Number	1.46	1.48
Image Height	43.26	43.26
Total Length	161.26	161.26
Magnification	0	-0.02494
S	Infinity	959
d0	Infinity	798.2357
d11	7.5732	6.5175
d16	5.2496	5.7528
d27	36.5001	37.0527
Bf	0	0
[lens data]
1	55.8667	2.0000	1.92286	72.21	20.88
2	32.1880	11.1453		58.50
3	39.6726	3.0000	1.69350	59.11	53.20
4	20.4304	19.6930		51.02	
5	518.9274	1.9000	1.49700	50.16	81.61
6	46.5995	7.4808		46.74	
7	88.5605	8.0408	1.88300	47.69	40.80
8	-88.5605	2.8258		47.69
9	-48.6468	1.9000	1.43700	45.90	95.10
10	63.2408	6.9907	2.00100	47.69	29.13
11	-165.6233	d11		47.69
12	48.7700	5.3297	1.59282	34.58	68.63
13	-173.3714	0.2000		34.58	
14	55.4982	5.8716	1.59282	31.82	68.63
15	-55.4982	0.9000	1.80610	31.82	33.27
16	26.2988	d16		26.48	
17	AS	3.1958		25.263
18	-149.9250	8.4815	1.43700	28.58	95.10
19	-17.7149	0.9000	1.80610	28.58	33.27
20	112.1600	3.2223	1.59282	30.01	68.63
21	-112.1600	0.1500		30.01
22	61.3754	7.6624	1.59282	32.43	68.63
23	-36.1032	0.1500		32.43
24	-205.2853	0.9000	1.70154	32.72	41.15
25	51.6317	0.3905		32.72
26	54.8683	7.1599	1.76450	32.72	49.10
27	-39.1917	d27		32.72
28	CG	1.4500	1.52301	45.78	58.59
29	CG	1.0000		45.78	
[aspherical data]
3	39.6726	-2.4116	6.66830E-07	-8.65320E-09	1.57870E-11	-1.44600E-14	5.75550E-18
4	20.4304	-0.9479	-1.12480E-07	-1.99500E-08	3.17347E-11	-3.47710E-14	1.78990E-17
26	54.8683	0	-3.08870E-06	-3.81950E-09	1.59760E-11	-2.59380E-14	
27	-39.1917	0	4.54650E-06	-3.84130E-09	1.68370E-11	-1.13420E-14	
[figure]
source	Data/JP2019-117419_Figure01P.png
originX	26.67
originY	141.06
ppmm	3.276
[notes]
Bill: Magnification measured; probably -1/40
