[descriptive data]
title	JP 2020-118738 Example 1 (Panasonic Lumix S 24-105mm F4 Macro OIS)
[variable distances]
Focal Length	25.0078	50.1541	100.5897	undefined
Angle of View	81.9616	46.5370	24.1212	undefined
F-Number	4.12027	4.12016	4.12031	undefined
Image Height	39.2000	43.2660	43.2660	43.2660
Total Length	136.5010	148.5300	180.7900	180.7900
Magnification	0	0	0	-0.5
S	Infinity	Infinity	Infinity	300
d0	Infinity	Infinity	Infinity	117.41
d6	0.7000	12.7290	32.9890	32.9890
d14	27.0720	8.8540	0.9570	0.9570
d27	1.8000	2.6200	1.8000	15.5600
d29	16.1250	14.5550	29.6400	15.8800
d33	21.0290	39.9970	45.6290	45.6290
Bf	0	0	0	0
Aperture Diameter	14.5400	18.2500	21.7860	21.7860
[lens data]
1	280.0000	1.700	1.92286	61.97	20.9
2	125.8144	0.005	1.56732	59.38	42.8
3	125.8144	4.900	1.72916	59.38	54.7
4	-2000.0000	0.200		59.38	
5	62.0870	5.440	1.72916	52.80	54.7
6	220.8867	d6		52.80
7	124.3864	1.200	1.77250	37.44	49.6
8	16.2116	10.360		26.75
9	-33.9290	1.200	1.80755	26.54	40.9
10	-209.7970	1.220		27.52
11	138.6744	3.330	1.92119	25.00	24.0
12	-43.1730	1.770		25.00
13	-24.4345	0.800	1.77250	24.51	49.6
14	-47.0000	d14		27.10
15	AS	1.200		14.5400
16	25.5000	4.550	1.68820	26.12	31.1
17	311.0946	0.700		26.12
18	19.3213	0.900	1.87070	25.56	40.7
19	13.6000	0.005	1.56732	23.46	42.8
20	13.6000	4.340	1.49700	23.46	81.6
21	24.1999	3.250		21.85
22	84.5703	0.800	1.84666	22.76	23.8
23	18.4419	0.005	1.56732	21.99	42.8
24	18.4419	5.210	1.43700	21.99	95.1
25	-96.2763	0.500		21.99
26	30.2374	5.000	1.55333	23.35	71.8
27	-50.7348	d27		23.35
28	-68.6757	1.470	1.55333	19.57	71.8
29	43.1408	d29		19.57
30	-106.5052	1.000	1.49700	32.57	81.6
31	1030.8842	0.200		34.74
32	61.5545	3.720	1.90043	38.10	37.4
33	449.3914	d33		38.10
34	CG	2.100	1.51680	43.62	64.2
35	CG	2.700		43.62	
[aspherical data]
9	-33.9290	0	4.45022E-05	-5.52511E-07	3.75457E-09	-1.55004E-11	2.73712E-14
10	-209.7970	0	3.22285E-05	-5.67377E-07	3.84163E-09	-1.61204E-11	2.85010E-14
16	25.5000	0	-5.20686E-07	5.98614E-08	-1.43541E-09	1.04537E-11	-3.02756E-14
17	311.0946	0	7.38509E-06	4.63019E-08	-1.39981E-09	1.04276E-11	-3.09412E-14
26	30.2374	0	3.90077E-06	-5.00465E-08	1.45882E-09	-1.62372E-11	9.28054E-14
27	-50.7348	0	1.50035E-05	-3.78157E-08	1.43815E-09	-1.72507E-11	1.03537E-13
28	-68.6757	13.5840	1.32500E-04	-1.71126E-06	1.83203E-08	-1.24693E-10	3.74570E-13
29	43.1408	1.27323	1.25914E-04	-1.60049E-06	1.58641E-08	-1.01935E-10	2.89438E-13
[figure]
source	Data/JP2020-118738_Figure01aP.png
originX	16.03
originY	135.50
ppmm	2.995
[notes]
Bill: Patent supplies Aperture Diameter. Close focus constructed from patent information.
