[descriptive data]
title	JP 2015-166834 Example 1 (Sony Vario-Tessar T FE 16-35mm F4 ZA OSS)
[constants]
[variable distances]
Focal Length	16.48	24.07	33.95
Angle of View	108.08	83.10	63.60
F-Number	4.07	4.08	4.09
Image Height	43.28	43.28	43.28
Magnification	0	0	0
d0	Infinity	Infinity	Infinity
d9	36.400	16.337	3.395
d15	5.491	5.300	4.703
d17	2.300	2.491	3.087
Bf	25.839	33.876	43.762
Aperture Diameter	13.107	15.340	18.315
[lens data]
1	1500.000	2.800	1.77173	53.44	49.2
2	22.170	7.193		37.74
3	57.806	1.800	1.83945	38.34	42.7
4	25.233	0.150	1.53699	33.53	41.7
5	28.164	9.466		33.11
6	-63.675	1.700	1.80831	33.09	46.5
7	-275.715	0.500		34.12	
8	64.870	4.067	2.00912	33.92	29.1
9	-187.494	d9		33.92
10	-119.397	1.700	1.57124	22.12	56.0
11	-49.774	0.900		22.12	
12	AS	1.300		13.107
13	24.504	2.800	1.74688	20.80	49.3
14	14.347	5.485	1.49845	20.80	81.5
15	188.679	d15		20.80	
16	46.745	3.500	1.48914	20.38	70.3
17	-51.179	d17		20.38	
18	91.996	1.113	1.80831	18.63	46.5
19	14.264	3.433	1.49845	18.63	81.6
20	28.727	0.850		16.76
21	20.480	6.509	1.49845	21.29	81.6
22	-23.194	3.411		21.29
23	-46.430	1.680	1.77767	20.13	47.1
24	55.000	Bf		21.31
[aspherical data]
1	1500.000	-1	1.5215E-05	-2.4220E-08	2.8219E-11	-1.9560E-14	5.5900E-18
2	22.170	-0.8006	5.8285E-06	2.3793E-08	-4.9708E-11	1.1524E-13	
5	28.164	-0.7179	2.1334E-05	1.2458E-08	-1.6800E-10	4.0809E-13	-5.8401E-16
13	24.504	0	-8.6923E-06	-2.5058E-08	1.1660E-10	-5.7880E-13	
16	46.745	0	1.0633E-05	-3.6480E-08	8.8691E-10	-1.1156E-11	
17	-51.179	0	-1.0859E-06	-7.5619E-08	8.8706E-10	-1.1124E-11	
23	-46.430	0	2.1652E-05	-5.8231E-07	2.9815E-09	-1.2507E-11	
24	55.000	0	6.1977E-05	-4.6543E-07	2.6378E-09	-7.1537E-12	
[figure]
source	Data/JP2015-166834_Figure01P.png
originX	21.52
originY	169.49
ppmm	4.137
[notes]
Bill: Looks like last minute minor design change that moved the last element slughtly.
