[descriptive data]
title	JP 2002-287031 Example 1 (Canon EF16-35mm f2.8L USM)
[constants]
[variable distances]
Focal Length	16.48	24.00	33.98
Angle of View	105.40	84.06	64.98
F-Number	2.91	2.91	2.91
Image Height	43.2	43.2	43.2
Magnification	0	0	0
d0	Infinity	Infinity	Infinity
d2	17.13	17.13	17.13
d7	21.32	8.57	1.15
d12	0.84	5.72	11.14
d19	10.50	5.62	0.20
d27	0.00	8.45	20.17
Bf(p)	undefined	undefined	undefined
Bf	39.80	39.80	39.80
Aperture Diameter	16.644	18.525	22.061
[lens data]
1	354.096	2.00	1.772499	50.64	49.6
2	20.876	d2		36.52	
3	-57.161	1.20	1.834807	33.26	42.7
4	45.992	0.17	1.516400	31.40	52.9
5	58.790	0.15		31.40	
6	39.985	5.00	1.846660	31.40	23.9
7	45023.874	d7		31.40	
8	50.064	1.30	1.805181	25.44	25.4
9	23.978	7.87	1.517417	25.44	52.4
10	-86.986	0.15		25.44	
11	41.297	4.24	1.729157	26.84	54.7
12	-102.959	d12		26.84	
13	AS	1.56		16.644
14	Infinity	1.45	1.882997	24.60	40.8
15	64.644	2.87		21.94
16	-32.134	1.05	1.723420	21.94	38.0
17	23.980	6.00	1.846660	24.34	23.9
18	-90.543	0.75		24.34	
19	FS	d19		25.93
20	33.308	7.82	1.496999	26.20	81.5
21	-23.638	1.20	1.846660	26.20	23.9
22	-39.483	0.20		26.20	
23	609.532	1.20	1.834000	27.60	37.2
24	25.430	6.65	1.496999	27.60	81.5
25	-76.734	0.15		27.60	
26	403.276	3.00	1.727380	29.08	40.4
27	-127.784	d27		29.08	
28	FS	Bf		34.29
[aspherical data]
1	354.095	0	1.58231E-05	-2.22241E-08	3.14479E-11	-2.60713E-14	1.06765E-17
5	58.790	0	1.35608E-05	7.23980E-09	-2.44015E-10	1.14767E-12	-1.84069E-15
27	-127.784	0	7.96756E-06	9.43530E-09	1.41718E-11	1.92943E-14	-1.20591E-16
[figure]
source	Data/JP2002-287031_Figure01WP.png
originX	23.49
originY	100.48
ppmm	2.165
[notes]
