[descriptive data]
title	JP 2018-205474 Example 1 (Canon TS-E90mm f2.8L Macro)
[constants]
Scaled	68.00	43.20
[variable distances]
Focal Length	88.13	undefined
F-Number	2.91	undefined
Image Height	68.00	68.00
Total Length	131.78	undefined
Magnification	0	-0.50067
d0	Infinity	222.47
d17	2.50	10.26
Bf	70.36	100.96
Aperture Diameter	25.184	24.13
[lens data]
1	70.446	2.09	1.51742	36.08	52.4
2	31.691	4.16		32.90	
3	59.642	3.48	1.83481	32.30	42.7
4	199.596	2.16		32.30	
5	-89.502	1.70	1.65412	31.43	39.7
6	58.551	0.16		31.43	
7	40.685	6.67	1.91082	32.22	35.3
8	-144.659	0.16		32.22	
9	35.724	8.45	1.49700	30.00	81.5
10	-42.942	1.90	1.67300	28.43	38.1
11	26.758	6.30		25.78	
12	AS	5.07		25.184
13	-27.804	1.70	1.74951	25.78	35.3
14	-89.917	3.97	1.77250	26.82	49.6
15	-31.456	0.16		27.55	
16	68.157	4.90	1.59522	27.61	67.7
17	-85.398	d17		27.61	
18	-189.334	1.61	1.57135	27.36	53.0
19	63.723	1.98		27.36	
20	-311.390	2.35	1.83400	28.43	37.2
21	-75.307	Bf		28.43	
[figure]
source	Data/JP2018-205474_Figure01P.png
originX	90.52
originY	123.56
ppmm	2.335
[notes]
Bill: Measured d0.
