[descriptive data]
title	JP 2014-126652 Example 3 (Sigma 50mm F2.8 (dp3 Merrill/Quattro))
[constants]
[variable distances]
Focal Length	48.72	undefined
Angle of View	32.05	30.10
F-Number	2.91	3.12
Image Height	28.40	28.40
Total Length	55.00	undefined
Magnification	0	-0.1
d0	Infinity	503.36
d11	1.8000	4.2909
Bf	8.8352	8.8352
[lens data]
1	24.8702	3.9377	1.88300	23.04	40.80
2	143.8625	1.7773		23.04	
3	18.4598	3.7358	1.59282	16.90	68.62
4	-133.1738	0.8000	1.80610	16.90	33.27
5	15.3383	4.4992		13.14
6	AS	6.7172		10.600
7	-15.1537	0.8000	1.90366	10.01	31.32
8	24.2003	3.3262	1.83481	13.54	42.72
9	-18.3336	0.1500		13.54	
10	36.4736	2.1561	1.83400	15.78	37.34
11	-85.1508	d11		15.78	
12	44.3715	0.8000	1.62004	16.90	36.30
13	16.4586	2.5073		16.90	
14	-412.6963	3.8324	1.84666	18.86	23.78
15	-26.2443	2.9513		18.86	
16	-14.7356	0.8000	1.80420	18.66	46.50
17	-122.8394	0.9580		21.78	
18	104.8826	4.6192	1.80834	26.30	40.92
19	-78.8550	Bf		26.30	
[aspherical data]
19	-78.8550	0	-3.70226E-05	1.10203E-08	-2.88695E-11	1.86588E-13
[figure]
source	Data/JP2014-126652_Figure11P.png
originX	15.52
originY	68.88
ppmm	4.648
[notes]
Bill: d0 measured.
