[descriptive data]
title	JP 2019-023693 Example 1 (Olympus M.Zuiko ED 45mm F1.2 Pro)
[constants]
[variable distances]
Focal Length	44.10	43.72	42.17
Angle of View	27.57	27.48	27.23
F-Number	1.28	1.30	1.34
Image Height	21.64	21.64	21.64
Total Length	101.22	101.22	101.22
Magnification	0	-0.02501	-0.10387
S	Infinity	2000	500
d0	Infinity	1738.8853	398.7806
d16	1.7000	2.9131	6.9499
d18	9.5346	8.3215	4.2847
Bf	0	0	0
[lens data]
1	64.8169	5.7367	1.95375	46.76	32.32
2	Infinity	0.5471		46.76	
3	30.5121	4.3742	1.92286	37.26	20.88
4	34.7793	3.5949		31.36	
5	97.2682	1.0000	1.64769	31.99	33.84
6	20.7908	7.1072		26.95	
7	AS	5.6691		24.724
8	-27.7117	1.0000	1.75211	25.85	25.05
9	27.7117	7.5177	1.85135	30.17	40.10
10	-68.5749	0.1629		30.17	
11	80.4340	6.5884	1.59282	33.79	68.63
12	-41.9887	0.8000	1.85478	33.79	24.80
13	41.9887	7.3908	1.87070	33.79	40.73
14	-56.2507	0.1500		33.79	
15	153.3223	4.4981	1.92286	33.79	20.88
16	-70.6979	d16		33.79	
17	80.4673	0.7000	1.56732	29.47	42.84
18	21.5186	d18		25.69	
19	32.2679	5.2311	1.92286	26.46	20.88
20	-123.4875	0.3677		26.46	
21	1000.0000	3.4186	1.87070	24.86	40.73
22	-40.1517	0.8000	1.80809	24.86	22.76
23	23.4881	2.2933		21.47	
24	37.4085	2.5209	1.87070	23.40	40.73
25	73.6554	13.5159		23.40	
26	CG	4.0000	1.51680	23.38	64.20
27	CG	1.0000		23.38	
[aspherical data]
10	-68.5749	0	8.2798E-06	5.6270E-09	9.9887E-12	-5.9866E-15
[figure]
source	Data/JP2019-023693_Figure01P.png
originX	28.42
originY	448.05
ppmm	19.337
[notes]
Bill: Magnification measured.
