[descriptive data]
title	JP 2017-167327 Example 1 (Panasonic Leica DG Summilux 12mm F1.4 Asph)
[constants]
[variable distances]
Focal Length	11.98	11.94	11.82
Angle of View	89.28	89.27	89.18
F-Number	1.45	1.45	1.46
Image Height	21.64	21.64	21.64
Total Length	89.00	89.00	89.00
Magnification	0	-0.02498	-0.09357
d0	Infinity	462.07	111.00
d22	3.7600	3.3002	2.0736
d24	1.5000	1.9598	3.1864
Bf	0	0	0
[lens data]
1	89.53	4.32	1.51680	41.02	64.20
2	522.20	0.68		38.02	
3	32.00	1.40	1.70154	28.14	41.15
4	12.18	3.93		20.86	
5	23.45	1.00	1.58913	20.17	61.25
6	12.40	6.41		17.69	
7	-22.30	1.00	1.43700	16.90	95.10
8	64.96	2.74	1.80610	16.23	33.27
9	-64.96	1.00		15.84	
10	FS	8.85		14.90	
11	-13.02	1.40	1.60342	16.79	38.01
12	-18.56	0.85		18.57	
13	AS	1.00		21.10	
14	57.77	5.61	1.83481	22.77	42.72
15	-29.22	0.15		23.18	
16	-51.48	0.80	1.74077	22.72	27.76
17	-192.39	0.15		22.70	
18	53.25	8.55	1.43700	22.52	95.10
19	-17.42	1.00	1.90366	21.81	31.32
20	-26.07	0.15		22.36	
21	-384.40	2.00	1.58913	21.29	61.25
22	-61.70	d22		21.08	
23	30.00	2.80	1.48749	19.74	70.45
24	210.95	d24		19.20	
25	37.95	0.80	1.80610	19.07	33.27
26	17.82	2.66		18.51	
27	54.88	6.35	1.55032	19.02	75.50
28	-17.08	1.00	1.84666	19.57	23.78
29	-27.35	11.94		20.40	
30	CG	4.20	1.51680	21.38	64.20
31	CG	1.00		21.58	
[aspherical data]
5	23.45	0	1.2250E-05	3.9007E-07	-5.8222E-09	5.3837E-11	-1.7991E-13
22	-61.70	0	2.7252E-05	-1.1008E-08	5.2478E-11	-3.6856E-13	2.1505E-16
[figure]
source	Data/JP2017-167327_Figure01P.png
originX	45.09
originY	186.30
ppmm	4.920
[notes]
Bill: Patent diameters. Magnification measured.
