[descriptive data]
title	JP 2021-189377 Example 1 (Nikon Nikkor Z 24-50mm f/4-6.3)
[constants]
[variable distances]
Focal Length	24.726	34.711	48.503
Angle of View	82.546	64.026	48.208
F-Number	4.080	5.115	6.337
Image Height	43.400	43.400	43.400
Total Length	85.702	83.311	85.334
Magnification	0	0	0
d0	Infinity	Infinity	Infinity
d6	19.973	10.326	3.170
d17	8.661	9.998	11.938
d21	4.448	10.367	17.606
Bf	11.438	11.381	11.301
Aperture Diameter	11.562	11.215	11.203
[lens data]
1	71.885	1.20	1.69680	33.04	55.46
2	15.312	7.80		25.09
3	-298.152	1.57	1.53048	26.41	55.72
4	93.305	1.78		26.41	
5	26.391	2.21	1.92286	24.52	20.88
6	37.810	d6		22.98
7	21.710	2.23	1.49700	15.53	81.61
8	383.239	0.25		15.53	
9	31.562	3.16	1.49700	15.48	81.61
10	-20.356	0.01	1.51400	15.48	27.05
11	-20.356	0.89	1.70154	15.48	41.24
12	103.171	1.36		14.23	
13	AS	3.41		11.562
14	22.656	4.20	1.58313	13.73	59.46
15	-32.267	2.51		13.73
16	21.017	1.00	1.64769	14.10	33.84
17	11.988	d17		12.83
18	-27.734	0.90	1.83481	17.71	42.72
19	-393.550	1.85		20.02
20	-135.797	1.50	1.53048	20.19	55.72
21	-189.242	d21		22.62
22	-99.603	4.89	1.64769	36.81	33.84
23	-34.470	Bf		38.59
[aspherical data]
3	-298.152	0	1.99678E-05	-8.24417E-08	-2.12200E-11				
4	93.305	0	1.73101E-05	-1.05802E-07	-1.53034E-10				
14	22.656	0	-1.98288E-05	1.05587E-07	4.37228E-09				
15	-32.267	0	3.67654E-05	1.03408E-07	4.94217E-09				
20	-135.797	0	-5.93134E-05	-2.83344E-06	1.13683E-07	-2.41213E-09	2.81858E-11	-1.74792E-13	4.56347E-16
21	-189.242	0	-3.19651E-05	-2.14179E-06	7.43176E-08	-1.36585E-09	1.38436E-11	-7.40158E-14	1.64402E-16
[figure]
source	Data/JP2021-189377_Figure01WP.png
originX	196.70
originY	194.52
ppmm	5.169
[notes]
Bill: Repaired some aspherical exponents.
