[descriptive data]
title	JP 2001-350095 Example 1 (Canon EF28-200mm f3.5-5.6 USM)
[constants]
[variable distances]
Focal Length	28.92	80.00	193.14
Angle of View	73.60	30.26	12.78
F-Number	3.63	5.06	5.88
Image Height	43.2	43.2	43.2
Magnification	0	0	0
d0	Infinity	Infinity	Infinity
d5	2.34	28.59	47.13
d15	18.54	9.12	1.75
d21	1.62	7.04	9.36
d24	8.34	2.92	0.60
Bf(p)	undefined	undefined	undefined
Bf	38.24	52.47	59.77
Aperture Diameter	17.142	16.779	16.633
[lens data]
1	101.683	1.50	1.846660	60.56	23.9
2	55.565	8.32	1.622992	57.76	58.2
3	496.783	0.15		57.76
4	54.265	6.12	1.622992	54.14	58.2
5	176.850	d5		54.14	
6	64.293	0.05	1.514210	27.22	51.4
7	56.013	1.15	1.834000	27.22	37.2
8	14.052	5.43		20.40	
9	-54.275	1.00	1.834807	20.40	42.7
10	37.401	0.12		20.40	
11	25.079	3.85	1.846660	18.84	23.9
12	-45.611	1.06		18.84	
13	-21.102	0.90	1.804000	17.44	46.6
14	93.584	1.79	1.846660	19.28	23.9
15	-172.765	d15		19.28	
16	AS	0.71		17.142
17	31.704	4.36	1.518229	19.22	58.9
18	-29.422	0.15		19.22	
19	33.868	4.93	1.517417	18.80	52.4
20	-19.636	0.90	1.846660	18.80	23.9
21	-103.829	d21		18.80	
22	-36.508	2.59	1.728250	17.68	28.5
23	-15.708	0.90	1.882997	17.68	40.8
24	-157.510	d24		17.68	
25	76.073	6.02	1.583126	22.94	59.4
26	-20.778	4.70		22.94	
27	666.832	2.23	1.518229	22.22	58.9
28	-56.641	2.30		22.22	
29	-18.982	1.20	1.806098	21.45	40.9
30	-88.169	Bf		23.22	
[aspherical data]
6	64.293	0	4.38644E-06	2.81127E-08	-2.86365E-10	1.27865E-12
26	-20.778	0	1.07579E-05	1.68849E-08	7.49501E-12	-1.82624E-13
[figure]
source	Data/JP2001-350095_Figure01WP.png
originX	16.50
originY	79.50
ppmm	1.869
[notes]
