[descriptive data]
title	JP 2003-329924 Example 2 (Tamron SP AF 180mm F3.5 Di LD [IF] Macro B01)
[constants]
[variable distances]
Focal Length	176.9587	138.9217	95.3078
Angle of View	undefined	undefined	undefined
F-Number	3.536	4.285	5.440
Image Height	43.266	43.266	43.266
Magnification	0	-0.5	-1
d0	Infinity	416.85	252.08
d11	4.7192	20.999	36.7439
d16	36.5923	19.3121	3.5676
d17	15.2508	9.1087	3.2000
d22	15.1456	20.2861	25.1986
Bf	59.274	60.275	61.271
Aperture Diameter	28.400	25.321	21.576
[lens data]
1	124.9298	8.0	1.48749	62.22	170.21
2	-216.3838	1.0		62.22	
3	73.4708	7.3	1.49700	56.26	81.61
4	5000.0000	1.3		56.26	
5	-310.0000	2.5	1.83400	54.96	87.17
6	189.6149	1.8		56.26
7	88.5288	7.0	1.49700	49.60	81.61
8	-550.5219	1.55		49.60	
9	63.2121	3.5	1.74400	42.85	44.79
10	30.1325	7.9	1.51633	38.04	64.15
11	101.5288	d11		38.04	
12	-276.4818	1.6	1.69680	33.15	55.50
13	54.3013	7.8		33.15
14	337.0294	1.5	1.69680	31.31	55.50
15	36.1850	3.6	1.84666	31.31	23.78
16	78.2686	d16		31.31
17	AS	d17		28.400
18	89.9572	3.2	1.58913	30.79	61.18
19	-141.0514	0.5		30.79
20	1098.9536	5.0	1.58913	30.79	61.18
21	-40.5337	1.5	1.72825	30.79	28.46
22	-74.2308	d22		30.79
23	-69.3962	1.5	1.53172	29.26	48.91
24	37.0359	7.3		29.26
25	46.1038	3.3	1.67003	32.70	47.25
26	190.0000	Bf		32.70	
[figure]
source	Data/JP2003-329924_Figure05P.png
originX	52.48
originY	212.75
ppmm	4.112
[notes]
Bill: d0 measured.
