[descriptive data]
title	JP 2016-099362 Example 6 (Olympus M.Zuiko ED 30mm F3.5 Macro)
[constants]
[variable distances]
Focal Length	30.43	27.80	22.49
Angle of View	39.89	39.23	39.15
F-Number	3.56	4.07	5.04
Image Height	22.30	22.30	22.30
Total Length	71.61	71.61	71.61
Magnification	0	-0.5	-1
d0	Infinity	54.85	23.94
d10	1.80	7.96	15.56
d12	19.92	13.76	6.16
Bf	20.79	20.79	20.79
Aperture Diameter	9.350	8.362	6.719
[lens data]
1	-110.619	1.20	1.58913	13.06	61.15
2	9.864	1.57		11.92	
3	14.784	2.81	1.72342	12.12	37.95
4	-43.126	3.61		12.12	
5	AS	7.00		9.350
6	-8.479	0.80	1.76182	10.46	26.52
7	-211.110	3.32	1.79952	11.78	42.22
8	-12.930	0.10		13.00	
9	30.372	4.35	1.49700	14.12	81.61
10	-13.132	d10		14.12	
11	-115.656	1.00	1.51633	14.82	64.06
12	16.396	d12		14.82	
13	634.004	3.34	1.83481	23.76	42.73
14	-40.668	16.04		23.76	
15	CG	6.08	1.51633	23.98	64.14
16	CG	0.75		23.98	
[aspherical data]
1	-110.619	0	-3.32176E-05	5.48670E-07	-1.44850E-08	1.39256E-10
2	9.864	-1.967	1.28821E-04	-6.24774E-08	-1.87604E-08	2.57096E-10
9	30.372	0	-2.85655E-05	-1.62203E-07	3.86801E-09	-7.91556E-11
10	-13.132	0	7.16927E-05	1.84655E-07	-1.83473E-09	-2.03651E-11
11	-115.656	0	-9.84785E-06	1.29117E-06	-3.74635E-08	3.33054E-10
12	16.396	0	-1.28247E-05	1.02065E-06	-3.21827E-08	2.85706E-10
[figure]	
source	Data/JP2016-099362_Figure06P.png
originX	468.36
originY	221.31
ppmm	8.606
[notes]
Bill: d0 computed.
