[descriptive data]
title	JP 2016-021011 Example 4 (Nikon AF-S Nikkor 20mm f/1.8G ED)
[constants]
[variable distances]
Focal Length	20.6
Angle of View	94.16
F-Number	1.86
Image Height	43.2
Total Length	125.31
Magnification	0
d0	Infinity
Bf	39.31
P	23.25
P'	-34.92
H	38.14
H'	18.71
Aperture Diameter	21.692
[lens data]
1	44.748	2.05	1.72916	50.44	54.7
2	21.684	6.42		36.86	
3	37.165	1.70	1.72916	39.42	54.7
4	21.292	0.08	1.51380	33.80	53.0
5	17.396	10.52		33.80	
6	-164.083	1.90	1.49700	33.28	81.6
7	41.317	2.75		30.46	
8	73.126	5.75	1.80610	32.26	33.3
9	-50.534	0.01	1.51400	31.24	42.8
10	-50.534	1.89	1.84666	31.24	23.8
11	-217.291	0.15		31.24	
12	55.437	9.28	1.80518	29.96	25.5
13	508.643	7.51		29.96	
14	173.481	1.00	1.80420	26.36	46.5
15	40.958	0.20		23.95
16	26.018	6.47	1.63854	26.36	55.5
17	-45.032	0.15		26.36	
18	-157.818	3.82	1.59282	25.34	68.6
19	-25.619	0.01	1.51400	25.34	42.8
20	-25.619	1.10	1.80610	25.34	33.3
21	-86.163	1.50		25.34	
22	AS	7.31		21.692
23	-18.136	1.10	1.90366	20.22	31.3
24	-663.566	0.40		23.04	
25	310.584	4.88	1.69350	23.80	53.2
26	-26.434	2.20		23.80	
27	-106.408	5.85	1.61800	28.16	63.4
28	-20.279	36.31		28.16	
29	CG	2.00	1.51680	53.00	64.2
30	CG	1.00		53.00	
[aspherical data]
5	17.396	-0.14701	-1.4200E-05	-9.1344E-08	5.7092E-10	-3.8761E-12	1.1697E-14	-1.6800E-17
25	310.584	0	1.6819E-05	1.1963E-07	5.3088E-10	-7.1472E-13	-1.8781E-14	7.6960E-17
26	-26.434	-0.63616	3.5114E-05	1.1816E-07	8.6824E-10	-8.9067E-13	5.2841E-16	-1.7693E-17
[figure]
source	Data/JP2016-021011_Figure04P.png
originX	39
originY	355.5
ppmm	8.214
[notes]
Bill: P' and H' adjusted to last vertex.
