[descriptive data]
title	JP 2020-118807 Example Main Lens A (Canon RF28-70mm F2 L USM)
[constants]
[variable distances]
Focal Length	28.9	50.0	67.9
Angle of View	73.64	46.80	35.34
F-Number	2.06	2.06	2.06
Image Height	43.28	43.28	43.28
Total Length	157.51	170.61	179.07
Magnification	0	0	0
d0	Infinity	Infinity	Infinity
d5	3.93	20.98	29.21
d13	15.61	6.51	2.27
d21	8.67	4.59	3.61
d34	15.00	24.22	29.66
Bf	0	0	0
Aperture Diameter	27.094	31.101	33.797
[lens data]
1	187.418	2.20	1.80810	84.63	22.8
2	76.661	8.55	1.72916	73.27	54.7
3	335.605	0.15		73.27
4	58.970	8.05	1.77250	66.74	49.6
5	158.730	d5		66.74	
6	167.209	1.55	1.76902	44.05	49.3
7	20.639	9.56		31.05
8	-49.152	1.00	1.76385	31.05	48.5
9	26.487	8.15	1.85478	33.38	24.8
10	-51.463	1.45		29.20
11	-42.283	5.85	1.48749	29.37	70.2
12	-19.110	1.20	1.88300	29.37	40.8
13	-64.186	d13		32.65
14	AS	0.30		27.094
15	55.781	5.05	1.72916	40.58	54.7
16	Infinity	0.15		40.58
17	42.901	9.50	1.80400	38.79	46.6
18	-87.269	3.80		38.79
19	-50.369	1.50	1.73800	36.88	32.3
20	24.706	7.70	1.49700	32.81	81.5
21	166.989	d21		32.81
22	FS	-2.59		31.89
23	30.373	7.30	1.43875	35.32	94.7
24	-664.868	0.15		35.32
25	48.839	5.50	1.59522	33.14	67.7
26	-100.131	0.57		33.14
27	66.531	4.55	1.49700	32.80	81.5
28	-115.190	1.20	1.80610	32.80	33.3
29	51.069	3.84		28.62
30	-1000.000	3.00	1.85400	28.62	40.4
31	119.129	3.42		32.00
32	-39.992	1.30	1.48749	29.76	70.2
33	50.003	6.30	2.00100	36.99	29.1
34	-131.617	d34		36.99
35	CG	1.96	1.51633	50.98	64.1
36	CG	2.75		50.98	
[aspherical data]
6	167.209	0	4.38428E-06	-2.70954E-09	4.53124E-12	-5.11345E-16	2.85627E-18
13	-64.186	0	-2.04866E-06	-6.82741E-10	-2.06847E-11	9.28973E-14	-1.47499E-16
18	-87.269	0	2.64029E-06	-2.43625E-09	-1.84031E-12	-2.30946E-17	4.15861E-18
30	-1000.000	0	-4.43289E-05	-1.56326E-08	3.31996E-10	-1.13489E-12	2.02156E-15
31	119.129	0	-2.52968E-05	2.32789E-08	3.09529E-10	-9.01793E-13	1.19241E-15
[figure]
source	Data/JP2020-118807_Figure01P.png
originX	43.53
originY	130.52
ppmm	2.268
[notes]
