[descriptive data]
title	JP 2000-187161 Example 3 (Konica Minolta AF 24-105mm F3.5-4.5 D)
[constants]
[variable distances]
Focal Length	24.71	50.00	102.50
Angle of View	undefined	undefined	undefined
F-Number	3.60	4.10	4.60
Image Height	43.2	43.2	43.2
Total Length	undefined	undefined	undefined
Magnification	0	0	0
d0	Infinity	Infinity	Infinity
d6	1.900	14.386	34.324
d14	15.728	6.432	0.800
d21	5.723	1.701	0.900
Bf(p)	undefined	undefined	undefined
Bf	36.50	53.67	63.92
Aperture Diameter	14.403	16.961	17.478
[lens data]
1	197.186	2.000	1.83350	54.19	21.00
2	89.123	0.010	1.51400	51.15	42.83
3	89.123	5.800	1.61800	51.15	63.39
4	-844.873	0.100		51.15
5	41.124	5.300	1.69680	47.38	56.47
6	81.617	d6		47.38
7	142.980	1.000	1.85000	28.42	40.04
8	15.076	6.433		24.76	
9	-26.605	1.000	1.77250	19.35	49.77
10	85.910	0.200		19.35
11	40.342	3.740	1.75000	18.09	25.14
12	-26.314	1.475		18.09
13	-16.856	1.000	1.75450	21.84	51.57
14	-32.718	d14		21.84
15	AS	0.900		14.403
16	28.272	4.029	1.51680	18.80	64.20
17	-44.683	0.200		18.80
18	33.764	3.461	1.51823	19.92	58.96
19	-55.081	2.025		19.92
20	-24.385	1.000	1.75520	21.84	27.51
21	154.819	d21		19.86	
22	29.484	5.702	1.51680	21.17	64.20
23	-26.486	2.638		21.17
24	29.964	1.138	1.77450	21.13	44.46
25	16.852	Bf		21.13
[aspherical data]
7	142.98	0	1.3112223E-05	-4.5618329E-08	6.1980873E-10	-3.4820002E-12	8.6768803E-15
24	29.964	0	-1.6701462E-04	5.8514171E-07	-2.6712050E-09		
25	16.852	0	-1.4652391E-04	6.8705556E-07	-2.6388843E-09		
[figure]
source	Data/JP2000-187161_Figure03P.png
originX	14.56
originY	95.51
ppmm	2.458
[notes]
