[descriptive data]
title	JP 2019-211703 Example 1 (Sigma 45mm F2.8 DG DN C)
[variable distances]
Focal Length	43.93	36.81
Angle of View	51.1	49.9
F-Number	2.90	3.02
Image Height	43.26	43.26
Total Length	63.57	63.57
Magnification	0	-0.25098
S	Infinity	240
d0	Infinity	172.6297
d5	8.3114	4.8314
d10	1.7666	5.2466
Bf	2.0000	2.0000
[lens data]
1	23.3681	3.7585	1.77250	20.01	49.50
2	144.1153	0.3080		18.30	
3	45.1236	0.8000	1.51742	16.74	52.15
4	16.3472	4.6499		14.58	
5	AS	d5		12.90	
6	-12.2130	0.8000	1.69895	12.85	30.05
7	55.6607	4.2213	1.87070	14.54	40.73
8	-18.8353	0.1500		15.60	
9	37.4761	4.7493	1.58913	17.90	61.25
10	-23.9712	d10		18.50	
11	109.6497	0.9857	1.67300	18.97	38.26
12	21.1832	8.7012		19.20	
13	-19.7354	0.8000	1.75211	21.87	25.05
14	-29.9543	0.1500		23.66	
15	95.8651	2.5968	1.98612	28.20	16.48
16	-580.7065	16.3216		28.72	
17	CG	2.5000	1.51633	49.25	64.14
18	CG	2.0000		49.25
[aspherical data]
1	23.3681	0.7548	-1.0943E-05	-9.0526E-08	3.3856E-09	-6.8374E-11	7.5676E-13	-4.8496E-15	1.5425E-17	-1.8709E-20
2	144.1153	0	-2.3116E-06	1.4773E-07	-4.0502E-09	7.7863E-11	-9.6225E-13	6.3690E-15	-2.0898E-17	2.6920E-20
9	37.4761	-2.3178	-2.4796E-06	-9.6746E-09	-5.6804E-10	3.7440E-11	-7.5858E-13	7.5576E-15	-3.5787E-17	6.4474E-20
10	-23.9712	-2.65	-4.7357E-06	1.5970E-08	3.7484E-10	-1.2512E-11	2.6612E-13	-3.0274E-15	1.8357E-17	-4.2619E-20
[figure]
source	Data/JP2019-211703_Figure01P.png
originX	9.51
originY	113.45
ppmm	6.598
[notes]
Bill: Patent diameters including AD but not CG. Magnification measured.
