[descriptive data]
title	JP 2008-020656 Example 1 (Sigma Macro 70mm F2.8 EX DG)
[constants]
[variable distances]
Focal Length	68.9061	undefined	undefined
Angle of View	undefined	undefined	undefined
F-Number	2.8823	3.8824	5.0151
Image Height	43.2	43.2	43.2
Magnification	0	-0.4953	-1.0157
d0	Infinity	150.0000	79.0000
d16	1.5000	16.8000	31.0000
Bf	55.8157	65.7028	77.5409
[lens data]
1	369.55	1.80	1.54072	38.42	47.2
2	34.98	13.45		35.92	
3	46.16	5.65	1.77250	33.00	49.6
4	-135.90	0.15		33.00
5	31.73	3.50	1.69680	28.80	55.5
6	69.50	5.79		28.80
7	1000.00	1.00	1.60342	29.42	38.0
8	22.74	12.10		27.07
9	AS	4.20		20.997
10	-27.01	1.00	1.58144	22.40	40.9
11	101.88	4.70	1.56045	24.99	71.6
12	-35.28	1.85		24.99
13	1000.00	3.05	1.56045	26.11	71.6
14	-53.20	0.15		26.11
15	125.46	3.00	1.49700	26.56	81.6
16	-89.70	d16		26.56
17	Infinity	1.20	1.64000	28.68	60.2
18	52.82	2.60		25.82	
19	931.00	2.35	1.83481	29.38	42.7
20	-113.60	Bf		29.38	
[figure]
source	Data/JP2008-020656_Figure01AP.png
originX	14.58
originY	68.04
ppmm	2.944
[notes]
