[descriptive data]
title	JP 2013-257508 Example 1 (Sigma 18-250mm F3.5-6.3 DC Macro OS HSM)
[constants]
[variable distances]
Focal Length	18.68	67.10	241.00	undefined	undefined	undefined
Angle of View	76.06	22.84	6.60	undefined	undefined	undefined
F-Number	3.63	5.24	6.53	undefined	undefined	undefined
Image Height	28.40	28.40	28.40	28.40	28.40	28.40
Total Length	132.51	173.29	204.20	132.51	173.29	204.20
Magnification	0	0	0	-0.05276	-0.15810	-0.27973
d0	Infinity	Infinity	Infinity	317.4921	276.8007	245.8015
d5	2.4500	33.4700	56.5024	1.6060	31.0015	46.7633
d14	26.8130	11.9525	1.9531	27.6570	14.4210	11.6922
d15	2.0000	1.5007	0.8000	2.0000	1.5007	0.8000
d25	7.7170	2.1000	0.4500	7.7170	2.1000	0.4500
Bf	38.3000	69.0349	89.2686	38.3000	69.0349	89.2686
[lens data]
1	122.006	1.500	1.903658	49.52	31.31
2	64.092	7.231	1.496997	49.52	81.60
3	-257.176	0.150		49.52	
4	56.428	5.243	1.593493	46.68	67.00
5	241.203	d5		46.68	
6	200.053	0.100	1.518400	24.74	52.10
7	147.464	0.950	1.883000	24.62	40.80
8	14.520	5.163		17.30	
9	-28.273	0.800	1.772500	17.30	49.62
10	117.321	0.150		19.70	
11	33.915	4.369	1.846664	19.28	23.78
12	-29.307	0.517		18.50	
13	-22.759	0.800	1.772500	18.50	49.62
14	303.965	d14		18.50	
15	AS	d15		14.896
16	26.913	4.141	1.487490	17.34	70.44
17	-29.705	0.150		17.26	
18	27.231	4.723	1.496997	16.92	81.60
19	-21.427	0.800	1.910823	16.92	35.25
20	-306.219	2.696		16.92	
21	-43.735	1.000	1.772502	16.14	49.46
22	28.123	1.773	1.846664	16.14	23.78
23	78.843	0.962		16.14	
24	22.186	1.655	1.487490	17.54	70.44
25	31.941	d25		17.54	
26	30.633	4.497	1.592014	20.98	67.02
27	-28.895	0.587		20.98	
28	-195.135	0.800	1.910823	20.56	35.25
29	28.860	1.822		19.45
30	-356.716	2.649	1.567320	19.45	42.84
31	-34.357	Bf		20.48	
[aspherical data]
6	200.053	0	8.85010E-06	2.81130E-09	-1.03190E-10	3.54550E-13
21	-43.735	0	4.37960E-06	3.82667E-08	-1.66030E-10	1.33190E-12
26	30.633	0	-2.54270E-05	-1.05480E-07	1.45630E-09	1.66570E-12
27	-28.895	0	2.14090E-05	-8.39800E-08	1.09550E-09	4.56050E-12
[figure]
source	Data/JP2013-257508_Figure01P.png
originX	3.99
originY	56.97
ppmm	2.235
[notes]
Bill: Magnification measured.
