[descriptive data]
title	JP 2013-254160 Example 7 (Tamron 28-300mm F3.5-6.3 Di VC PZD)
[constants]
[variable distances]
Focal Length	28.7760	91.5000	291.2621
Angle of View	73.872	26.604	8.496
F-Number	3.628	5.549	6.459
Image Height	43.2	43.2	43.2
Magnification	0	0	0
d0	Infinity	Infinity	Infinity
d7	1.7749	29.8104	55.2778
d15	18.7563	9.2121	1.3652
d23	1.9370	3.9682	3.7576
d27	9.9943	3.2110	0.4000
Bf	40.1487	73.8282	89.5105
[lens data]
1	165.0566	1.0000	2.00100	57.36	29.13
2	78.5233	6.6500	1.49700	55.04	81.61
3	-728.4868	0.1400		55.04
4	70.3968	4.5500	1.59282	50.94	68.62
5	318.6441	0.0900		50.94
6	87.5928	2.4000	1.72916	48.44	54.67
7	168.6516	d7		48.44
8	119.1999	1.3000	1.85135	27.94	40.10
9	16.0730	6.0532		20.88
10	-26.4607	0.7000	1.77250	20.88	49.60
11	138.9702	0.1100		24.16
12	36.6745	4.2816	1.84666	18.34	23.78
13	-27.6602	0.8000		18.34
14	-19.8927	0.7000	1.77250	18.34	49.60
15	224.8288	d15		20.43
16	AS	1.0000		18.994
17	45.4709	2.3000	1.72916	20.50	54.67
18	-223.1183	0.0800		20.50
19	32.9276	3.8000	1.49700	20.84	81.54
20	-59.4375	0.1600		20.84
21	70.6213	3.2000	1.62263	20.13	58.16
22	-34.0838	0.7000	1.92286	20.13	20.88
23	-136.9124	d23		21.85
24	-80.5152	0.8000	1.82080	20.52	42.71
25	20.0389	2.6000	1.80809	19.32	22.76
26	48.4896	2.1000		19.32
27	FS	d27		19.88
28	37.4118	2.9000	1.49700	22.33	81.54
29	-235.3122	0.0800		22.33
30	46.5360	0.8000	1.80610	23.25	33.27
31	15.5102	10.2000	1.51742	22.61	52.43
32	-22.7166	2.6452		22.61
33	-26.2116	0.2000	1.51460	22.89	49.96
34	-23.8312	0.8000	1.79952	22.89	42.22
35	91.5604	0.2500		25.55
36	44.0886	2.6000	1.80518	25.33	25.46
37	307.7694	Bf		24.82
[aspherical data]
8	119.1999	0	6.94825E-06	-1.17836E-08	1.30232E-10	1.46115E-13
9	16.0730	0	1.58296E-07	-1.04078E-08	-2.04183E-10	3.55388E-12
21	70.6213	0	-1.41559E-05	-1.15301E-08	-1.73211E-11	5.79302E-14
24	-80.5152	0	7.26742E-06	-5.26032E-09	-3.07691E-11	3.26856E-13
33	-26.2116	0	-2.00950E-05	1.66528E-08	-3.86767E-10	2.95046E-12
[figure]
source	Data/JP2013-254160_Figure25P.png
originX	43.89
originY	327.80
ppmm	8.803
[notes]
