[descriptive data]
title	JP 2004-085846 Example 2 (Sigma APO 300-800mm F5.6 EX DG HSM)
[constants]
[variable distances]
Focal Length	302.21	500.70	775.24	undefined	undefined	undefined
Angle of View	8.2	5.0	3.2	undefined	undefined	undefined
F-Number	5.87	5.87	5.87	undefined	undefined	undefined
Image Height	43.2	43.2	43.2	43.2	43.2	43.2
Magnification	0	0	0	-0.04726	-0.07829	-0.12122
S	Infinity	Infinity	Infinity	7000.0	7000.0	7000.0
d0	Infinity	Infinity	Infinity	6417.77	6417.88	6417.93
d10	77.3219	77.3219	77.3219	48.1208	48.1208	48.1208
d14	10.6464	46.4999	62.5658	39.8475	75.7000	91.7669
d19	79.2845	44.9789	2.8766	79.2845	44.9789	2.8766
d22	7.5371	5.9891	32.0257	7.5371	5.9891	32.0257
Bf	54.90	54.79	54.74	54.90	54.79	54.74
[lens data]
1	148.4193	17.8134	1.45650	144.56	90.2
2	701.3108	3.8258		144.56	
3	256.4148	6.0000	1.77250	138.96	49.6
4	132.9824	8.8839		130.16	
5	133.1413	19.6058	1.45650	130.42	90.2
6	Infinity	84.4358		130.42	
7	-199.4209	4.0000	1.77250	85.36	49.6
8	199.4209	2.8600		88.28	
9	244.4766	9.6434	1.74400	89.36	44.9
10	-317.8195	d10		89.36	
11	178.9365	2.0000	1.58144	75.06	40.9
12	106.1618	1.1562		72.16	
13	108.8728	7.7125	1.48749	72.16	70.4
14	Infinity	d14		72.16	
15	750.6252	4.8500	1.80518	44.68	25.5
16	-89.8441	2.2839	1.60625	44.68	63.7
17	89.8441	4.5654		39.60
18	-86.4157	1.7000	1.77250	39.60	49.6
19	355.3057	d19		43.66	
20	165.8533	7.1706	1.56384	44.00	60.8
21	-51.4974	1.7000	1.80610	43.58	33.3
22	-94.9681	d22		43.58	
23	82.5500	5.6642	1.48749	40.16	70.4
24	-107.1323	7.8611		40.16	
25	-94.5376	1.4000	1.80610	35.68	40.7
26	232.2911	2.5692		35.68	
27	AS	36.5282		32.512
28	FS	33.9188		29.587
29	237.5871	6.0000	1.62004	38.04	36.3
30	-140.5366	13.5895		38.04	
31	Infinity	2.0000	1.51680	43.86	64.2
32	Infinity	45.7659		43.86
33	-46.8955	1.0347	1.78590	32.84	43.9
34	123.9133	0.7967		32.84	
35	75.4924	5.2020	1.51823	32.84	59.0
36	-75.4924	Bf		34.50	
[figure]
source	Data/JP2004-085846_Figure08P.png
originX	9.35
originY	57.53
ppmm	0.643
[notes]
Bill: Magnification measured, d0 computed. Moved filter s31/32 37mm to to match production diagram.
