[descriptive data]
title	JP 2010-152247 Example 1 (Sigma 50-200mm F4-5.6 DC OS HSM)
[variable distances]
Focal Length	51.59	99.94	194.18	undefined	undefined	undefined
Angle of View	32.16	16.23	8.35	undefined	undefined	undefined
F-Number	4.12	4.89	5.72	undefined	undefined	undefined
Image Height	29	29	29	29	29	29
Magnification	0	0	0	-0.06611	-0.12812	-0.24899
d0	Infinity	Infinity	Infinity	835.38	835.06	834.85
d2	10.0982	10.0982	10.0982	1.0184	1.0184	1.0184
d5	4.0128	17.2228	27.1429	13.0925	26.3025	36.2226
d10	27.0855	15.7527	2.7594	27.0855	15.7527	2.7594
d18	10.1849	9.7436	11.0230	10.1849	9.7436	11.0230
Bf(p)	undefined	undefined	undefined	undefined	undefined	undefined
Bf	39.55	51.45	63.22	39.55	51.45	63.22	39.55	51.45	63.22
[lens data]
1	292.0686	3.7068	1.5168	45.34	64.1983
2	-201.5273	d2		45.34	
3	48.2562	1.3000	1.8052	39.80	25.4564
4	34.0463	7.2842	1.4970	35.74	81.6084
5	-578.3373	d5		39.58	
6	-99.4911	1.0000	1.7130	21.66	53.9389
7	14.7661	4.2413	1.8052	21.66	25.4564
8	38.6286	2.0234		17.64
9	-40.4791	0.7500	1.8042	17.64	46.5025
10	244.5207	d10		19.52	
11	AS	1.6751		18.378
12	41.7698	2.8652	1.5168	21.24	64.1983
13	-194.1397	0.1500		21.24	
14	32.2954	2.9456	1.4875	21.24	70.4412
15	335.3027	0.6129		21.24	
16	43.1692	4.7282	1.4875	21.02	70.4412
17	-29.7868	2.5202	1.8052	21.02	25.4564
18	113.3599	d18		21.02	
19	659.0376	2.8892	1.7847	18.04	25.7208
20	-35.7165	3.9956		18.04	
21	31.7575	2.9992	1.5168	17.18	64.1983
22	142.8728	1.5541		15.92
23	-24.7218	1.0000	1.8042	15.92	46.5025
24	24.7218	2.8273	1.5814	17.18	40.8907
25	-678.0797	Bf		17.18	
[figure]
source	Data/JP2010-152247_Figure01P.png
originX	14.39
originY	62.97
ppmm	2.567
[notes]
Bill: nd missing for s16; repaired. Measured Magnification and d0.
