[descriptive data]
title	JP 2021-096331 Example 5 (Olympus M.Zuiko Digital ED 150-400mm F4.5 TC1.25x IS Pro without TC)
[constants]
[variable distances]
Focal Length	153.00	245.55	391.96
Angle of View	8.06	5.02	3.14
F-Number	4.59	4.59	4.59
Total Length	322.5887	322.5885	322.5887
Image Height	21.64	21.64	21.64
Magnification	0	0	0
d0	Infinity	Infinity	Infinity
d5	56.5303	84.9909	111.1452
d11	56.7653	28.3047	2.1504
d19	5.2138	6.8005	2.9200
d22	23.3087	20.2940	25.2850
d24	2.3050	3.7330	2.6225
Bf(p)	29.0642	29.0640	29.0642
Bf	0	0	0
[lens data]
1	151.1464	8.5577	1.48749	85.68	70.23
2	Infinity	20.0000		85.68	
3	132.8428	2.9000	1.67300	77.78	38.26
4	72.8416	12.5000	1.43875	75.02	94.66
5	497.8603	d5		75.02	
6	-521.8225	3.1000	1.85478	34.68	24.80
7	-93.0102	1.6000	1.48749	34.68	70.23
8	48.3195	2.5600	1.78472	31.94	25.68
9	56.5102	4.4178		31.94	
10	-72.4270	1.3500	1.78800	31.94	47.37
11	584.2709	d11		31.94	
12	AS	1.8000		31.594
13	55.6031	7.2608	1.49700	33.50	81.61
14	-96.9847	3.6608		33.50	
15	Infinity	1.5000	1.84666	33.50	23.78
16	101.6642	7.6741	1.43875	33.50	94.66
17	-101.6642	0.6381		33.50	
18	95.0019	9.9580	1.43875	33.48	94.66
19	-51.7949	d19		33.48	
20	212.9643	1.1000	1.77250	26.22	49.60
21	27.9380	2.4000	1.85478	24.96	24.80
22	38.7447	d22		24.96	
23	77.5188	1.0000	1.59270	18.48	35.31
24	30.1797	d24		18.48	
25	37.8085	3.2560	1.43875	18.98	94.66
26	-84.5146	1.6326		18.98	
27	477.7324	2.7773	1.85478	19.24	24.80
28	-37.1867	0.9000	1.59282	19.24	68.63
29	64.8958	2.1108		19.24	
30	-60.4635	0.9000	1.77250	18.26	49.60
31	41.4137	3.5801		18.26	
32	44.7727	3.4977	1.76200	18.62	40.10
33	-672.1776	30.4677		18.62	
34	111.9646	5.0020	1.85025	22.04	30.05
35	-41.4474	1.3000	1.94595	22.04	17.98
36	Infinity	24.3098		22.04
37	CG	4.1082	1.51633	29.50	64.14
38	CG	2.0450		29.50	
[aspherical data]
13	55.6031	0	-2.32812E-06	-3.60753E-10	1.07081E-13	-3.07466E-15
14	-96.9847	0	2.91882E-06	-7.53043E-11	5.04843E-13	-2.44305E-15
[figure]
source	Data/JP2021-096331_Figure05aP.png
originX	41.54
originY	118.49
ppmm	1.745
[notes]
