[descriptive data]
title	JP 2016-114800 Example 1 (Ricoh HD Pentax-DA 16-85mm F3.5-5.6ED DC WR)
[constants]
[variable distances]
Focal Length	16.48	35.00	82.45
Angle of View	84.2	43.6	19.2
F-Number	3.6	4.4	5.8
Image Height	28.48	28.48	28.48
Total Length	136.98	156.35	194.32
Magnification	0	0	0
d0	Infinity	Infinity	Infinity
d5	2.523	22.037	44.543
d15	25.030	10.550	1.825
d23	7.451	3.240	1.500
Bf	38.99	57.54	83.47
[lens data]
1	345.162	1.600	1.84666	57.06	23.8
2	87.666	5.788	1.77250	57.06	49.6
3	840.691	0.150		57.06	
4	60.115	4.797	1.80400	47.22	46.6
5	155.158	d5		47.22	
6	54.995	0.200	1.52972	26.92	42.7
7	48.193	1.250	1.88300	26.92	40.8
8	12.493	7.732		20.04	
9	-29.668	1.200	1.77250	18.94	49.6
10	54.485	0.469		18.94	
11	34.364	4.255	1.76182	18.50	26.5
12	-43.004	0.579		18.50	
13	-30.485	1.200	1.80400	18.06	46.6
14	157.473	3.076	1.76182	18.06	26.5
15	-65.048	d15		18.06	
16	AS	0.800		13.954
17	30.478	4.950	1.51633	15.34	64.1
18	-31.134	0.150		15.34	
19	32.939	4.330	1.51633	15.56	64.1
20	-23.690	1.200	1.79952	15.56	42.2
21	-404.729	2.261		15.56	
22	-28.209	1.200	1.74330	15.22	49.3
23	587.530	d23		15.22	
24	30.626	4.787	1.49700	18.66	81.6
25	-68.242	0.150		18.66	
26	342.777	2.426	1.61800	19.36	63.4
27	-83.347	1.200	1.88300	19.36	40.8
28	33.370	2.010		19.36	
29	117.624	5.226	1.53775	21.36	74.7
30	-21.976	Bf		21.36	
[aspherical data]
6	54.995	0	1.598E-05	-2.837E-08	-5.046E-12	6.249E-14
22	-28.209	0	1.291E-05	-4.793E-09	-2.705E-11	
25	-68.242	0	4.185E-05	-4.956E-08	7.569E-11	-7.196E-13
[figure]
source	Data/JP2016-114800_Figure01P.png
originX	147.49
originY	163.13
ppmm	3.084
[notes]
