[descriptive data]
title	JP 7029611 B1 Example 1 (Panasonic Lumix S 70-300mm F4.5-5.6 Macro OIS)
[constants]
[variable distances]
Focal Length	72.8000	144.7974	287.9970
Angle of View	33.3002	16.7850	8.4916
F-Number	4.54605	5.43172	5.85441
Image Height	43.2660	43.2660	43.2660
Total Length	165.8343	195.6045	225.2331
Magnification	0	0	0
d0	Infinity	Infinity	Infinity
d6	3.2665	33.0367	62.7665
d12	35.1758	19.5944	4.0000
d19	9.6870	5.5015	4.7730
d23	4.2909	7.8833	3.9453
d27	11.3199	19.9125	36.7084
d31	28.6871	15.0691	1.0000
Bf	22.6346	43.8345	61.2674
P	51.9122	112.2646	214.9917
P'	-36.6327	-41.2413	-56.2390
H	35.2896	10.6193	-204.1591
H'(p)	93.0343	50.8070	-62.7639
H'	-50.1654	-100.9630	-226.7296
Aperture Diameter	19.379	20.538	21.755
[lens data]
1	149.0293	1.7000	1.90366	58.26	31.3
2	90.2201	0.2000		52.74	
3	94.6947	5.4700	1.49700	52.74	81.6
4	-1397.9052	0.1500		56.13
5	71.4589	5.8600	1.43700	53.14	95.1
6	960.2480	d6		53.14
7	-150.7398	1.1000	1.58913	27.83	61.3
8	61.4845	1.5325		26.98	
9	4030.4763	1.0000	1.59349	26.98	67.0
10	30.7258	0.0100	1.56732	26.98	42.8
11	30.7258	2.9400	1.84666	26.98	23.8
12	59.5523	d12		25.62	
13	219.4495	2.6200	1.87071	26.98	40.7
14	-69.3302	0.2000		26.98	
15	36.1872	5.2900	1.49700	25.11	81.6
16	-38.6611	0.0100	1.56732	25.11	42.8
17	-38.6611	1.0000	2.00100	25.11	29.1
18	262.0546	3.0000		25.11
19	AS	d19		19.379
20	-127.3572	0.8000	1.84666	18.72	23.8
21	226.5087	0.0100	1.56732	22.59	42.8
22	226.5087	2.7900	1.80610	22.59	33.3
23	-44.7184	d23		22.59
24	342.1455	2.4500	1.86966	19.87	20.0
25	-38.6393	0.0100	1.56732	19.87	42.8
26	-38.6393	0.6000	1.80610	19.87	33.3
27	32.1349	d27		19.87
28	67.7460	5.6400	1.65844	27.13	50.9
29	-34.5895	0.0100	1.56732	27.13	42.8
30	-34.5895	1.2000	1.92286	27.13	20.9
31	-51.3411	d31		27.79
32	-69.6444	3.8700	1.85883	31.05	30.0
33	-28.1286	0.0100	1.56732	31.05	42.8
34	-28.1286	1.3000	1.80420	31.05	46.5
35	110.5423	Bf		33.77
[figure]
source	Data/JP7029611_Figure01aP.png
originX	27.86
originY	146.48
ppmm	3.022
[notes]
