[descriptive data]
title	KR 10-2018-1933088 Example 1 (Samyang AF 14mm F2.8 RF)
[constants]
[variable distances]
Focal Length	14.537406	undefined	undefined
Angle of View	114.062	114.538	116.056
F-Number	2.867	2.872	2.875
Image Height	43.26	43.26	43.26
Magnification	0	-0.033344	-0.121511
d0	Infinity	411.570745	94.636274
d8	18.418548	18.786854	19.865161
d13	3.480179	3.111872	2.033566
d25	22.660000	22.660000	22.660000
Bf(p)	0.448429	0.507222	0.548758
Bf	0	0	0
[lens data]
1	110.229	5.900	1.69680	72.68	55.46	
2	192.497	0.100		68.30		
3	61.219	2.320	1.80610	51.92	33.27	
4	20.952	3.373		36.36		
5	63.395	2.650	1.80500	36.36	40.90	phi 36.08
6	22.996	5.200		36.36		phi 30.42
7	37.480	1.400	1.49700	30.62	81.61	
8	13.779	d8		24.48		
9	23.816	4.200	1.84666	19.92	23.78	
10	-91.888	1.100	1.92286	19.92	20.88	
11	444.168	0.100		19.92		
12	200.000	2.000	1.87795	18.00	37.30	
13	178.331	d13		18.00		
14	88.870	0.900	1.71736	15.64	29.50	
15	9.878	7.550	1.60342	15.64	38.01	
16	-10.975	0.900	1.84666	15.64	23.78	
17	-18.434	0.129		15.64		
18	AS	2.963		13.083
19	-59.894	0.900	1.56384	14.76	60.83	
20	30.341	0.860		14.76		
21	17.909	6.610	1.58853	16.52	60.37	
22	-12.535	0.100		16.52		
23	-18.801	0.900	1.78200	16.34	37.10	
24	14.403	7.650	1.49700	17.04	81.61	
25	-40.628	d25		19.66		
26	CG	2.500	1.51680	43.62	64.20	
27	CG	0.500		43.62		
[aspherical data]
5	63.395	0.391538	1.294741E-04	-4.620516E-07	1.022139E-09	-2.140571E-12	3.117095E-15	-5.194795E-19	-3.006030E-21
6	22.996	-0.952731	1.455188E-04	-1.616711E-08	-4.025521E-09	1.498157E-11	-1.802555E-14	5.813824E-22	-2.109536E-33
12	200.000	-58.835394	3.854496E-05	-4.672307E-08	1.578082E-09	-3.278302E-12	-1.408525E-14	-3.446867E-27	
13	178.331	-63.853601	5.292057E-05	-1.175961E-07	3.507457E-09	-1.557372E-11	2.022021E-15	7.638678E-28	
21	17.909	-0.478183	-8.843514E-06	1.583978E-07	-4.698134E-10	-1.156605E-11	1.836682E-13	3.932483E-17	-1.920661E-33
22	-12.535	-0.741465	4.603878E-05	-1.152029E-07	2.865089E-09	-4.187808E-11	3.133810E-13	4.174785E-26	-1.923668E-33
[figure]
source	Data/KR1020181933088_Figure01INFP.png
originX	49.36
originY	148.46
ppmm	3.548
[notes]
