[descriptive data]
title	KR 10-2020-0129711 Example 2 (Samyang AF 85mm F1.4 EF)
[constants]
[variable distances]
Focal Length	84.499585	undefined
Angle of View	28.478	23.878
F-Number	1.479	1.584
Image Height	43.2	43.2
Total Length	112.418323	112.418323
Magnification	0	-0.109032
d0	Infinity	813.676935
d1	1.612500	6.541152
d2	10.427100	5.498448
d3	37.300000	37.300000
d4	0.507836	0.687847
d5	-0.005027	-0.133249
Bf	39.403047	39.403047
[lens data]
1	73.203	8.141	1.77250	60.80	49.62
2	3101.022	0.400		60.80	
3	41.863	7.398	1.74330	52.13	49.22
4	101.422	4.500		50.61
5	312.179	1.800	1.72825	47.58	28.32
6	35.337	7.000		41.58
7	52.741	5.000	1.77250	40.48	49.62
8	426.864	d1		40.48	
9	551.865	1.800	1.80610	35.70	33.27
10	32.423	d2		33.66	
11	AS	6.487		30.946
12	-39.898	1.800	1.54814	31.78	45.82
13	32.185	8.833	1.78590	35.54	43.93
14	-52.239	0.465		35.70	
15	159.245	0.130	1.51700	35.70	52.00
16	273.038	4.568	1.77250	35.70	49.62
17	-72.483	1.800	1.64769	35.70	33.84
18	-300.832	d3		35.70	
19	CG	2.500	1.51680	43.86	64.20
20	CG	d4		44.06	
[aspherical data]
15	159.245	0	-3.276271E-06	-1.057203E-08	5.094887E-11	-1.935791E-13	2.319653E-16
[figure]
source	Data/KR1020200129711_Figure03P.png
originX	9.57
originY	99.52
ppmm	2.248
[notes]
