[descriptive data]
title	KR 10-2018-0084767 Example 3 (Samyang XP 35mm F1.2)
[constants]
[variable distances]
Focal Length	35.962279	undefined
Angle of View	64.054	61.416
F-Number	1.254	1.430
Image Height	43.26	43.26
Total Length	164.991858	165.001933
Magnification	0	-0.18012
d0	Infinity	175.678043
d10	6.795765	1.000000
d15	7.732498	6.565902
d23	35.985595	42.958030
d25	0.528568	0.562472
d26	-0.028568	-0.062472
Bf	0	0	0
Aperture Diameter	35.798	34.632
[lens data]
1	80.620	2.600	1.84666	59.10	23.78
2	36.971	9.613		51.18	
3	226.711	2.600	1.49700	52.14	81.61
4	48.616	13.386		50.12
5	-52.292	2.600	1.75520	50.12	27.53
6	312.793	1.408		54.86	
7	Infinity	7.500	2.00100	55.82	29.13
8	-72.149	0.100		55.82	
9	98.512	6.000	1.92286	57.32	20.88
10	Infinity	d10		57.32	
11	68.013	10.000	1.83481	56.78	42.72
12	-244.282	0.100		56.78	
13	68.095	13.210	1.71300	53.64	53.94
14	-52.201	2.500	1.72825	53.64	28.32
15	37.171	d15		40.26	
16	AS	10.641		35.798
17	-93.720	2.600	1.68863	33.41	31.19
18	32.311	0.100		33.41
19	34.334	15.150	1.49700	35.00	81.61
20	-22.000	1.700	1.59270	35.00	35.45
21	963.293	0.100		38.29	
22	84.314	9.570	1.85343	39.92	40.54
23	-37.681	d23		39.92	
24	CG	2.500	1.51680	45.72	64.20
25	CG	d25		45.72	
[aspherical data]
17	-93.72	-3.378571	-3.752406E-05	1.692010E-07	-6.857060E-10	1.390576E-12	-1.189133E-15		
18	32.311	-11.59349	1.059712E-05	2.149157E-08	-1.091410E-10	1.185565E-13		
22	84.314	3.286256	-2.968122E-06	-8.169816E-09	3.128738E-11	-6.398702E-15	-3.487114E-16	1.001273E-18	-1.177006E-21
23	-37.681	-0.4728	1.224110E-06	-1.054896E-08	6.441324E-11	-2.469135E-13	5.602042E-16	-6.187521E-19	
[figure]
source	Data/KR1020180084767_Figure05IP.png
originX	12.24
originY	150.00
ppmm	2.967
[notes]
