[descriptive data]
title	KR 10-2015-0147546 Example 1 (Samyang AF 50mm F1.4 FE)
[constants]
[variable distances]
Focal Length	51.0384	undefined
Angle of View	47.00	undefined
F-Number	1.44	undefined
Image Height	43.4	43.4
Total Length	undefined	undefined
Magnification	0	-0.15
d0	Infinity	337.165
d12	2.00178	8.70009
d14	18.32783	11.62951
d18	19.5	19.5
d20	1.02158	1.15459
d21	0.00192	-0.08455
Bf	0	0
[lens data]
1	206.778	2.000	1.64769	52.32	33.84
2	37.927	0.200		47.00	
3	36.117	10.500	2.00069	47.28	25.46
4	Infinity	0.100		47.28	
5	59.625	3.000	1.68400	39.50	31.30
6	25.094	10.781		32.94	
7	-39.174	2.000	1.72825	32.66	28.32
8	29.583	12.450	1.69680	39.08	55.46
9	-48.431	0.100		39.08	
10	50.000	7.400	1.88300	39.04	40.80
11	-131.895	0.600		39.04
12	AS	d12		36.321
13	38.000	2.500	1.68400	34.07	31.30
14	18.133	d14		30.10
15	65.226	7.500	1.68970	32.94	52.70
16	-36.632	7.539		32.94	
17	-123.030	1.500	1.56883	32.92	56.04
18	50.000	d18		32.92	
19	CG	2.500	1.51680	43.64	64.20
20	CG	d20		43.64	
[aspherical data]
5	59.625	-1	-3.638351E-06	-3.191320E-09	-4.204817E-12	6.048832E-15	
6	25.094	-1	8.780333E-06	6.142542E-09	1.134598E-11	-1.127929E-14	
13	38.000	-1	-5.688391E-05	2.633654E-07	-9.029458E-10	1.808817E-12	-1.590491E-15
14	18.133	-1	-5.606567E-05	3.230809E-07	-1.207755E-09	2.733286E-12	-2.838987E-15
15	65.226	-1	-5.079978E-07	-1.413043E-09	1.094572E-11	-1.561120E-14	
16	-36.632	-1	2.189271E-06	-5.682527E-09	1.737121E-11	-2.077513E-14	
[figure]
source	Data/KR1020150147546_Figure01IP.png
originX	17.00
originY	133.15
ppmm	3.507
[notes]
