[descriptive data]
title	US 4,468,097 Example 2 (Nikon Zoom-Nikkor 80-200mm f/2.8 ED-IF)
[constants]
[variable distances]
Focal Length	80	140	200
Angle of View	undefined	undefined	undefined
F-Number	2.8	2.8	2.8
Image Height	43.2	43.2	43.2
Total Length	undefined	undefined	undefined
Magnification	0	0	0
d0	Infinity	Infinity	Infinity
d5	4.2245	51.0442	69.7720
d11	50.4250	25.6435	0.8618
d14	25.3180	3.2800	9.3340
d14AS	22.9280	0.8900	6.9440
Bf	40.6390	40.6390	40.6390
Aperture Diameter	41.181	41.213	41.146
[lens data]
1	164.000	2.70	1.7552	72.87	27.6
2	105.110	10.50	1.5003	72.87	82.3
3	-425.427	0.20		72.87
4	160.000	5.00	1.5003	71.03	82.3
5	405.897	d5		71.03
6	-300.000	1.60	1.7880	49.71	47.5
7	80.900	9.00	1.7552	47.90	27.6
8	-66.990	1.45	1.5814	47.90	40.8
9	90.000	6.60		45.56
10	-80.000	1.80	1.5891	49.69	61.2
11	346.871	d11		45.71
12	200.000	7.00	1.6703	42.50	57.6
13	-65.000	1.45	1.8052	42.50	25.4
14	-149.342	d14AS		42.50
14AS	AS	2.39		41.181
15	41.200	6.00	1.7880	41.34	47.5
16	158.550	6.00		41.34
17	-206.770	4.50	1.7880	41.48	47.5
18	-80.900	1.50		41.48
19	-78.547	2.00	1.7552	37.02	27.6
20	147.060	19.00		35.20
21	260.000	3.50	1.6385	32.53	55.5
22	-299.300	22.70		32.53
23	-24.380	3.00	1.7130	33.47	54.0
24	-48.971	0.20		33.47
25	77.000	4.50	1.6129	35.77	37.0
26	-295.287	Bf		35.77
[figure]
source	Data/US004468097_Figure05P.png
originX	127
originY	239
ppmm	3.911
[notes]
