[descriptive data]
title	US 9,651,761 Example 1 (Fujifilm Fujinon XF18-135mm F3.5-5.6 R LM OIS WR)
[metadata]
[constants]
AsphericalOddCount	9
[variable distances]
Focal Length	18.50	49.19	130.78
Angle of View	81.6	32.6	12.6
F-Number	3.61	4.73	5.81
Image Height	29.3	29.3	29.3
Total Length	undefined	undefined	undefined
Magnification	0	0	0
d0	Infinity	Infinity	Infinity
d5	0.698	18.892	35.203
d11	3.091	4.902	8.085
d13	20.999	9.091	0.956
d22	4.000	2.524	1.922
d27	2.000	22.476	44.781
Bf	19.96	19.96	19.96
Aperture Diameter	12.418	13.924	15.482
[lens data]
1	115.12193	1.61	1.92286	49.94	20.88
2	61.95000	5.40	1.59282	44.48	68.63
3	Infinity	0.10		44.48	
4	50.33009	4.00	1.75500	39.30	52.32
5	160.32074	d5		39.30	
6	870.65893	1.25	1.85135	29.20	40.23
7	16.61875	5.892		21.49
8	-47.83544	0.85	1.83481	21.49	42.73
9	36.22386	0.44		23.86	
10	28.76033	4.58	1.92286	22.36	20.88
11	-49.28002	d11		22.36	
12	-36.68885	1.00	1.79839	18.0	45.28
13	199.99995	d13		18.0
14	17.31958	4.00	1.56867	17.86	58.50
15	-1504.88688	1.30		17.86	
16	AS	2.80		12.418
17	25.70600	4.10	1.49700	16.50	81.54
18	-25.70600	0.70	1.92286	16.50	20.88
19	-186.46145	2.00		18.28	
20	-46.12744	2.11	2.00069	19.36	25.46
21	-19.96500	1.00	1.67300	19.36	38.15
22	38.85149	d22		19.36	
23	24.81745	5.00	1.66630	16.3	55.16
24	-31.50917	4.00		16.3	
25	-24.21079	1.51	1.88300	19.90	40.76
26	50.39700	2.99	1.72825	19.90	28.46
27	-96.38585	d27		19.90	
28	-99.96628	2.57	1.48749	28.20	70.23
29	-48.81415	2.00		28.20	
30	CG	2.85	1.51680	27.24	64.20
31	CG	16.080		27.24	
[aspherical data]
6	870.65893	0	-3.3258659E-05	1.0879994E-04	-4.7885502E-06	-1.0759633E-06	6.1277394E-08	4.4147811E-09	-3.4318863E-11	-1.6729044E-11	-9.9458644E-13	3.6090358E-15	2.0883127E-15	2.1746094E-16	1.1722253E-17	1.5033988E-19	-4.0529382E-20	-4.5240895E-21	-1.9098322E-22	2.1242397E-23
7	16.61875	0	-1.3257457E-06	1.0274592E-04	-3.8403367E-06	4.2461037E-09	-1.0911228E-07	3.6932216E-09	9.9033512E-10	-1.4923235E-11	7.5628602E-12	-1.1009805E-12	-4.1239435E-14	2.3398595E-15	4.1733591E-16	2.2479475E-17	-8.7519908E-19	-3.2736360E-19	-3.0000033E-20	3.6292592E-21
12	-36.68885	0	-2.5716568E-04	-3.1477418E-05	-5.8230201E-07	1.3471177E-06	-6.6131579E-08	-1.1914342E-09	-2.4884705E-09	2.7859801E-10	9.3821157E-12	4.7688895E-13	-3.7218163E-14	-1.5438437E-14	-2.1576117E-15	-2.3652804E-16	-2.0527067E-17	6.8754879E-18	1.2534597E-18	-1.3017061E-19
13	199.99995	0	-2.4949403E-04	-3.5725409E-05	2.1839917E-06	4.3156603E-07	4.6890150E-08	-2.7142956E-09	-1.3765897E-09	-1.1766821E-10	9.5832042E-12	2.4935568E-12	2.8498926E-13	8.7246413E-15	6.5806925E-16	-2.7329827E-16	-1.7352286E-16	-6.9614104E-17	1.7448607E-17	-9.1035356E-19
14	17.31958	0	-2.5260169E-05	7.5611598E-06	-8.8679250E-06	1.3986681E-06	-3.8239999E-08	-6.2990664E-09	-1.6339604E-11	3.5819503E-11	-8.8035859E-12	-5.7183112E-13	8.6147165E-14	3.2149749E-14	3.9749647E-15	-1.5337120E-17	-1.4810442E-16	-3.1323886E-17	7.9878135E-18	-4.0881988E-19
15	-1504.88688	0	-3.2153387E-05	3.5024607E-05	-1.4415764E-05	2.0048636E-06	8.5395147E-08	-2.7593537E-08	-1.5824477E-09	9.7508883E-11	2.7671017E-11	3.2754768E-12	4.6387406E-14	-3.6779862E-14	-6.2819774E-15	-5.7196441E-16	-2.6177942E-17	9.2927985E-18	4.4727344E-18	-4.2439516E-19
23	24.81745	0	-3.5430903E-05	-3.0748443E-06	-7.9498260E-06	5.3530373E-07	9.9676262E-08	-6.5293589E-09	-1.1113069E-09	-2.8251173E-10	1.2613768E-11	4.5611890E-12	4.4996069E-13	1.7771658E-15	-4.9618221E-15	-8.9926075E-16	-2.2844918E-16	-3.1031128E-17	1.6555816E-17	-1.0768819E-18
24	-31.50917	0	-3.8587863E-05	3.4605942E-05	-2.2352878E-06	-1.5966209E-07	2.7115440E-08	3.9965050E-09	-1.1028928E-09	1.3092306E-10	-4.5416954E-12	-1.9602695E-12	-1.1855210E-13	1.2366695E-14	3.9780095E-15	2.7200359E-16	-1.6159957E-17	-1.8700513E-18	-1.5981389E-18	1.4631615E-19
[figure]
source	Data/US009651761_Figure01WP.png
originX	4.49
originY	145.59
ppmm	4.158
[notes]
