[descriptive data]
title	US 4,871,241 Example 1 (Ricoh smc Pentax-F 70-210mm F4-5.6 ED)
[constants]
[variable distances]
Focal Length	72.3	135.0	203.5
Angle of View	34.2	17.8	11.8
F-Number	3.9	4.7	5.7
Image Height	43.2	43.2	43.2
Total Length	undefined	undefined	undefined
Magnification	0	0	0
d0	Infinity	Infinity	Infinity
d6	2.00	20.86	26.67
d12	21.39	8.92	0.69
Bf	39.88	51.88	68.36
[lens data]
1	80.080	4.59	1.48749	43.64	70.2
2	1080.030	0.10		43.64	
3	85.000	2.20	1.80518	42.32	25.4
4	53.500	0.15		39.92	
5	55.555	6.03	1.49700	39.92	81.6
6	-533.185	d6		39.60	
7	-146.228	1.28	1.77250	25.18	49.6
8	38.421	2.11	1.80518	25.18	25.4
9	68.597	2.56		25.18	
10	-50.310	1.28	1.74320	25.40	49.3
11	32.535	3.86	1.80518	25.40	25.4
12	267.123	d12		25.40	
13	132.321	3.60	1.74320	27.58	49.3
14	-62.800	0.10		27.58	
15	31.787	7.76	1.48749	26.92	70.2
16	-35.190	1.29	1.80518	26.92	25.4
17	152.991	2.35		25.62	
17AS	AS	14.7		23.625
18	128.547	3.71	1.64769	23.72	33.8
19	-47.616	17.29		23.72	
20	-23.000	1.20	1.78590	22.50	44.2
21	296.503	3.00	1.59270	24.68	35.3
22	-60.960	Bf		24.68	
[figure]
source	Data/US004871241_Figure01P.png
originX	7.34
originY	48.48
ppmm	2.031
[notes]
