[descriptive data]
title	US 5,710,669 Example 12 (Canon EF17-35mm f2.8L USM)
[constants]
[variable distances]
Focal Length	17.50	27.54	34.10
Angle of View	102.1	undefined	64.8
F-Number	2.9	2.9	2.9
Image Height	43.2	43.2	43.2
Magnification	0	0	0
d0	Infinity	Infinity	Infinity
d2	15.74	15.74	15.74
d6	19.15	5.23	1.12
d11	0.80	5.96	8.75
d18	7.83	2.66	-0.13
d27	0.00	10.70	17.98
Bf(p)	undefined	undefined	undefined
Bf	40.06	40.06	40.06
Aperture Diameter	15.776	18.786	21.311
[lens data]
1	67.25	2.00	1.77250	46.61	49.6
2	19.12	d2		34.51
3	-55.16	1.20	1.83481	30.94	42.7
4	114.52	1.70		30.94	
5	168.53	3.00	1.80518	29.30	25.4
6	-113.04	d6		29.30	
7	111.84	1.00	1.85026	22.32	32.3
8	26.55	4.50	1.48749	22.32	70.2
9	-85.81	0.15		22.32	
10	36.27	4.35	1.74400	23.62	44.8
11	-73.04	d11		23.62	
12	AS	2.41		15.776
13	-80.87	1.20	1.88300	21.78	40.8
14	172.47	2.13		21.78	
15	-35.00	2.10	1.69680	21.78	55.5
16	29.90	4.20	1.84666	23.26	23.9
17	-142.60	1.50		23.26
18	FS	d18		23.81
19	28.75	4.76	1.49700	27.12	81.6
20	127.85	5.62	1.71300	27.12	53.8
21	-29.07	1.20	1.84666	27.12	23.8
22	-86.56	0.20		27.12	
23	42.85	1.30	1.84666	27.22	23.8
24	24.58	1.32		27.14
25	34.67	7.45	1.48749	27.14	70.2
26	-32.09	1.60	1.83400	28.20	37.2
27	-51.54	d27		27.5
28	FS	Bf		28.96	
[aspherical data]
1	67.25	0	8.373E-06	-4.109E-09	7.289E-12	-4.049E-15	5.018E-18
27	-51.54	0	9.765E-06	1.654E-08	-1.272E-10	1.632E-12	-7.311E-15	1.347E-17
[figure]
source	Data/US005710669_Figure13P.png
originX	18.65
originY	81.57
ppmm	1.874
[notes]
Bill: Patent supplied di27
