[descriptive data]
title	US 6,618,197 Example 2 (Canon EF300mm f4L IS USM)
[constants]
[variable distances]
Focal Length	300.02301
Angle of View	8.4
F-Number	4.1
Image Height	43.2
Magnification	0
d0	Infinity
Bf(p)	undefined
Bf	80.00
[lens data]
1	190.726	9.5	1.43875	73.18	95.0
2	-169.510	1.0		73.18
3	125.758	6.7	1.48749	69.94	70.2
4	2432.674	4.0		69.94	
5	-211.341	3.5	1.80610	68.94	41.0
6	485.633	45.0		68.94	
7	81.384	6.8	1.48749	54.60	70.2
8	-1094.089	0.3		54.60	
9	54.434	3.0	1.67270	50.26	32.1
10	44.828	17.1		47.26	
19AS	AS	4.9		41.433
11	477.097	3.0	1.80518	39.94	25.4
12	-263.332	2.0	1.69680	39.94	55.5
13	81.665	25.5		36.82
14	69.592	1.6	1.84666	30.94	23.9
15	31.391	5.8	1.60323	30.94	42.3
16	-197.241	7.0		30.94	
17	58.469	4.0	1.80518	28.94	25.4
18	-109.373	1.5	1.69680	28.94	55.5
19	26.918	5.2		26.81
20	-57.599	1.5	1.77250	26.81	49.6
21	111.442	1.5		28.60	
22	54.121	7.8	1.69680	32.60	55.5
23	-36.944	1.8	1.85026	32.60	32.3
24	-88.676	Bf		32.60	
[figure]
source	Data/US006618197_Figure04P.png
originX	33.52
originY	61.50
ppmm	1.227
[notes]
Bill: L5 (s22-24) does not match perfectly.
