[descriptive data]
title	US 6,061,180 Example 1 (Canon EF28-135mm f3.5-5.6 IS USM)
[constants]
[variable distances]
Focal Length	28.89	50.00	131.14
Angle of View	73.8	46.8	18.6
F-Number	3.6	4.36	5.75
Image Height	43.2	43.2	43.2
Magnification	0	0	0
d0	Infinity	Infinity	Infinity
d5	2.00	13.78	33.50
d13	11.40	6.97	1.40
d14	8.90	6.29	2.34
d17	0.80	3.41	7.36
d20	1.80	3.74	5.90
d23	12.50	7.95	1.84
Bf(p)	undefined	undefined	undefined
Bf	40.07	48.03	55.94
[lens data]
1	111.994	2.0	1.84666	57.10	23.8
2	53.844	8.0	1.69680	57.10	55.5
3	459.765	0.2		57.10	
4	47.062	6.2	1.71300	51.46	53.8
5	123.091	d5		51.46	
6	96.212	1.2	1.83481	28.42	42.7
7	14.259	5.8		21.52
8	-68.030	1.1	1.80400	21.52	46.6
9	52.671	0.2		22.12	
10	24.884	4.6	1.84666	20.06	23.8
11	-49.424	0.3		18.36	
12	-38.098	1.1	1.83481	18.36	42.7
13	67.110	d13		18.36	
14	AS	d14		13.344
15	26.756	1.0	1.84666	17.34	23.8
16	15.780	5.0	1.60311	17.34	60.7
17	-39.386	d17		17.34	
18	28.082	3.9	1.51742	17.16	52.4
19	-28.520	1.0	1.83481	17.16	42.7
20	1182.852	d20		17.16	
21	-51.345	3.2	1.80518	17.68	25.4
22	-15.219	1.0	1.70154	17.68	41.2
23	50.487	d23		17.68	
24	101.396	3.5	1.72342	28.60	38.0
25	-118.885	0.2		28.60	
26	57.922	7.8	1.58313	28.42	59.4
27	-23.956	2.0		28.42	
28	-25.378	1.8	1.84666	28.78	23.8
29	-197.498	Bf		28.78	
[aspherical data]
27	-23.956	0	1.29656E-05	1.07517E-08	-3.30087E-11	8.80605E-14
[figure]
source	Data/US006061180_FigureaP.png
originX	51.21
originY	109.47
ppmm	2.359
[notes]
