[descriptive data]
title	US 5,633,759 Example 6 (Konica Minolta AF 75-300mm F4.5-5.6 D)
[constants]
[variable distances]
Focal Length	76.9	154.4	292.5
F-Number	4.6	5.9	5.9
Image Height	43.2	43.2	43.2
Total Length	125.43	125.43	125.43
Magnification	0	0	0
d0	Infinity	Infinity	Infinity
d5	2.310	34.360	63.275
d9	32.751	14.826	5.029
d9AS	30.251	12.326	2.529
d19	33.954	19.829	0.711
Bf(p)	undefined	undefined	undefined
Bf	39.03	67.30	96.03
Aperture Diameter	18.578	17.659	18.463
[lens data]
1	72.631	5.700	1.48749	52.12	70.44
2	720.269	0.100		52.12	
3	77.246	2.500	1.72342	50.84	37.99
4	39.588	8.680	1.48749	48.06	70.44
5	359.905	d5		48.06	
6	-134.793	1.400	1.77250	25.02	49.62
7	32.710	6.000		25.02	
8	44.493	2.550	1.75000	22.68	25.14
9	248.917	d9AS		22.68	
9AS	AS	2.500		18.578
10	-38.615	1.400	1.69680	18.90	55.46
11	48.306	2.900	1.59551	21.27	39.22
12	-96.873	6.600		21.27
13	-206.323	2.700	1.51823	24.38	58.96
14	-42.442	0.200		24.38	
15	Infinity	1.400	1.75000	24.82	25.14
16	35.900	4.700	1.51823	24.82	58.96
17	-61.261	0.200		24.82	
18	45.763	3.910	1.51823	25.46	58.96
19	-75.456	d19		25.46	
20	3594.536	2.700	1.75000	25.26	25.14
21	-54.749	1.370		25.26
22	-51.853	1.400	1.77250	25.66	49.62
23	42.152	Bf		25.66	
[figure]	
source	Data/US005633759_Figure06P.png
originX	27.65
originY	84.14
ppmm	1.933
[notes]
