[descriptive data]
title	US 3,584,935 Example 1 (Konica Minolta Varifocal Hexanon AR 35-100mm F2.8)
[constants]
[variable distances]
Focal Length	35.992	50.991	100.000
F-Number	2.8	2.8	2.8
Image Height	43.2	43.2	43.2
Magnification	0	0	0
d0	Infinity	Infinity	Infinity
d5	2.246	16.246	42.246
d12	45.122	28.854	0.903
d17	4.194	6.462	8.413
d17AS	1.194	3.462	5.413
Bf(p)	undefined	undefined	undefined
Bf	48.48	48.48	48.48
[lens data]
1	266.000	2.8	1.80518	69.06	25.5
2	104.500	7.4	1.64000	69.06	60.2
3	Infinity	0.1		69.06	
4	64.250	6.5	1.62041	60.96	
5	191.282	d5		60.96	
6	501.010	3.7	1.80518	48.32	25.5
7	-144.785	1.5	1.67003	48.32	47.2
8	26.326	6.8		33.36	
9	470.070	1.5	1.62041	39.90	60.3
10	46.610	5.5		36.52	
11	39.703	3.0	1.80518	38.14	25.5
12	69.777	d12		38.14	
13	70.000	3.0	1.62041	28.00	60.3
14	-86.560	0.1		28.00	
15	41.610	5.0	1.64000	25.96	60.2
16	-54.000	0.9	1.80518	26.10	25.5
17	876.482	d17AS		26.10	
17AS	AS	3.00		21.076
18	-64.080	1.0	1.69680	26.42	55.6
19	24.080	5.8	1.71736	26.42	29.5
20	38.585	5.0		22.40	
21	-122.500	5.0	1.80610	26.16	41.0
22	-38.250	4.2		28.60	
23	Infinity	8.0	1.75500	34.36	52.4
24	-23.770	1.5	1.75520	34.36	27.5
25	-83.107	Bf		34.36	
[figure]
source	Data/US003584935_Figure01P.png
originX	21.60
originY	59.49
ppmm	1.286
[notes]
