[descriptive data]
title	US 4,848,883 Example 4 (Ricoh smc Pentax-F 250-600mm F5.6 ED [IF])
[constants]
[variable distances]
Focal Length	250	600	undefined
Angle of View	10.0	4.0	undefined
F-Number	5.6	5.6	undefined
Image Height	43.2	43.2	43.2
Total Length	undefined	undefined	undefined
Magnification	0	0	-0.24513
S	Infinity	Infinity	3000
d0	Infinity	Infinity	2530.42
d10	34.78	34.78	11.56
d16	4.00	39.95	63.17
d21	61.78	0.98	0.98
d24	4.28	29.13	29.13
Bf	87.30	87.30	87.30
[lens data]					
1	142.892	14.00	1.48749	110.70	70.2
2	889.737	0.50		110.70	
3	321.865	5.60	1.68893	108.70	31.1
4	155.622	2.40		104.04	
5	137.792	13.10	1.49700	105.04	81.6
6	2243.061	67.90		105.04	
7	-282.635	4.20	1.77250	71.21	49.6
8	140.358	3.50		71.21
9	216.567	8.00	1.68893	69.92	31.1
10	-1022.290	d10		69.92
11	-493.685	6.80	1.49700	67.36	81.6
12	-152.657	0.10		67.36	
13	96.269	9.70	1.49700	65.36	81.6
14	3071.999	2.10		65.36	
15	-340.351	3.60	1.68893	63.04	31.1
16	3882.868	d16		63.04	
17	-5180.327	5.40	1.80518	42.36	25.4
18	-64.294	2.30	1.69680	42.36	55.5
19	74.441	4.80		36.40
20	-67.581	2.10	1.72916	36.40	54.7
21	6659.197	d21		39.36	
22	155.984	8.20	1.48749	41.48	70.2
23	-46.078	2.40	1.68893	41.48	31.1
24	-89.421	d24		41.48	
25	66.696	4.70	1.49700	41.90	81.6
26	167.342	7.00		41.90	
26AS	AS	78.92		36.016
27	78.159	4.80	1.61484	39.56	51.2
28	-191.355	8.00		39.56	
29	-62.590	1.80	1.79952	38.28	42.2
30	63.565	0.30		38.28	
31	55.289	5.00	1.62588	38.28	35.7
32	2697.022	Bf		38.28	
[figure]
source	Data/US004848883_Figure13P.png
originX	11.43
originY	46.64
ppmm	0.657
[notes]
Bill: S approximate; d0 and magnification measured.
