[descriptive data]
title	US 3,615,125 Example 1 (Nikon Auto Zoom-Nikkor 80-200mm f/4.5)
[constants]
[variable distances]
Focal Length	80.0	200.3
Angle of View	30.22	12.34
F-Number	4.5	4.5
Image Height	43.2	43.2
Total Length	195.31	195.31
Magnification	0	0
d0	Infinity	Infinity
d5	1.33	39.58
d10	39.40	1.04
d13	10.88	10.99
Bf	40.00	40.00
Aperture Diameter	19.455	19.428
[lens data]
1	123.951	5.0	1.62041	51.26	60.3
2	-381.170	0.1		51.26	
3	135.630	7.3	1.61375	48.98	56.3
4	-156.000	2.0	1.75520	48.98	27.5
5	357.629	d5		48.98	
6	10000.000	3.7	1.68893	32.42	31.1
7	-44.550	1.0	1.51728	32.42	69.6
8	49.824	4.4		28.30
9	-45.250	1.2	1.62041	28.30	60.3
10	149.585	d10		32.42	
11	121.500	4.0	1.62041	26.36	60.3
12	-51.315	1.0	1.62004	26.36	36.3
13	-148.009	d13		26.36	
14	80.803	4.7	1.54814	26.86	45.9
15	-1347.294	0.7		26.86	
16	32.600	10.4	1.53172	26.86	48.9
17	-222.200	2.8	1.78470	26.86	26.1
18	44.818	3.0		22.26	
18AS	AS	35.1		19.455
19	103.461	3.8	1.51680	29.10	64.2
20	-63.360	3.0		29.10	
21	-31.220	1.5	1.74400	31.16	44.9
22	40.000	4.9	1.69805	31.16	30.0
23	Infinity	0.1		31.16	
24	62.328	4.0	1.70154	33.20	41.1
25	-2085.243	Bf		33.20	
[figure]
source	Data/US003615125_Figure01P.png
originX	6
originY	84
ppmm	3.048
[notes]
Bill: Figure is from an old French brochure.
