[descriptive data]
title	US 4,497,547 Example 1 (Nikon AI Zoom-Nikkor 50-135mm f/3.5S)
[constants]
[variable distances]
Focal Length	51.35	90.0	131.5
Angle of View	47.26	26.5	18.06
F-Number	3.5	3.5	3.5
Image Height	43.2	43.2	43.2
Total Length	undefined	undefined	undefined
Magnification	0	0	0
d0	Infinity	Infinity	Infinity
d5	2.956	24.277	35.427
d11	27.727	6.833	2.852
d14(p)	9.846	9.418	2.251
d14	8.846	8.418	1.251
Bf	39.997	39.997	39.997
Aperture Diameter	25.279	25.290	25.334
[lens data]
1	95.858	1.70	1.80518	59.15	25.4
2	49.020	8.00	1.67790	56.11	55.6
3	214.552	0.10		56.11
4	75.769	5.00	1.66672	53.59	48.4
5	691.304	d5		53.59
6	-708.168	1.25	1.69680	33.99	55.6
7	22.809	5.00		27.13
8	-175.109	1.15	1.78797	27.13	47.5
9	87.266	0.50		29.16
10	35.758	3.10	1.80518	28.74	25.4
11	165.776	d11		28.74
12	-51.423	1.15	1.67025	26.75	57.6
13	81.327	2.95	1.67163	26.75	38.9
14	-169.527	d14		26.75
14AS	AS	1.0		25.279
15	174.041	3.25	1.71300	28.49	54.0
16	-63.180	0.10		28.49
17	50.356	5.00	1.56384	28.56	60.8
18	-70.071	1.10	1.79631	27.88	41.0
19	229.755	0.10		27.88
20	25.187	5.60	1.51823	27.15	59.0
21	-745.542	1.00		27.15
22	-262.417	2.00	1.79504	25.54	28.6
23	37.552	10.15		23.88
24	111.689	3.00	1.51680	22.78	64.1
25	-97.520	20.85		22.78
26	-18.386	2.00	1.67003	26.91	47.1
27	-31.592	0.10		29.48
28	941.473	4.55	1.70154	33.19	41.0
29	-72.586	Bf		33.19
[figure]	
source	Data/US004497547_Example01_Tale61-Fig1.png
originX	15.5
originY	213.5	205.5
ppmm	6.926
[notes]
Bill: Patent r22 sign was wrong.
