[descriptive data]				
title	US 5,751,485 Example 3 (Nikon Micro-Nikkor 105mm f/2.8)
[constants]
[variable distances]				
Focal Length	105	undefined		
Angle of View	23.14	undefined		
F-Number	2.8	undefined		
Image Height	43.2	43.2		
Total Length	undefined	undefined		
Magnification	0	-0.5		
d0	Infinity	254.62		
d6	10.40181	17.09721		
d11	6.15144	32.39224		
Bf	43.74657	43.74657		
[lens data]				
1	74.5230	5.0000	1.77279	38.65	49.44
2	-1424.0100	0.1500		38.65
3	28.6450	5.0000	1.72000	35.02	50.28
4	52.7010	2.0000		35.02
5	87.0120	2.0000	1.74950	36.14	35.19
6	24.5736	d6		29.13
6AS	AS	4.7500		27.069
7	-32.5290	2.0000	1.68893	27.59	31.15
8	344.8550	10.5000	1.73350	31.52	51.11
9	-41.8010	3.0000		31.52
10	178.0190	5.0000	1.69350	31.12	53.76
11	-91.1694	d11		31.12
12	-199.1380	4.0000	1.62588	24.79	35.64
13	-55.6910	2.0000		25.68
14	-114.2360	1.8000	1.79668	27.51	45.52
15	50.8710	1.8000		24.00
16	47.2130	6.0000	1.62588	28.61	35.64
17	-234.3140	4.6000		28.61
18	-38.3740	2.0000	1.80454	28.46	39.59
19	-76.9281	Bf		28.46
[figure]				
source	Data/US005751485_Figure03P.png
originX	169.55
originY	396.45
ppmm	9.527
[notes]
