[descriptive data]
title	US 5,528,423 Example 2 (Konica Minolta AF 24-85mm F3.5-4.5 RS)
[constants]
[variable distances]
Focal Length	24.70	50.00	82.50
Angle of View	undefined	undefined	undefined
F-Number	3.60	4.30	4.60
Image Height	43.26	43.26	43.26
Total Length	undefined	undefined	undefined
Magnification	0	0	0
d0	Infinity	Infinity	Infinity
d5	1.850	18.567	28.863
d14	12.178	4.755	0.800
d21	5.500	1.950	0.900
Bf(p)	undefined	undefined	undefined
Bf	36.67	52.14	64.65
Aperture Diameter	14.536	15.190	16.686
[lens data]
1	184.961	2.000	1.83350	57.02	21.00
2	84.034	5.700	1.61800	54.15	63.39
3	-1406.193	0.100		54.15
4	43.462	5.300	1.69680	47.40	56.47
5	100.922	d5		47.40
6	100.922	1.335	1.85000	29.40	40.04
7	14.217	5.600		23.46	
8	-44.479	3.100	1.75000	19.00	25.14
9	-17.094	1.050	1.77250	19.79	49.77
10	43.698	0.500		19.79
11	32.415	2.900	1.75000	17.78	25.14
12	-92.672	1.900		17.78
13	-18.201	1.100	1.75450	21.36	51.57
14	-26.737	d14		22.62
15	AS	1.000		14.536
16	33.660	3.600	1.51728	20.01	69.43
17	-60.204	0.120		20.01
18	31.125	5.400	1.51680	21.15	64.20
19	-56.466	2.300		18.90
20	-25.519	1.300	1.84666	23.25	23.82
21	-160.204	d21		19.40	
22	47.740	5.000	1.51680	20.95	64.20
23	-26.191	4.000		20.95
24	-250.000	1.600	1.78100	23.26	44.55
25	69.649	2.900		17.48	
26	-27.027	1.900	1.61800	22.03	63.39
27	-23.537	Bf		24.41
[aspherical data]
6	100.922	0	1.1510314E-05	-5.0029378E-08	4.8420626E-10	-2.6642103E-12	5.9695008E-15
24	-250.000	0	-3.6096279E-05	-7.1324528E-08	3.7287565E-10	-5.7986021E-12	2.1293063E-14
[figure]	
source	Data/US005528423_Figure02P.png
originX	46.11
originY	251.78
ppmm	5.533
[notes]
