[descriptive data]
title	US 3,482,900 Example 1 (Schneider Variogon 2.8 / 45-100)
[variable distances]
Focal Length	48	72	85	96
Angle of View	undefined	undefined	undefined	undefined
F-Number	2.8	2.8	2.8	2.8
Image Height	43.2	43.2	43.2	43.2
Magnification	0	0	0	0
d0	Infinity	Infinity	Infinity	Infinity
d5	0.638	14.544	19.240	22.288
d10	10.885	3.024	2.300	2.744
d13	14.028	7.982	4.010	0.518
Bf(p)	48.2	48.2	48.2	48.2
Bf	49.09	49.09	49.09	49.09
[lens data]
1	110.56	2.30	1.80518	54.26	25.46
2	60.31	7.50	1.55232	54.26	63.49
3	268.80	0.10		52.94	
4	46.49	8.75	1.62041	53.14	60.29
5	219.40	d5		53.14	
6	420.00	1.50	1.62230	30.28	53.14
7	28.09	6.80		26.52	
8	-181.20	1.00	1.71300	29.94	53.80
9	41.81	5.00	1.72830	29.94	28.66
10	-230.60	d10		29.94	
11	-56.12	3.00	1.60565	21.68	37.95
12	-26.99	1.00	1.71300	21.68	53.89
13	-428.00	d13		21.68	
14	339.40	3.00	1.65844	24.24	50.84
15	-52.00	1.25		24.24	
15AS	AS	1.25		24.115
16	48.73	3.90	1.62041	26.06	60.29
17	946.60	0.10		26.06	
18	26.90	1.50	1.62364	24.01	36.75
19	12.15	5.00	1.62041	21.52	60.29
20	38.21	5.00		21.52
21	-109.66	1.55	1.64831	21.66	33.77
22	25.45	7.95		18.52	
23	84.79	3.50	1.57057	24.66	53.86
24	-35.89	Bf		24.66	
[figure]
source	Data/US003482900_Figure01P.png
originX	105.96
originY	416.58
ppmm	10.258
[notes]
Bill: Image Height unknown.

