[descriptive data]
title	US 5,568,323 Example 5 (Ricoh smc Pentax-FA 28-70mm F2.8 AL)
[constants]
[variable distances]
Focal Length	29.00	50.00	68.00
Angle of View	75.6	46.2	34.6
F-Number	2.8	2.8	2.8
Image Height	43.2	43.2	43.2
Total Length	undefined	undefined	undefined
Magnification	0	0	0
d0	Infinity	Infinity	Infinity
d6	45.91	14.02	3.11
d14	2.15	13.24	22.46
d19	15.54	8.21	2.38
Bf(p)	39.86	39.85	39.85
Bf	39.86	47.17	53.02
Aperture Diameter	21.118	23.240	25.540
[lens data]					
1	142.563	2.00	1.77250	55.04	49.6
2	29.371	9.90		45.54	
3	589.333	2.00	1.72916	45.32	54.7
4	57.844	0.55		45.32	
5	45.772	5.12	1.84666	45.54	23.9
6	117.239	d6		45.54	
7	2292.096	5.90	1.77250	36.38	49.6
8	-37.764	1.50	1.68893	36.38	31.1
9	-170.564	0.10		36.38	
10	37.431	1.70	1.80518	37.00	25.4
11	24.023	8.00	1.48749	37.00	70.2
12	114.789	0.10		37.00	
13	44.002	4.80	1.77250	36.38	49.6
14	292.417	d14		36.38	
14.5	AS	1.52		21.118
15	-21691.817	3.30	1.84666	27.14	23.9
16	-41.191	1.50	1.74320	27.14	49.3
17	66.539	3.00		23.66
18	-37.044	1.63	1.80610	23.66	40.9
19	-67.314	d19		25.48	
20	-180.116	5.00	1.59240	26.54	68.3
21	-27.614	0.10		26.54	
22	63.290	5.00	1.59240	27.50	68.3
23	-92.026	2.47		27.50	
24	-28.946	1.50	1.76182	29.14	26.5
25	-111.878	Bf		29.14	
[aspherical data]
2	29.371	-1.1	2.9616E-06	6.2403E-10	1.5674E-12	-2.0023E-16
[figure]
source	Data/US005568323_Figure17P.png
originX	90.77
originY	98.93
ppmm	1.780
[notes]
Bill: Production figure is telephoto (68mm).
