[descriptive data]
title	US 4,147,410 Example 1 (Konica Minolta 24-50mm F4 MD Zoom)
[constants]
[variable distances]
Focal Length	50	35	24
Angle of View	47	64	84
F-Number	4	4	4
Image Height	43.2	43.2	43.2
Magnification	0	0	0
d0	Infinity	Infinity	Infinity
d11	1.66	11.96	27.93
Bf(p)	undefined	undefined	undefined
Bf	59.50	47.62	38.32
Aperture Diameter	19.568	15.835	13.297
[lens data]
1	94.69	6.0	1.6000	56.94	64.4
2	417.70	0.2		56.94
3	73.24	1.5	1.7435	45.20	49.2
4	21.13	7.5		33.82
5	148.30	1.5	1.7435	40.70	49.2
6	32.70	3.5		30.59
7	129.80	4.0	1.7106	31.28	43.3
8	-86.70	1.0	1.6385	31.28	55.7
9	66.78	2.5		31.28	
10	33.47	3.0	1.7174	28.82	29.4
11	78.98	d11		28.82
11AS	AS	0		19.568
12	53.95	2.5	1.5168	20.04	64.0
13	-159.90	0.1		20.04
14	19.80	3.36	1.5168	20.29	64.0
15	136.34	0.1		20.29
16	22.44	2.0	1.5168	19.14	64.0
17	32.82	4.5		18.46
18	-61.82	2.0	1.8052	16.76	25.4
19	-24.57	0.8	1.7569	16.76	29.7
20	18.24	2.19		15.25
21	-57.47	2.0	1.5168	15.25	64.0
22	-20.76	0.1		15.76
23	38.02	2.3	1.6000	15.88	64.4
24	-375.80	Bf		15.88
[figure]
source	Data/US004147410_Figure01P.png
originX	16.14
originY	496.43
ppmm	16.383
[notes]
