[descriptive data]
title	US 8,248,716 Example 1 (Olympus M.Zuiko 12mm F2.0)
[constants]
[variable distances]
Focal Length	12.187	undefined
Angle of View	91.2	undefined
F-Number	2.051	undefined
Image Height	22.30	22.30
Total Length	60.667	60.667
Magnification	0	-0.08033
S	Infinity	200
d0	Infinity	139.333
d19	3.0348	1.4977
Bf	15.0407	16.6790
[lens data]
1	33.689	1.750	1.78590	26.82	44.20
2	14.086	2.476		22.12	
3	17.166	1.700	1.67790	21.14	55.34
4	9.445	4.947		18.40	
5	92.675	2.740	1.88300	17.76	40.80
6	-40.381	0.635		17.76	
7	-27.836	1.200	1.48749	16.88	70.23
8	13.649	3.437	1.72151	14.80	29.23
9	82.751	1.645		14.80	
10	52.005	0.900	1.76182	12.84	26.52
11	17.076	0.189		12.84	
12	12.054	3.382	1.69700	12.08	48.52
13	-43.211	1.134		12.08	
14	AS	4.730		9.419
15	-8.981	0.800	1.80518	10.54	25.42
16	28.124	2.284	1.88300	12.94	40.80
17	-41.231	0.150		13.28	
18	56.295	4.921	1.74320	16.12	49.34
19	-14.456	d19		16.12	
20	25.519	3.571	1.51742	20.26	52.43
21	-1000.000	Bf		20.26	
[aspherical data]
3	17.166	-0.5882	-3.2612E-05	1.3916E-07	-1.3823E-09	6.9311E-12	
4	9.445	-0.2345	-1.0137E-04	-1.7688E-07	-1.1612E-08	1.2299E-10	-8.6949E-13
18	56.295	-38.907	7.1773E-05	1.7227E-06	-1.3823E-09	6.9311E-12	
19	-14.456	-2.6656	6.5273E-07	1.7649E-06	2.5620E-09	1.6732E-10	6.6546E-13
[figure]
source	Data/US008248716_Figure01aP.png
originX	15.47
originY	84.62
ppmm	2.829
[notes]
Bill: d0 computed and Magnification measured.
The 6th element doesn't really match the production lens.
