[descriptive data]
title	US 6,621,643 Example 1 (Nikon AF Zoom-Nikkor 28-200mm f/3.5-5.6G IF-ED)
[constants]
AsphericalOddCount	2
[variable distances]
Focal Length	29.1	50	192	undefined	undefined	undefined	undefined	undefined	undefined
Angle of View	74.1	undefined	11.8	undefined	undefined	undefined	undefined	undefined	undefined
F-Number	3.6	4.6	5.9	undefined	undefined	undefined	undefined	undefined	undefined
Image Height	43.2	43.2	43.2	43.2	43.2	43.2	43.2	43.2	43.2
Total Length	undefined	undefined	undefined	undefined	undefined	undefined	undefined	undefined	undefined
Magnification	0	0	0	-0.03333	-0.03333	-0.03333	-0.08067	-0.13669	-0.31493
d0	Infinity	Infinity	Infinity	825.2688	1429.7337	5065.4811	314.9335	299.9877	259.2589
d5	2.16928	9.21209	38.15808	1.59450	8.75909	36.58228	0.79962	7.41055	29.90142
d14	19.14864	12.10583	0.80311	19.72342	12.55883	2.37891	20.51830	13.90737	9.05977
d21	5.75080	3.31464	1.46943	5.75080	3.31464	1.46943	5.75080	3.31464	1.46943
Bf(p)	undefined	undefined	undefined	undefined	undefined	undefined	undefined	undefined	undefined
Bf	39.15	56.53	81.49	39.15	56.53	81.49	39.15	56.53	81.49
Aperture Diameter	16.477	16.506	17.225	16.477	16.506	17.225	16.477	16.506	17.225
[lens data]
1	85.2964	1.80	1.84666	51.02	23.78
2	52.3479	6.80	1.64000	47.52	60.09
3	-11096.9620	0.10		47.52
4	57.2728	3.85	1.49782	41.06	82.52
5	232.6502	d5		41.06
6	113.7061	0.05	1.55389	27.00	38.09
7	98.4767	1.60	1.83481	27.00	42.72
8	15.1317	4.80		19.92
9	-49.0060	0.90	1.77250	19.92	49.61
10	59.9897	0.10		19.92
11	25.8325	3.50	1.80809	18.55	22.76
12	-56.8121	0.95		17.90
13	-25.2334	0.90	1.77250	17.90	49.61
14	500.0000	d14		18.55
15	AS	0.50		16.477
16	24.4453	4.30	1.49782	19.53	82.52
17	-38.9608	0.10		19.53
18	23.8212	2.05	1.49782	19.09	82.52
19	46.3499	2.70		18.32
20	-24.7866	1.00	1.84666	18.32	23.78
21	-55.6820	d21		19.09
22	103.4624	3.50	1.51680	18.55	64.10
23	-29.2538	0.00		18.55
24	FS	7.85		18.20
25	-311.1355	0.20	1.55389	20.00	38.09
26	-100.0000	1.30	1.80400	20.00	46.58
27	125.3392	Bf		22.01
[aspherical data]
6	113.7061	5.2788	-1.1851E-06	1.4170E-06	0.0000E+00	-9.0614E-09	-8.3202E-11	1.3488E-12	-3.8798E-15
22	103.4624	-100.9999	-2.3379E-06	-1.6150E-05	0.0000E+00	-2.1098E-07	7.4305E-10	1.7382E-11	
23	-29.2538	1.1022	-3.5074E-06	-1.2621E-05	0.0000E+00	-5.8347E-08	-4.5042E-10	2.2333E-11	-3.2891E-15
25	-311.1355	575.7229	-6.9399E-06	-3.8277E-05	6.5412E-08	-5.6657E-09	-7.0116E-10	3.7914E-12	1.6919E-14
[figure]	
source	Data/US006621643_Example01_Tale65-Fig1.png
originX	11.25
originY	313.5
ppmm	11.636
[notes]
