[descriptive data]
title	US 5,144,488 Example 1 (Canon EF35-135mm f4-5.6 USM)
[constants]
[variable distances]
Focal Length	36.30	70.58	131.70
Angle of View	61.6	34.0	18.7
F-Number	4.0	4.9	5.6
Image Height	43.2	43.2	43.2
Magnification	0	0	0
d0	Infinity	Infinity	Infinity
d5	2.49	14.47	24.51
d13	19.40	9.77	1.86
d24	0.66	5.80	10.47
d25	3.80	9.82	15.30
Bf(p)	undefined	undefined	undefined
Bf(m)	47.09	47.08	47.16
Bf	47.09	47.09	47.09
[lens data]
1	191.67	2.40	1.80518	48.28	25.4
2	58.88	7.00	1.60311	44.18	60.7
3	-177.75	0.12		44.18	
4	37.51	4.40	1.60311	36.76	60.7
5	101.06	d5		36.14	
6	77.15	1.25	1.77250	25.30	49.6
7	14.70	5.15		19.72	
8	-41.39	1.00	1.80400	19.72	46.6
9	54.44	0.50		19.72	
10	28.05	4.00	1.80518	19.54	25.4
11	-46.42	1.10		18.83
12	-22.56	1.00	1.77250	18.83	49.6
13	-103.61	d13		19.54	
14	AS	1.00		17.289
15	28.24	3.60	1.55962	19.92	61.2
16	-325.60	0.15		19.92	
17	21.64	3.30	1.51633	19.98	64.1
18	102.66	0.40		19.98	
19	31.71	5.31	1.51633	19.30	64.1
20	56.70	0.80		19.30	
21	-2154.79	2.00	1.84666	15.58	23.9
22	14.72	1.25		15.58	
23	19.40	4.00	1.64769	15.86	33.8
24	-62.00	d24		15.86	
25	FS	d25		13.34	
26	-23.73	1.10	1.78590	20.90	44.2
27	624.35	4.60	1.53256	22.22	45.9
28	-20.14	Bf		22.22	
[aspherical data]
24	-62.00	0	2.29113E-05	1.08793E-08
[figure]
source	Data/US005144488_Figure02P.png
originX	39.94
originY	109.95
ppmm	2.247
[notes]
