[descriptive data]
title	US 4,477,153 Example 1 (Canon FD20-35mm f3.5L Aspherical)
[constants]
[variable distances]
Focal Length	20.5	27.0	34.5
Angle of View	93.0	77.4	64.2
F-Number	3.5	3.5	3.5
Image Height	43.2	43.2	43.2
Magnification	0	0	0
d0	Infinity	Infinity	Infinity
d8	25.31	11.19	1.51
Bf	36.42	43.31	51.27
Aperture Diameter	14.144	15.708	17.652
[lens data]
1	72.90	2.10	1.72342	47.12	38.0
2	20.24	8.89		34.98
3	128.58	3.78	1.59551	36.74	39.2
4	-109.49	1.94		36.74	
5	-81.11	1.94	1.77250	34.18	49.6
6	33.06	5.90		30.52
7	41.42	3.55	1.80518	28.56	25.4
8	234.15	d8		28.56	
9	44.81	5.85	1.77250	18.70	49.6
10	-398.69	1.18		18.70
10AS	AS	0.82		14.144
11	56.82	5.85	1.80610	18.56	40.9
12	-63.65	2.88		18.56
13	-27.40	3.06	1.84666	18.49	23.9
14	559.54	3.26		18.49
15	415.00	2.36	1.61800	18.49	63.4
16	-47.28	0.66		18.49
17	-1900.55	1.60	1.83400	18.46	37.2
18	31.95	1.51		18.46
19	-314.71	2.81	1.49700	18.46	81.6
20	-26.03	0.10		18.46
21	187.39	2.85	1.48749	21.16	70.1
22	-47.90	Bf		21.16
[aspherical data]
1	72.90	0	5.52E-06	-3.09E-09	4.57E-12	-1.16E-15
[figure]
source	Data/US004477153_Figure02P.png
originX	129.01
originY	301.23
ppmm	7.143
[notes]			
Bill: Construction figure is at telephoto.
