[descriptive data]
title	US 6,940,655 Example 1 (Nikon AF-S DX Zoom-Nikkor 12-24mm f/4G IF-ED)
[constants]
AsphericalOddCount	1
[variable distances]
Focal Length	12.30000	18.00000	23.30000	undefined	undefined	undefined	undefined	undefined	undefined
Angle of View	102.44	78.96	64.90	undefined	undefined	undefined	undefined	undefined	undefined
F-Number	4.12	4.08	4.10	undefined	undefined	undefined	undefined	undefined	undefined
Image Height	28.62	28.62	28.62	28.62	28.62	28.62	28.62	28.62	28.62
Total Length	undefined	undefined	undefined	undefined	undefined	undefined	undefined	undefined	undefined
Magnification	0	0	0	-0.02500	-0.02500	-0.02500	-0.07149	-0.11266	-0.14164
d0	Infinity	Infinity	Infinity	459.2617	689.4384	902.4793	139.293	134.8576	140.6163
d8	25.95663	9.88203	1.99178	26.70744	10.35626	2.37102	28.12092	12.01643	4.12618
d11	3.43377	3.43377	3.43377	2.68296	2.95954	3.05453	1.26948	1.29937	1.29937
Bf	37.99664	48.43207	58.13521	38.00021	48.43563	58.13876	38.02654	48.43207	58.13521
Aperture Diameter	10.574	12.236	13.734	10.574	12.236	13.734	10.574	12.236	13.734
[lens data]
1	78.0922	2.0000	1.744429	56.14	49.55
2	19.6266	16.6500		46.50	
3	242.6225	5.0000	1.581440	32.38	40.75
4	-65.8923	1.5000	1.772500	32.38	49.61
5	16.1000	0.1000	1.553890	25.60	38.09
6	16.2260	4.8000		25.60
7	23.3293	4.0000	1.755200	24.39	27.51
8	93.0176	d8		24.39	
9	30.6806	0.9000	1.741000	15.11	52.67
10	16.8907	3.0000	1.548140	15.11	45.79
11	-82.9562	d11		13.98	
12	AS	1.0000		10.574	
13	-4845.7452	9.0000	1.497820	14.52	82.52
14	-11.9598	1.3500	1.804000	15.66	46.58
15	-24.9515	6.9500		15.66	
16	774.8986	0.9000	1.804400	17.81	39.59
17	20.0882	6.5000	1.497820	17.81	82.52
18	-15.3138	1.0000		17.81	
19	-19.8294	2.0000	1.606020	19.85	57.44
20	-23.8261	Bf		19.85	
[aspherical data]
1	78.0922	-14.9624	0.00000E+00	7.03860E-07	1.23420E-10	2.35070E-13	4.78750E-16	1.36620E-19	
2	19.6266	-1.6055	2.69680E-05	-4.77700E-06	-3.12450E-09	1.23680E-12	3.39710E-15	1.60570E-17	4.11710E-21
6	16.2260	-0.6586	2.55820E-05	3.67940E-05	-6.97010E-08	7.16180E-10	-3.18200E-12	1.90110E-17	3.20120E-18
19	-19.8294	0.4732	3.79350E-06	-3.87640E-06	-6.02020E-08	-9.02410E-10	-1.90620E-12		
20	-23.8261	-0.3597	-8.11580E-07	-1.91950E-06	-7.62310E-08	-3.70540E-10	-4.03920E-12		
[figure]
source	Data/US006940655_Example01_Tale68-Fig1.png
ppmm	3.703
originX	37
originY	164
[notes]
Bill: More precise values from the chart axis.
