[descriptive data]
title	US 4,062,622 Example 2 (Ricoh smc Pentax-M 20mm F4.0)
[constants]
Scaled	20	100
[variable distances]
Focal Length	20
Angle of View	94
F-Number	4
Image Height	43.2
Magnification	0
d0	Infinity
Bf	36.154
[lens data]
1	46.3242	3.4148	1.62041	33.42	60.3
2	138.0556	0.0976		31.36	
3	18.8400	1.1708	1.62041	22.90	60.3
4	7.8842	4.9758		14.51
5	20.9766	1.1708	1.62299	14.21	58.1
6	8.0180	1.9514		10.04
7	32.1966	10.4396	1.71736	10.60	29.5
8	-31.5138	1.0514		10.60	
8AS	AS	0.90		8.639
9	-97.5658	2.7904	1.63854	8.94	55.4
10	-16.3422	0.1074		11.06
11	-45.8558	1.1708	1.80518	11.94	25.4
12	27.6696	0.9756		10.33
13	1924.1202	2.6050	1.48749	12.34	70.1
14	-11.6786	0.0976		12.34
15	-76.1012	1.6684	1.51633	14.20	64.1
16	-31.2112	Bf		15.89
[figure]
source	Data/US004062622_Figure03P.png
originX	7.60
originY	121.52
ppmm	6.909
[notes]
