[descriptive data]
title	US 8,837,056 Example 1 (Sony E 55-210mm F4.5-6.3 OSS)
[constants]
Scaled	56	1
[variable distances]
Focal Length	56.00	106.96	202.72
Angle of View	27.90	14.86	7.84
F-Number	4.64	5.40	6.49
Image Height	28.28	28.28	28.28
Total Length	undefined	undefined	undefined
Magnification	0	0	0
d0	Infinity	Infinity	Infinity
d5	17.976	33.880	44.408
d10	17.192	8.008	1.512
d16	11.200	10.752	14.448
d18	6.440	6.832	3.192
Bf	17.920	28.392	52.024
Aperture Diameter	14.276	14.579	15.924
[lens data]
1	93.912	1.512	1.9108	39.20	35.25
2	52.640	6.160	1.4970	39.20	81.61
3	-104.608	0.224		39.20	
4	49.728	2.408	1.4875	33.60	70.44
5	76.104	d5		29.68	
6	-204.344	1.120	1.8061	16.80	40.73
7	12.320	3.360	1.8467	16.80	23.78
8	54.040	1.680		16.80	
9	-34.664	0.896	1.9108	16.24	35.25
10	421.792	d10		16.24	
11	AS	1.008		14.276
12	63.672	2.296	1.9108	17.36	35.25
13	-57.848	0.280		17.36	
14	27.552	3.192	1.4970	17.36	81.61
15	-34.664	0.840	1.8467	17.36	23.78
16	141.960	d16		17.36	
17	51.128	2.408	1.4971	14.00	81.56
18	-43.624	d18		14.00	
19	-66.248	0.896	1.5920	12.88	67.02
20	25.536	16.464		11.20	
21	27.776	6.216	1.6034	23.52	38.01
22	-26.208	1.008	1.8348	23.52	42.72
23	102.256	Bf		23.52	
[aspherical data]
17	51.128	0	-4.22078E-06	-5.63666E-08	7.66999E-09	1.65480E-12
18	-43.624	0	1.21158E-05	1.71462E-07	2.33817E-09	5.14618E-11
19	-66.248	0	2.46269E-04	-4.72971E-06	3.29863E-08	5.14618E-11
20	25.536	0	2.52460E-04	-5.03036E-06	4.09067E-08	-5.14618E-11
[figure]
source	Data/US008837056_Figure01P.png
originX	4.65
originY	64.47
ppmm	2.016
[notes]
Bill: Not so close to the production lens as I would like.
