[descriptive data]
title	US 8,169,718 Example 4 (Nikon AF-S DX Nikkor 10-24mm f/3.5-4.5G ED)
[constants]
[variable distances]
Focal Length	10.295	15.598	23.393
Angle of View	111.42	85.50	62.84
F-Number	3.60	4.15	4.60
Image Height	29.00	29.00	29.00
Total Length	undefined	undefined	undefined
Magnification	0	0	0
d0	Infinity	Infinity	Infinity
d7	21.1006	10.4692	3.7599
d14	0.8270	7.7520	14.2056
d17	11.0939	5.8381	0.8000
Bf(p)	undefined	undefined	undefined
Bf	38.90	45.89	58.46
Aperture Diameter	9.691	10.118	11.482
[lens data]
1	72.8710	3.0000	1.74330	50.60	49.22
2	12.9000	16.2015		31.76	
3	770.1839	1.1000	1.88300	26.86	40.80
4	26.0522	0.3000	1.53610	26.86	41.21
5	30.6791	1.1966		26.86	
6	20.4544	4.7353	1.69895	24.60	30.05
7	43.9685	d7		20.50	
8	AS	1.5074		9.691
9	-68.4574	2.5124	1.68893	14.16	31.16
10	-12.6110	1.7924	1.88300	14.16	40.80
11	-37.3079	0.1500		15.18	
12	34.8661	3.7882	1.58913	15.58	61.25
13	-13.8945	0.8000	1.80610	15.58	33.27
14	-26.8129	d14		15.58	
15	-30.4122	0.8000	1.77250	15.58	49.62
16	20.1071	2.8524	1.84666	15.58	23.78
17	292.4999	d17		15.58	
18	45.2832	4.3580	1.49700	23.98	81.61
19	-36.2850	0.1500		23.98	
20	48.9769	0.9000	1.90366	23.78	31.31
21	17.4000	12.2843	1.49700	23.58	81.61
22	-14.3000	1.1000	1.90366	23.58	31.31
23	-20.2760	0.2000		25.82	
24	-37.3436	0.3500	1.51460	24.95	49.96
25	-32.4182	1.5000	1.58144	24.95	40.89
26	-44.7821	Bf		26.24	
[aspherical data]
1	72.8710	-4.855874	1.47578E-05	-3.54016E-08	4.54072E-11	-1.16025E-14	2.27158E-17	-3.08920E-20	-6.77424E-23	-3.35578E-26	1.37873E-28
2	12.9000	-1.110553	2.77891E-05	4.04370E-08	6.12679E-11	3.62235E-13	-1.10342E-14	5.28104E-18	3.20816E-19	1.45731E-22	-3.47259E-24
5	30.6791	0.33503	2.26449E-05	-9.66072E-08	1.76373E-10	1.14032E-13	1.38279E-15				
24	-37.3436	-0.608663	-9.83362E-06	2.14587E-08	-1.14789E-10	1.30510E-12	-2.67583E-15				
[figure]
source	Data/US008169718_Figure10P.png
originX	38
originY	392
ppmm	9.069
[notes]

