[descriptive data]
title	US 5,000,550 Example 1 (Canon EF20-35mm f2.8L)
[constants]
[variable distances]
Focal Length	20.6	27.2	34.0
Angle of View	92.8	77.0	64.8
F-Number	2.8	2.8	2.8
Image Height	43.2	43.2	43.2
Magnification	0	0	0
d0	Infinity	Infinity	Infinity
d8	17.415	7.016	1.012
d13	2.307	4.747	7.187
d19	5.900	3.460	1.020
Bf(p)	undefined	undefined	undefined
Bf	39.28	44.43	49.59
Aperture Diameter	15.560	16.831	18.475
[lens data]
1	62.000	2.20	1.77250	46.58	49.6
2	20.619	10.40		35.32	
3	-394.519	3.40	1.61293	35.22	37.0
4	-90.646	3.60		35.22	
5	-52.980	1.60	1.88300	29.32	40.8
6	53.109	1.94		27.68	
7	58.070	3.50	1.84666	27.24	23.9
8	-242.392	d8		27.24	
9	73.270	1.20	1.84666	21.09	23.9
10	25.588	4.65	1.65160	21.09	58.5
11	-47.628	0.15		21.09
12	26.836	3.14	1.65160	21.35	58.5
13	130.997	d13		21.35
14	AS	1.50		15.560
15	-60.366	1.10	1.81600	18.28	46.6
16	51.294	2.15		18.28
17	-37.359	1.10	1.69680	18.28	55.5
18	27.938	4.10	1.80518	20.14	25.4
19	-55.566	d19		20.14	
20	85.181	3.00	1.51633	21.56	64.1
21	-110.775	0.91		21.56	
22	68.527	2.00	1.76182	23.40	26.5
23	37.210	1.93		23.40	
24	1093.805	3.80	1.69680	24.92	55.5
25	-37.162	0.20		24.92	
26	464.036	7.50	1.65160	26.48	58.5
27	-18.493	1.40	1.84666	26.48	23.9
28	-55.992	Bf		28.88	
[aspherical data]
1	62.000	0	5.8920E-06	-4.9470E-10	3.7880E-13	3.3853E-15
[figure]
source	Data/US005000550_Figure01P.png
originX	132.69
originY	283.33
ppmm	7.701
[notes]
