[descriptive data]
title	US 7,804,652 Example 4 (Ricoh smc Pentax-DA 17-70mm F4AL[IF] SDM)
[constants]
[variable distances]
Focal Length	17.50	35.00	67.89
Angle of View	80.6	43.6	23.2
F-Number	4.0	4.0	4.0
Image Height	28.4	28.4	28.4
Total Length	undefined	undefined	undefined
Magnification	0	0	0
d0	Infinity	Infinity	Infinity
d5	3.10	18.13	33.70
d17	16.92	6.68	1.00
d22	3.97	11.73	16.34
d22AS	2.56	10.32	14.93
d25	13.39	5.62	1.00
Bf	39.04	49.45	64.38
Aperture Diameter	10.260	13.802	18.255
[lens data]
1	285.090	1.80	1.84666	53.57	23.8
2	96.239	5.19	1.71300	53.57	53.9
3	3559.161	0.10		53.57
4	49.493	5.49	1.77250	48.60	49.6
5	106.028	d5		48.60	
6	199.217	0.10	1.52700	26.22	43.7
7	94.524	1.20	1.80400	26.22	46.6
8	14.703	5.47		20.20	
9	-91.784	1.00	1.80400	19.00	46.6
10	40.312	1.27		19.00	
11	-792.605	0.90	1.83400	18.02	37.2
12	72.794	0.15		18.02	
13	30.191	6.49	1.59270	17.48	35.3
14	-30.191	1.04		17.48	
15	-18.411	1.00	1.80400	16.28	46.6
16	1216.028	2.30	1.78472	17.60	25.7
17	-33.130	d17		17.60
18	48.029	3.67	1.56732	19.55	42.8
19	-29.724	0.10		19.55
20	32.462	4.53	1.58913	19.22	61.2
21	-22.857	1.00	1.80518	19.22	25.4
22	212.245	1.41		19.22
22AS	AS	d22AS		10.260
23	-31.431	2.80	1.84666	16.53	23.8
24	-14.123	1.00	1.80400	16.53	46.6
25	1587.500	d25		16.53
26	43.935	4.56	1.48749	21.74	70.2
27	-33.898	0.10		21.74	
28	-7107.317	0.10	1.52972	23.16	42.7
29	-206.329	1.00	1.80518	23.16	25.4
30	35.460	5.23	1.48749	23.16	70.2
31	-33.899	Bf		23.16	
[aspherical data]
6	199.217	0	2.3425E-05	-5.5109E-08	1.3114E-10
28	-7107.317	0	-1.9525E-05	-9.1623E-09	
[figure]
source	Data/US007804652_Figure13P.png
originX	128.62
originY	146.57
ppmm	3.110
[notes]
