[descriptive data]
title	US 5,734,508 Example 1 (Nikon AI AF Nikkor 24-120mm f/3.5-5.6D)
[constants]
[variable distances]						
Focal Length	24.7	undefined	50	undefined	116.5	undefined
Angle of View	84.2	undefined	undefined	undefined	20.3	undefined
F-Number	3.6	undefined	4.68	undefined	5.9	undefined
Image Height	43.2	43.2	43.2	43.2	43.2	43.2
Total Length	undefined	undefined	undefined	undefined	undefined	undefined
Magnification	0	-0.033333333	0	-0.033333333	0	-0.033333333
d0	Infinity	695.1828	Infinity	1406.764	Infinity	3236.385
d5	1.9670	1.5018	17.5860	17.1595	36.3300	35.7213
d15	14.0920	14.5571	6.7890	7.2155	0.9510	1.5601
d21	5.7070	5.7066	2.2680	2.2679	0.7990	0.7991
Bf	39.3380	39.3380	56.9370	56.9370	76.0790	76.0790
Aperture Diameter	16.229	16.229	16.148	16.148	16.210	16.210
[lens data]
1	176.802	1.80	1.860740	64.24	23.0
2	65.95	8.30	1.713000	59.52	53.9
3	1066.144	0.10		59.52	
4	51.972	6.10	1.772790	53.10	49.5
5	147.189	d5		53.10	
6	245.722	0.03	1.495210	28.93	56.3
7	107	1.77	1.840420	28.93	43.4
8	13.685	6.05		19.41	
9	-29.385	1.60	1.840420	20.67	43.4
10	26.162	2.30	1.688930	18.59	31.1
11	69.447	0.10		18.59	
12	32.815	5.60	1.755200	19.68	27.6
13	-22.698	0.80		19.68	
14	-18.278	1.60	1.772790	20.06	49.5
15	-65.05	d15		16.00	
16	AS	1.00		16.229
17	37.92	3.30	1.516800	18.58	64.1
18	-37.92	0.20		18.58	
19	21.224	5.80	1.516800	19.20	64.1
20	-21.224	1.80	1.796310	19.20	40.9
21	45.547	d21		16.68	
22	29.885	5.00	1.658440	17.00	50.8
23	-29.885	0.10		17.00	
24	62.246	1.80	1.796680	17.94	45.4
25	26.783	1.80		16.89	
26	-83.063	1.70	1.834000	16.89	37.4
27	19.258	5.00	1.518230	18.58	58.9
30	-39.94	Bf		18.58	
[aspherical data]
6	245.722	0	0.15685E-04	-0.2039E-07	0.26186E-10	0.850420E-13
24	62.246	0	-0.34324E-04	-0.74054E-07	-0.34715E-09	0.10897E-11
[figure]
source	Data/US005734508_Example01_Tale58-Fig1.png
ppmm	7.775175644
originX	6
originY	262
[notes]
Bill: US5734508 Example 1. Typo in Table 1, wide F/# is 3.6 not 2.6
Note that this patent is from f/3.6-5.9 but Nikon Tale 58 refers to f/3.5-5.6
