[descriptive data]
title	US 8,228,605 Example 2 (Tamron SP 70-300mm F/4-5.6 Di VC USD)
[constants]
[variable distances]
Focal Length	71.75	150.00	292.50
Angle of View	33.67	16.41	8.46
F-Number	4.10	4.83	5.85
Image Height	43.26	43.26	43.26
Total Length	undefined	undefined	undefined
Magnification	0	0	0
d0	Infinity	Infinity	Infinity
d5	3.5000	32.0254	46.4397
d12	31.2341	17.5696	2.5000
d18	4.3009	2.0000	6.0952
Bf	47.5369	62.6975	81.5776
[lens data]
1	343.8744	3.8144	1.48749	52.90	70.2
2	-343.8744	14.8434		52.90
3	65.4212	1.5000	1.69895	50.28	30.1
4	46.5711	8.4101	1.43875	47.66	94.9
5	-648.0663	d5		47.66
6	-213.5045	1.2000	1.77250	30.16	49.6
7	56.2530	3.0571		25.79
8	-55.1425	1.2000	1.77250	25.79	49.6
9	47.9635	4.1563	1.84666	27.40	23.8
10	-133.8489	1.3243		27.40
11	-49.3822	1.2000	1.61800	28.32	63.4
12	-169.9332	d12		29.54	
13	AS	1.0000		28.192
14	79.1380	4.3069	1.88300	30.74	40.8
15	-79.1380	0.2000		30.74
16	56.1087	5.8909	1.49700	29.84	81.5
17	-45.5752	1.2000	1.90366	29.84	31.3
18	156.9544	d18		29.84
19	49.6914	5.0710	1.48749	28.86	70.2
20	-64.2211	1.0000	1.91082	28.86	35.3
21	64.2211	0.2000		28.86
22	34.7404	5.9458	1.51742	27.81	52.2
23	-82.3989	14.1294		27.81
24	1471.7974	3.0000	1.80610	20.82	33.3
25	-27.2433	1.0000	1.77250	20.82	49.6
26	42.4849	3.5054		21.09
27	65.9840	3.1265	1.80610	23.60	40.7
28	-134.3988	9.0657		23.60
29	-20.1696	1.2000	1.77250	22.66	49.6
30	-33.3862	Bf		24.81
[figure]
source	Data/US008228605_Figure13P.svg
originX	102.43
originY	319.21
ppmm	7.271
[notes]
