[descriptive data]
title	US 8,867,144 Example 1 (Tamron SP 70-200mm F/2.8 Di VC USD)
[constants]
[variable distances]
Focal Length	71.8000	118.0000	194.5000	67.8957	101.5451	135.4638
Angle of View	33.71	undefined	12.42	undefined	undefined	undefined
F-Number	2.9	2.9	2.9	undefined	undefined	undefined
Image Height	43.26	43.26	43.26	43.26	43.26	43.26
Total Length	undefined	undefined	undefined	undefined	undefined	undefined
Magnification	0	0	0	-0.06110	-0.09103	-0.12494
S	Infinity	Infinity	Infinity	1300	1300	1300
d0	Infinity	Infinity	Infinity	1065.70	1065.70	1065.70
d7	2.2014	25.5869	39.7471	2.2014	25.5869	39.7471
d10	20.5031	13.5000	18.9574	18.2357	8.2041	6.9574
d17	21.2237	13.7979	1.5461	23.4911	19.0938	13.5461
d22	17.8225	8.8658	1.5000	17.8225	8.8658	1.5000
Bf	57.0050	57.0050	57.0050	57.0050	57.0050	57.0050
[lens data]
1	133.7102	2.0000	1.80610	75.60	33.27
2	77.3487	8.5500	1.43700	73.88	95.10
3	537.2688	0.2000		73.88	
4	116.5358	4.6988	1.49700	72.00	81.61
5	298.9745	0.2000		72.00	
6	84.2299	8.2046	1.49700	70.64	81.61
7	3112.4218	d7		70.64	
8	-2017.5362	3.5529	1.90366	46.06	31.31
9	-106.5734	1.5000	1.69680	46.06	55.46
10	51.7905	d10		39.24	
11	226.3153	1.3000	1.61800	36.68	63.39
12	60.1827	3.2285		36.68	
13	407.1084	1.3000	1.48749	37.54	70.44
14	40.0019	4.8000	1.80518	37.54	25.46
15	205.8653	3.1602		35.22
16	-66.4978	1.3000	1.83481	35.22	42.72
17	230.8342	d17		37.20	
18	378.2306	3.8000	1.77250	38.38	49.62
19	-93.1471	0.2000		38.38	
20	49.2255	9.6077	1.48749	38.22	70.44
21	-52.6701	1.3000	1.83481	38.22	42.72
22	497.7462	d22		38.22	
23	AS	3.8462		36.002
24	48.2164	7.9959	1.72916	38.88	54.67
25	-113.7175	0.2000		38.88	
26	45.1106	4.5932	1.49700	33.92	81.61
27	163.1315	1.8091		29.74
28	-99.0801	1.5000	1.80610	29.74	33.27
29	26.4891	8.3490	1.49700	32.22	81.61
30	-86.0385	1.7067		32.22	
31	-133.2957	3.7000	1.80518	27.44	25.46
32	-33.1117	1.0000	1.56883	27.44	56.04
33	99.7696	1.8312		25.16
34	-78.7563	1.0000	1.60342	25.16	38.01
35	40.8845	3.0000		27.26	
36	118.2041	7.5038	1.69800	30.00	55.46
37	-39.0850	2.5092		30.00	
38	-29.1014	1.3000	1.90366	28.83	31.31
39	-101.8420	0.2000		32.22	
40	160.3490	3.9189	1.84666	34.44	23.78
41	-80.3525	Bf		34.44	
[figure]
source	Data/US008867144_Figure01WP.svg
originX	36.57
originY	280.38
ppmm	6.054
[notes]
Bill: Magnification measured.
