[descriptive data]
title	US 8,416,512 Example 3 (Nikon AF-S Nikkor 24mm f/1.4G ED)
[constants]
[variable distances]
Focal Length	24.68	24.68	24.68
Angle of View	83.64	undefined	undefined
F-Number	1.43	undefined	undefined
Image Height	43.2	43.2	43.2
Total Length	132.9	undefined	undefined
Magnification	0	-0.033	-0.179
d0	Infinity	717.21	112.5
d8	4.971	4.145	0.561
Bf	37.865	38.69	42.274
[lens data]
1	45.969	2.070	1.80610	53.40	33.27
2	23.964	5.220		43.24	
3	31.781	2.500	1.77250	43.02	49.36
4	21.180	17.448		38.52	
5	-37.750	4.660	1.60311	36.42	60.69
6	-41.635	3.000		37.46	
7	50.868	7.100	1.80518	34.54	25.46
8	-534.811	d8		34.54	
9	-1096.936	1.600	1.49700	34.32	81.61
10	45.581	3.985		34.32	
11	35.542	7.985	1.72916	36.10	54.67
12	-74.565	0.150		34.84	
13	-358.953	5.000	1.60625	33.80	63.71
14	-32.990	0.010	1.51400	33.28	42.83
15	-32.990	1.100	1.67270	33.28	32.17
16	69.897	4.126		33.28	
17	AS	6.229		27.347
18	-22.523	1.200	1.71736	28.28	29.50
19	46.362	0.010	1.51400	31.90	42.83
20	46.362	5.093	1.77250	31.90	49.36
21	-54.645	1.088		31.90	
22	214.220	6.496	1.59319	33.66	67.90
23	-30.894	0.150		33.66	
24	-49.484	3.845	1.69680	33.90	55.46
25	-30.653	Bf		33.90	
[aspherical data]
4	21.18	-0.5899	2.4978e-6	-2.9453e-8	2.5769e-10	-1.4009e-12	4.3226e-15	-7.2152e-18	4.90233e-21
21	-54.645	1.4546	1.8776e-5	8.1064e-9	5.2994e-11	-2.7772e-13	-1.7561e-16	2.9552e-18	-4.82076e-21
[figure]
source	Data/US008416512_Figure03P.png
ppmm	7.242
originX	27
originY	311.5
[notes]
