[descriptive data]
title	US 6,320,698 Example 3 (Nikon AF Zoom-Nikkor 35-70mm f/2.8D)
[constants]
[variable distances]
Focal Length	36.00	68.50
Angle of View	63.50	34.20
F-Number	2.85	2.86
Image Height	43.20	43.20
Total Length	undefined	undefined
Magnification	0	0
d0	Infinity	Infinity
d8	35.90188	2.80378
d16	5.57243	16.43503
d16AS	3.57243	14.43503
d21	17.75710	6.79450
d21FS	13.75710	2.79450
Bf	37.8905	48.7527
Aperture Diameter	20.981	23.597
[lens data]
1	149.4295	3.0	1.80458	52.28	25.50
2	398.3922	0.2		52.28	
3	214.5071	2.1	1.67025	49.78	57.53
4	39.0567	7.7		43.10	
5	-720.3689	2.0	1.67025	42.12	57.53
6	42.9937	3.1		39.84	
7	42.4532	3.5	1.86074	39.72	23.01
8	65.3028	d8		39.72	
9	44.0854	1.4	1.86074	33.82	23.01
10	27.1290	9.0	1.48749	33.82	70.41
11	-70.4660	1.4	1.80458	33.94	25.50
12	-113.6333	0.1		34.48	
13	56.6710	5.8	1.48749	35.46	70.41
14	-77.8313	0.1		35.46	
15	34.8137	3.6	1.51835	33.82	60.23
16	71.4894	d16AS		33.82	
16AS	AS	2.0		20.981
17	-60.8388	2.4	1.86074	25.64	23.01
18	-32.4210	1.1	1.51860	25.64	69.98
19	680.4752	1.3		25.64	
20	-111.6932	1.4	1.51860	23.78	69.98
21	40.4027	d21FS		23.78
21FS	FS	4		24.00
22	-64.1884	5.0	1.58913	27.60	61.09
23	-29.0449	0.1		27.60	
24	56.9417	5.0	1.62041	30.14	60.14
25	-64.3742	2.3		30.14	
26	-32.8044	1.4	1.80458	28.80	25.50
27	-142.6489	Bf		31.12	
[figure]	
source	Data/US006320698_Figure07P.png
originX	8.34
originY	81.87
ppmm	1.962
[notes]
Bill: Construction diagram is at the telephoto end.
