[descriptive data]
title	US 7,471,462 Example 2 (Canon EF-S55-250mm f4-5.6 IS)
[constants]
[variable distances]
Focal Length	56.9	160.8	241.3
Angle of View	27.0	undefined	6.4
F-Number	4.16	undefined	5.88
Image Height	27.32	27.32	27.32
Total Length	undefined	undefined	undefined
Magnification	0	0	0
d0	Infinity	Infinity	Infinity
d5	7.19326	42.37555	47.94835
d10	31.47406	11.14260	1.26554
Bf(p)	undefined	undefined	undefined
Bf	52.45	67.88	82.57
[lens data]
1	80.99515	4.75045	1.51633	45.36	64.14
2	-808.56000	0.15000		45.36	
3	77.54341	2.60000	1.80100	42.52	34.97
4	41.96489	5.67680	1.49700	39.34	81.54
5	338.85650	d5		42.40	
6	-209.12800	1.40000	1.71300	20.78	53.87
7	19.23569	3.20257	1.84666	20.78	23.93
8	44.55107	2.32179		20.07
9	-43.54510	1.10000	1.80400	20.07	46.57
10	278.50680	d10		20.24	
11	52.26289	2.99623	1.63854	22.68	55.38
12	-95.08520	0.15000		22.68	
13	47.03856	2.89978	1.60311	22.68	60.64
14	-231.03700	1.56909		22.68	
15	AS	0.49801		19.975
16	30.24350	2.78922	1.48749	20.32	70.23
17	226.30140	0.60067		20.32	
18	-125.29100	3.02154	1.84666	18.94	23.78
19	49.05197	11.42731		18.94	
20	65.37414	2.01377	1.83400	14.84	37.16
21	23.64292	8.70092		14.84	
22	47.73130	2.36466	1.68893	17.98	31.07
23	-173.90700	Bf		17.98	
[figure]
source	Data/US007471462_Figure05P.png
originX	13.52
originY	95.51
ppmm	2.386
[notes]
