[descriptive data]
title	US 7,583,450 Example 4 (Olympus Zuiko Digital ED 12-60mm F2.8-4.0 SWD)
[constants]
[variable distances]
Focal Length	12.33	26.62	58.81	undefined	undefined	undefined
Angle of View	undefined	undefined	undefined	undefined	undefined	undefined
F-Number	2.88	3.50	4.08	undefined	undefined	undefined
Image Height	22.30	22.30	22.30	22.30	22.30	22.30
Total Length	undefined	undefined	undefined	undefined	undefined	undefined
Magnification	0	0	0	-0.08809	-0.16100	-0.26704
S	Infinity	Infinity	Infinity	250	250	250
d0	Infinity	Infinity	Infinity	111.99	97.16	67.44
d5	0.84223	20.86435	43.41045	0.59917	19.79172	40.54294
d11	3.18840	3.18840	3.18840	0.77704	0.77704	0.77704
d13	24.08524	9.77242	2.15164	26.74520	13.25433	7.42963
d19	8.09555	3.06658	0.80000	8.09555	3.06658	0.80000
d26	29.58052	43.73719	60.80026	29.58052	43.73719	60.80026
Bf	0	0	0	0	0	0
Aperture Diameter	13.978	14.554	15.856	13.978	14.554	15.856
[lens data]
1	144.2266	2.5500	1.84666	60.12	23.78
2	80.6172	6.2616	1.56384	54.58	60.67
3	Infinity	0.1000		54.58	
4	52.3050	5.2077	1.60311	50.30	60.64
5	116.6412	d5		50.30	
6	113.5593	0.0880	1.51940	32.85	51.94
7	56.8420	1.5000	1.88300	32.85	40.76
8	12.0420	8.7845		20.44	
9	-23.6760	1.2000	1.49700	23.32	81.54
10	18.7895	6.6093	1.64769	21.50	33.79
11	-29.8761	d11		21.50	
12	-23.7859	1.3635	1.69300	20.44	53.14
13	-60.9085	d13		20.44	
14	AS	1.7000		13.978
15	50.0908	2.2951	1.58913	19.38	61.14
16	-140.7841	0.1500		19.38	
17	22.8280	4.6397	1.54814	20.02	45.79
18	-44.0128	1.0008	1.80400	20.02	46.57
19	27.3163	d19		21.94	
20	24.8862	6.5073	1.49650	23.42	81.53
21	-50.5293	0.1500		23.42	
22	135.3961	3.7881	1.43875	23.42	94.93
23	-44.8085	0.1500		23.42	
24	-180.8473	1.2340	1.88300	23.64	40.76
25	19.4304	11.2743	1.49700	23.64	81.54
26	-27.2992	d26		24.50	
27	CG	4.6000	1.51633	29.18	64.14
28	CG	1.0586		29.18	
[aspherical data]
6	113.5593	34.8871	3.0812E-05	-9.6291E-08	1.8012E-10	-2.2992E-13	-1.4937E-16
12	-23.7859	0.0251	-3.4769E-05	6.1141E-07	-3.8025E-09	1.0400E-11	
13	-60.9085	-18.7766	-4.3652E-05	5.5882E-07	-3.6933E-09	9.8343E-12	
20	24.8862	0	-1.2143E-05	-7.3098E-09	2.7747E-10	-3.6706E-12	
21	-50.5293	0	2.0138E-05	-3.6119E-08	3.7265E-10	-3.9715E-12	
[!figure]
source	Data/US007583450_Figure04a.png
originX	43.95
originY	511.26
ppmm	11.211
[figure]
source	Data/US007583450_Figure04P.png
originX	13.41
originY	92.49
ppmm	2.190
[notes]
