[descriptive data]
title	US 7,158,320 Example 3 (Canon EF100-300mm f4.5-5.6 USM)
[constants]
[variable distances]
Focal Length	103.35	173.68	291.85
Angle of View	23.60	14.20	8.48
F-Number	4.65	5.21	5.80
Image Height	43.2	43.2	43.2
Total Length	undefined	undefined	undefined
Magnification	0	0	0
d0	Infinity	Infinity	Infinity
d6	3.18	29.07	51.68
d10	25.90	10.05	2.66
d15	3.28	19.13	26.53
d20	26.73	17.28	1.73
Bf(p)	undefined	undefined	undefined
Bf	44.51	53.97	69.50
[lens data]
1	137.517	2.70	1.80518	51.14	25.4
2	110.315	0.10	1.72104	51.24	12.55
3	94.141	7.40	1.51633	51.24	64.2
4	-241.704	0.20		51.24	
5	63.269	4.40	1.48749	49.18	70.2
6	125.749	d6		49.18	
7	-70.692	1.40	1.83481	26.02	42.7
8	37.864	3.60		26.02	
9	46.573	3.50	1.84666	27.22	23.9
10	5731.432	d10		27.22	
11	AS	5.03		25.269
12	-244.087	1.60	1.84666	27.88	23.9
13	114.052	2.60		27.88	
14	108.677	4.80	1.60311	29.08	60.7
15	-44.123	d15		29.08	
16	76.581	5.50	1.48749	28.16	70.2
17	-41.037	1.80	1.83400	28.16	37.2
18	-183.385	0.20		28.16	
19	70.476	3.40	1.60729	27.64	49.2
20	-215.479	d20		27.64	
21	-246.027	1.10	1.83481	19.34	42.7
22	41.908	1.00		19.13
23	423.592	1.20	1.83481	19.13	42.7
24	23.142	3.20	1.78472	20.56	25.7
25	204.169	Bf		20.56	
[figure]
source	Data/US007158320_Figure05WP.png
originX	29.54
originY	120.50
ppmm	2.583
[notes]
