[descriptive data]
title	US 7,898,744 Example 2 (Nikon AF-S Micro-Nikkor 60mm f/2.8G ED)
[constants]
[variable distances]
Focal Length	58	undefined	undefined
Angle of View	undefined	undefined	undefined
F-Number	2.88	undefined	undefined
NA	undefined	0.14	0.10
Image Height	43.2	43.2	43.2
Total Length	undefined	undefined	undefined
Magnification	0	-0.5	-1
d0	Infinity	105	53
d6	2.62569	6.63506	13.83349
d11	12.29619	8.28682	1.08839
d12	23.27238	12.33659	1.87196
d17	4.49094	15.4281	25.89136
Bf	37.45	37.45	37.45
Aperture Diameter	22.918	21.181	18.271
[lens data]
1	68.8358	1.3514	1.804400	28.30	39.57
2	25.1596	3.1598		26.24	
3	50.5680	3.0890	1.638540	26.24	55.48
4	726.7885	0.0997		26.24	
5	61.6542	2.8959	1.834807	25.84	42.71
6	-213.3350	d6		25.84	
7	114.0007	1.2549	1.516120	22.96	64.03
8	21.4584	5.2000		21.12	
9	-25.9781	1.8341	1.620040	21.12	36.30
10	45.0791	6.2262	1.883000	25.22	40.77
11	-31.6859	d11		25.22	
12	AS	d12		22.918
13	279.3330	3.0890	1.497820	24.92	82.56
14	-45.8650	0.0483		24.92	
15	55.7141	4.5852	1.603000	24.72	65.47
16	-42.3441	1.1584	1.846660	24.72	23.78
17	-171.5862	d17		24.72	
18	202.8956	1.1584	1.805180	23.90	25.43
19	30.8234	1.6410		21.84	
20	90.5377	1.2549	1.801000	24.92	34.96
21	18.9814	5.9849	1.846660	25.32	23.78
22	242.9593	Bf		25.32	
[aspherical data]
2	25.1596	-6.3148	5.5804e-5	-1.4307e-7	5.0263e-10	-7.7598e-13
8	21.4584	1.1218	-2.6928e-5	-9.4708e-8	9.7003e-11	-2.5636e-12
[figure]
source	Data/US007898744_Figure03P.png
ppmm	7.965
originX	49
originY	287
[notes]
