[descriptive data]
title	US 4,189,213 Example 3 (Nikon AI Zoom-Nikkor 50-300mm f/4.5 ED)
[constants]
[variable distances]
Focal Length	50.000	122.458	295.200
Angle of View	48.6	19.4	8.06
F-Number	4.5	4.5	4.5
Total Length	281.535	281.535	281.535
Image Height	43.2	43.2	43.2
Magnification	0	0	0
d0	Infinity	Infinity	Infinity
d5	1.879	41.998	66.699
d11	102.313	47.342	0.629
d18	1.249	16.099	38.111
Bf	39.732	39.732	39.732
[lens data]
1	308.300	2.000	1.74950	85.09	35.0
2	112.000	12.500	1.50032	85.09	81.9
3	-401.400	0.200		85.09
4	107.800	8.500	1.52000	77.75	70.1
5	2970.199	d5		77.75
6	3512.500	2.000	1.71300	49.06	53.9
7	48.500	9.600		42.75
8	-62.150	3.500	1.66998	42.26	39.2
9	-48.310	2.000	1.56384	42.26	60.8
10	63.040	5.100	1.80518	42.08	25.5
11	447.757	d11		42.08
12	139.600	5.200	1.52000	40.40	70.1
13	-109.444	0.200		40.40
14	109.000	4.500	1.52000	40.40	70.1
15	-208.886	0.200		40.40
16	158.100	6.300	1.52000	39.65	70.1
17	-70.590	2.000	1.80518	39.65	25.5
18	-393.102	d18		37.64
18.5	AS	2.000		25.468
19	-116.300	2.000	1.71300	25.18	53.9
20	99.709	0.963		25.18
21	33.760	5.200	1.56732	25.30	42.8
22	82.393	54.700		24.29
23	-20.400	2.300	1.76684	27.65	46.6
24	-33.267	0.200		27.93
25	75.250	5.200	1.51823	30.67	59.0
26	-124.176	Bf		30.67
[figure]
source	Data/US004189213_Figure03.png
originX	142.40
originY	405.31
ppmm	7.870
[figure]
source	Data/US004189213_Figure03P.png
originX	54.32
originY	280.49
ppmm	4.308
[notes]
Bill: Patent Figure is intermediate Focal Length.
