[descriptive data]
title	US 3,856,386 Example 1 (Yashica Auto Yashinon-DS 20mm F3.3)
[constants]
Scaled	20	100
[variable distances]
Focal Length	19.96
Angle of View	94.5
F-Number	3.3
Image Height	43.2
Magnification	0
d0	Infinity
Bf(p)	37.04
Bf	37.05
[lens data]
1	34.928	2.728	1.72000	45.00	50.3
2	20.756	5.340		34.44
3	36.546	1.910	1.71700	34.79	47.9
4	21.296	4.380		30.46
5	42.402	7.622	1.69680	29.80	55.6
6	-169.140	0.194		29.80
7	24.020	1.052	1.72000	20.29	50.3
8	11.466	4.484		16.97
9	-106.360	1.120	1.70154	16.83	41.1
10	12.032	9.240	1.67270	16.83	32.2
11	-100.740	0.098		16.83
12	27.754	8.186	1.60717	12.49	40.2
13	-20.524	1.180		12.49
13AS	AS	2.63		10.130
14	-12.846	1.452	1.74000	10.30	28.2
15	16.292	2.476	1.58144	11.28	40.8
16	-111.440	0.946		11.28
17	-25.644	2.572	1.69100	12.77	54.8
18	-12.886	0.098		12.77
19	-698.200	2.856	1.64000	15.95	60.2
20	-24.620	Bf		15.95
[figure]
source	Data/US003856386_Figure01P.png
originX	12.39
originY	155.93
ppmm	6.373
[notes]
