[descriptive data]
title	US 6,327,098 Example 5 (Ricoh smc Pentax-FA 20-35mm F4AL)
[constants]
[variable distances]
Focal Length	20.6	34.0
Angle of View	95.6	65.2
F-Number	4.0	4.0
Image Height	43.2	43.2
Total Length	undefined	undefined
Magnification	0	0
d0	Infinity	Infinity
d7	14.651	1.200
d10	8.485	1.400
Bf	36.91	53.15
Aperture Diameter	13.523	17.500
[lens data]
1	54.900	1.500	1.77250	36.76	49.6
2	17.929	7.300		28.44	
3	71.700	1.500	1.80400	27.66	46.6
4	24.600	0.280	1.53256	26.10	45.9
5	19.581	8.930		25.66	
6	37.350	3.050	1.84666	24.60	23.8
7	84.318	d7		24.60	
8	56.405	5.000	1.51742	17.62	52.4
9	-23.707	1.500	1.80400	17.62	46.6
10	-59.155	d10		17.62	
10.5	AS	1.700		13.523
11	Infinity	2.730	1.61772	17.97	49.8
12	-33.209	0.100		17.97
13	24.406	5.400	1.48749	17.40	70.2
14	-24.406	1.500	1.80610	17.40	40.9
15	135.000	8.380		17.40
16	46.238	2.080	1.84666	14.18	23.8
17	21.500	1.730		14.18
18	-139.000	3.000	1.58913	15.16	61.2
19	-22.003	Bf		15.16	
[aspherical data]
5	19.581	-1	-9.670E-06	-1.870E-08	-8.470E-11
19	-22.003	0	2.530E-06	-6.230E-09	-2.970E-10
[figure]
source	Data/US006327098_Figure17P.png
originX	149.49
originY	160.72
ppmm	3.518
[notes]
