[descriptive data]
title	US 4,163,603 Example 3 (Nikon AI Nikkor 24mm f/2)
[constants]
Scaled	24	100
[variable distances]
Focal Length	24
Angle ofView	84
F-Number	2
Image Height	43.2
Total Length	undefined
Magnification	0
d0	Infinity
Bf(p)	undefined
Bf	37.55
[lens data]
1	91.102	4.114	1.65844	40.22	50.8
2	485.4250	0.197		40.22
3	48.8071	4.310	1.71300	32.34	53.9
4	14.4391	3.281		21.46	
5	29.5346	1.274	1.69680	24.30	55.6
6	14.9486	3.624		19.72
7	59.4612	6.466	1.65844	19.47	50.8
8	-615.4776	0.098		16.74
9	37.8415	1.078	1.69680	17.72	55.6
10	22.5307	2.155		17.40
11	30.1478	7.543	1.74950	20.32	35.0
12	-224.3266	0.617		20.32
12AS	AS	1.98		20.440
13	-443.1967	3.919	1.56384	20.95	60.8
14	-22.2367	4.603		22.07
15	-27.7224	2.352	1.74443	20.18	49.4
16	-24.4898	0.785	1.80518	20.18	25.5
17	54.1382	1.370		20.18	
18	-167.2495	3.331	1.74443	22.29	49.4
19	-22.1633	0.098		22.29
20	146.9388	3.624	1.69680	24.63	55.6
21	-46.3346	Bf		24.63
[figure]
source	Data/US004163603_Figure01P.png
originX	92.92
originY	423.37
ppmm	12.046
[notes]
