[descriptive data]
title	US 4,690,517 Example 1 (Nikon AF Nikkor 20mm f/2.8D)
[constants]
Scaled	20	100
[variable distances]
Focal Length	20
Angle of View	94
F-Number	2.8
Image Height	43.2
Total Length	undefined
Magnification	0
d0	Infinity
Bf	37.260
[lens data]
1	38.8882	5.4962	1.62041	42.942	60.40
2	99.2998	0.0982		42.942	
3	27.0950	1.3740	1.78470	30.142	26.10
4	10.8308	3.9258		19.628	
5	19.0500	1.1778	1.71300	20.134	54.00
6	10.1384	3.7296		16.628	
7	75.0028	3.1406	1.75520	16.628	27.60
8	-29.5026	1.2758	1.77279	16.628	49.40
9	11.7380	4.9072	1.62588	12.958	35.60
10	Infinity	0.0982		12.958	
11	32.3340	3.2388	1.67270	13.572	32.20
12	-92.4826	1.5704		13.572	
13	-88.3576	3.1406	1.58267	14.390	46.50
14	-16.0230	0.4400		14.390	
14AS	AS	2.7988		12.9408	
15	-22.4724	4.4166	1.77279	14.390	49.40
16	-13.8886	1.0796	1.78470	14.390	26.10
17	52.8446	0.8068		14.390	
18	-77.9560	2.1592	1.62041	14.836	60.40
19	-17.0430	0.0982		14.836	
20	94.4348	2.7480	1.62041	18.046	60.40
21	-30.6606	Bf		18.046	
[figure]
source	Data/US004690517_Figure01P.png
originX	24
originY	237
ppmm	7.016
[notes]
