[descriptive data]
title	US 8,810,918 Example 4 (Tamron SP 24-70mm F/2.8 Di VC USD)
[constants]
[variable distances]
Focal Length	24.7000	42.5000	67.7990
Angle of View	85.00	53.35	34.23
F-Number	2.9	2.9	2.9
Image Height	43.28	43.28	43.28
Total Length	undefined	undefined	undefined
Magnification	0	0	0
d0	Infinity	Infinity	Infinity
d5	3.2354	18.8990	34.5562
d13	17.0881	6.6767	1.0000
d19	2.0000	1.6500	1.3596
d22	8.1524	3.0901	1.2000
Bf	40.3258	53.2243	63.2093
Aperture Diameter	18.610	21.831	24.686
[lens data]
1	935.8082	1.5000	1.92286	71.95	20.88
2	141.0527	6.1958	1.80420	68.72	46.50
3	-1146.6586	0.2000		68.72
4	59.8022	6.4783	1.80420	62.43	46.50
5	138.1563	d5		61.64
6	314.9264	0.3000	1.51460	39.08	49.96
7	105.8749	1.2000	1.83400	39.08	37.34
8	17.3128	8.6870		26.38
9	-34.9525	1.0000	1.71300	26.38	53.94
10	23.1270	6.6500	1.90366	25.37	31.31
11	-55.8238	4.2654		25.37
12	-21.9452	0.8000	1.49700	22.83	81.61
13	-44.4267	d13		24.47
14	AS	1.0000		18.610
15	45.6293	6.7500	1.61881	28.29	63.85
16	-83.5479	0.1500		28.29
17	95.4151	7.5000	1.49700	29.58	81.61
18	-23.9796	0.8000	1.90366	28.29	31.31
19	-37.4030	d19		28.29
20	-47.5340	1.3000	1.69350	26.82	53.20
21	36.6179	3.0000	1.75520	28.34	27.53
22	111.2047	d22		28.34
23	25.8440	8.0000	1.49700	29.17	81.61
24	-52.5335	0.2000		29.17
25	-103.1176	2.0000	1.90366	29.43	31.31
26	54.7004	6.0104	1.71300	28.21	53.94
27	-54.7004	0.2000		28.21
28	-84.7582	1.5000	1.82080	30.88	42.71
29	487.5778	2.4845		29.25
30	-102.2081	2.3423	1.74330	29.25	49.22
31	-60.0000	Bf		31.08
[aspherical data]
6	314.9264	0	1.43821E-05	-2.52546E-08	7.46124E-11	-1.61976E-13
15	45.6293	-0.9117	1.63947E-06	2.74286E-08	-1.09388E-10	6.10564E-13
16	-83.5479	0	5.27374E-06	4.71512E-09	1.56698E-10	-1.827035E-13
20	-47.5340	0	4.43544E-06	-5.49207E-10	1.55881E-11	-1.14261E-13
28	-84.7582	0	5.26332E-06	-5.66812E-09	-6.55846E-12	-1.35552E-13
29	487.5778	0	2.25411E-05	1.29573E-08	3.31551E-11	-6.66568E-14
[figure]	
source	Data/US008810918_Figure22P.svg
originX	169.16
originY	385.24
ppmm	8.290
[notes]
Bill: Asphericals need work. Adjusted a16 A10 -8.27035E-13 -> -1.827035E-13
