[descriptive data]
title	US 8,508,864 Example 2 (Leica Summilux C 40mm T1.4)
[constants]
[variable distances]
Focal Length	40	undefined	undefined
Angle of View	undefined	undefined	undefined
F-Number	undefined	undefined	undefined
Image Height(s)	33	33	33
Image Height	31.15	31.15	31.15
Magnification	0	-0.07440	-0.15054
d0	Infinity	470	206
d19	6.990	3.865	0.800
Bf	44.800	47.925	50.990
[lens data]
1	Infinity	3.000	1.5163	56.50	64.15	516641	SBSL7
2	Infinity	2.000		55.12			
3	45.130	9.323	1.4970	48.52	81.61	497816	SFPL51
4	-4334.716	0.100		46.56			
5	87.202	2.792	1.4875	42.24	70.21	487702	SFSL5
6	20.175	11.027		32.84			
7	-61.449	1.800	1.4387	32.18	94.96	439950	SFPL53
8	25.245	14.145	1.8044	31.16	39.58	804396	SLAH63
9	47.103	7.958		27.34			
10	-19.395	1.800	1.8010	27.28	34.97	801350	SLAM66
11	-2732.494	10.933	1.4970	34.80	81.61	497816	SFPL51
12	-24.846	0.100		37.78			
13	103.628	7.549	1.7620	48.62	40.10	762401	SLAM55
14	-121.611	0.100		49.14			
15	54.374	8.744	1.8010	50.22	34.97	801350	SLAM66
16	-807.872	8.620		49.38			
17	-119.748	1.987	1.7495	43.86	35.55	750353	SNBH51
18	32.452	12.620	1.4387	41.08	94.96	439950	SFPL53
19	-64.007	d19		41.18			
20	AS	0.900		39.96			
21	52.938	3.794	1.4387	39.12	94.96	439950	SFPL53
22	95.994	4.461		38.40			
23	-81.846	8.191	1.4387	38.30	94.96	439950	SFPL53
24	-26.512	3.578	1.8052	38.10	25.43	805254	STIH6
25	-556.349	0.099		42.14			
26	156.116	7.902	1.8081	43.16	22.76	808228	SNPH1
27	-60.525	0.100		43.86			
28	-214.156	7.837	1.4970	43.64	81.61	497816	SFPL51
29	-39.670	Bf		43.70			
[aspherical data]
6	20.175	-0.5829	8.1370E-06	-1.4740E-08	2.6360E-10	-1.4790E-12	4.6870E-15	-6.1510E-18
25	-556.349	0	4.3480E-06	4.0690E-10	-1.9180E-12	1.1640E-15	-1.3450E-18	1.2210E-21
[figure]
source	Data/US008508864_Figure12P.png
originX	26.38
originY	303.55
ppmm	5.944
[notes]
Bill: Patent diameters. Magnification measured.
