[descriptive data]
title	US 8,767,310 Example 2 (Olympus M.Zuiko ED 40-150mm F4.0-5.6 R)
[constants]
[variable distances]
Focal Length	40.800	77.523	147.004
Angle of View	30.79	15.83	8.33
F-Number	4.08	4.56	5.91
Image Height	21.64	21.64	21.64
Total Length	undefined	undefined	undefined
Magnification	0	0	0
d0	Infinity	Infinity	Infinity
d3	1.200	33.640	54.683
d8	15.853	6.439	2.100
d20	9.224	9.389	2.516
d24	19.513	25.195	45.993
Bf	22.951	28.633	49.431
Aperture Diameter(m)	13.565	13.571	13.565
[lens data]
1	88.502	5.100	1.51633	34.60	64.14
2	-69.916	2.100	1.80518	34.14	25.42
3	-130.441	d3		34.14	
4	89.512	1.500	1.72916	19.60	54.68
5	15.466	2.650	1.80810	16.42	22.76
6	30.504	2.010		15.26	
7	-30.352	1.020	1.77250	15.26	49.60
8	-327.681	d8		18.42	
9	AS	1.000		13.565
10	34.760	2.468	1.49700	18.42	81.54
11	-83.968	0.200		18.42	
12	23.409	3.514	1.48749	16.38	70.23
13	-38.261	1.150	1.90366	16.38	31.32
14	197.372	12.654		17.88	
15	-94.069	0.980	1.72342	17.42	37.95
16	24.369	1.644		17.42	
17	61.320	2.598	1.60311	17.74	60.64
18	-39.599	0.200		17.74	
19	26.200	2.689	1.77250	18.42	49.60
20	-284.030	d20		18.42	
21	-40.239	1.680	1.67270	17.22	32.10
22	-24.829	5.000		15.58	
23	-22.056	1.000	1.74100	17.26	52.64
24	153.489	d24		17.26	
25	CG	4.000	1.51633	26.74	64.14
26	CG	0.800		26.74	
[figure]
source	Data/US008767310_Figure03AP.png
originX	11.54
originY	128.82
ppmm	3.836
[notes]
