[descriptive data]
title	US 7,508,592 Example 2 (Nikon AF-S Nikkor 24-70mm f/2.8G ED)
[constants]
[variable distances]
Focal Length	24.78	51.92	67.7
Angle of View	82.2	undefined	35.4
F-Number	2.91	2.91	2.91
Image Height	43.2	43.2	43.2
Total Length	undefined	undefined	undefined
Magnification	0	0	0
d0	Infinity	Infinity	Infinity
d6	47.46	9.09	1.87
d12	7.35	7.35	7.35
d14	1.35	19.1	26.58
d20	16.24	6.48	1.6
d25	1.4	14.23	23.79
Bf(p)	undefined	undefined	undefined
Bf	41.88	41.88	41.88
Aperture Diameter	19.566	22.610	25.624
[lens data]
1	125.62	3.20	1.744429	64.64	49.5
2	26.88	14.95		49.22	
3	-140.00	2.20	1.618000	49.22	63.3
4	164.53	0.20		50.92	
5	53.97	4.00	1.846660	50.72	23.8
6	75.60	d6		50.72	
7	59.74	0.10	1.553890	38.98	38.1
8	62.41	5.00	1.772499	38.98	49.6
9	-762.32	6.00		38.98	
10	113.72	1.50	1.761821	40.30	26.5
11	30.03	8.30	1.497820	39.66	82.6
12	-315.20	d12		39.66	
13	60.55	4.84	1.882997	42.40	40.8
14	-474.60	d14		42.40	
15	AS	1.65		19.566
16	-1292.82	3.05	1.846660	27.64	23.8
17	-36.86	1.15	1.729157	27.64	54.7
18	54.86	3.30		23.30	
19	-39.10	1.15	1.729157	23.30	54.7
20	-139.40	d20		26.60	
21	285.08	1.20	1.805181	30.18	25.4
22	46.73	7.11	1.497820	30.18	82.6
23	-32.76	0.20		30.18	
24	508.57	2.80	1.516330	33.80	64.1
25	-127.81	d25		33.80	
26	39.24	5.05	1.497820	35.76	82.6
27	599.11	1.40	1.805181	35.76	25.4
28	74.82	Bf		35.76	
[aspherical data]
2	26.88	-1.1438	3.8749e-6	-2.261e-10	6.0954e-12	-8.9785e-15	6.529e-18
7	59.74	-1.4588	-2.4347e-7	-1.2907e-10	1.7953e-12	-1.973e-15
25	-127.81	12.3795	3.3574e-6	3.1407e-9	-8.1398e-12	1.4058e-14
[figure]
source	Data/US007508592_Figure02P.png
originX	22
originY	222.5
ppmm	5.155
[notes]
Bill: Lens construction is for intermediate focus. Bf wanders.
