[descriptive data]
title	US 4,398,808 Example 2 (Canon New FD50-300mm f4.5L)
[constants]
[variable distances]
Focal Length	51.3	122.4	292.8
Angle of View	45.8	20.0	8.4
F-Number	4.5	4.5	4.5
Total Length	287.89	287.89	287.89
Image Height	43.2	43.2	43.2
Magnification	0	0	0
d0	Infinity	Infinity	Infinity
d5	2.44	44.94	87.44
d12	96.38	43.40	1.14
d19	6.90	17.37	17.13
d19AS	2.70	13.17	12.93
Bf	100.04	100.04	100.04
[lens data]
1	496.402	4.00	1.83400	79.04	37.2
2	114.938	13.23	1.49700	73.80	81.6
3	-302.726	0.20		73.80
4	108.573	8.76	1.56873	71.29	63.1
5	-7840.922	d5		71.29
6	1304.506	2.20	1.77250	42.94	49.6
7	59.272	4.42		40.45
8	-260.092	2.00	1.71300	40.45	53.9
9	47.500	5.50	1.80518	38.94	25.4
10	800.305	2.91		38.94
11	-65.811	2.00	1.69680	38.94	55.5
12	-155.709	d12		38.94
13	115.000	3.53	1.56873	32.01	63.1
14	-125.000	0.15		32.01
15	87.070	1.70	1.80518	31.85	25.4
16	40.377	5.34	1.48749	31.85	70.1
17	-839.975	0.15		31.85
18	75.463	3.33	1.56873	31.68	63.1
19	-417.685	d19AS		31.68
19.5	AS	4.20		24.840
20	-49.421	1.50	1.60311	24.32	60.7
21	153.254	0.20		24.32
22	21.647	2.80	1.75520	24.31	27.5
23	38.616	1.22		24.31
24	92.102	1.40	1.69680	23.43	55.5
25	22.530	9.05		22.47
26	-539.261	1.50	1.67270	23.02	32.1
27	38.242	5.02	1.58913	23.02	61.1
28	-34.376	Bf		23.69
[figure]
source	Data/US004398808_Figure01P.png
originX	19.60
originY	89.07
ppmm	1.427
[notes]
