[descriptive data]
title	US 3,796,481 Example 4 (Olympus 75-150mm f4 Zuiko Auto-Zoom)
[variable distances]
Focal Length	76.5	153
Angle of View	31.50	16.07
F-Number	4	4
Image Height	43.20	43.20
Magnification	0	0
d0	Infinity	Infinity
d5	2.086	26.433
d12	25.371	1.024
d15	6.707	6.707
d15AS	4.15	4.15
Bf(p)	undefined	undefined
Bf	44.39	44.39
[lens data]
1	78.828	4.09	1.51633	45.38	64.15
2	441.679	0.19		45.38	
3	74.639	1.90	1.74077	41.95	27.79
4	44.110	5.80	1.51821	40.74	65.04
5	1742.450	d5		40.74	
6	-175.362	1.70	1.61800	30.18	63.38
7	133.175	2.96	1.78470	30.18	26.22
8	-80.740	0.38		30.18
9	-214.635	1.43	1.57250	26.07	57.65
10	39.980	5.26		25.58	
11	-35.068	1.43	1.61800	25.58	63.38
12	626.880	d12		25.58	
13	84.070	1.13	1.74077	24.55	27.79
14	36.191	3.95	1.62230	24.55	53.20
15	-105.440	d15AS		24.55
15AS	AS	2.557		23.972
16	25.913	3.30	1.50378	24.55	66.81
17	108.255	0.15		24.55
18	46.923	2.50	1.50048	24.18	65.99
19	98.549	0.20		24.18
20	24.830	5.74	1.50378	22.21	66.81
21	-115.109	2.00	1.74400	20.85	44.78
22	16.950	26.00		18.34	
23	51.876	7.00	1.60717	28.98	40.34
24	-28.103	1.44		28.98	
25	-26.962	1.43	1.66755	26.76	41.93
26	248.554	Bf		30.72	
[figure]
source	Data/US003796481_Figure02P.png
originX	54.34
originY	197.42
ppmm	5.715
[notes]
