[descriptive data]
title	US 5,717,527 Example 5 (Nikon AF Zoom-Micro-Nikkor 70-180mm f/4.5-5.6D ED)
[constants]
[variable distances]
Focal Length	72.09930	105.00004	174.60000	undefined	undefined	undefined
Angle of View	33.34	22.92	13.84	undefined	undefined	undefined
F-Number	4.47	4.99	5.80	undefined	undefined	undefined
NA	undefined	undefined	undefined	0.11	0.10	0.09
Image Height	43.20	43.20	43.20	43.20	43.20	43.20
Total Length	209.18420	209.18419	209.18418	244.00428	244.00428	244.00426
Magnification	0	0	0	-0.30994	-0.45137	-0.75057
S	Infinity	Infinity	Infinity	370.00000	370.00000	370.00000
d0	Infinity	Infinity	Infinity	125.99572	125.99572	125.99574
d10	2.62544	2.62544	2.62544	37.44552	37.44552	37.44552
d17	2.14865	9.07345	16.48300	2.14865	9.07345	16.48300
d22	40.42375	24.71704	2.65201	40.42375	24.71704	2.65201
Bf	52.28636	61.06827	75.72373	52.28636	61.06827	75.72373
Aperture Diameter	24.847	24.714	24.780	24.847	24.714	24.780
[lens data]
1	98.6601	2.5	1.78470	52.98	26.1
2	46.1863	3.7		48.75	
3	85.2724	8.2	1.80458	51.03	25.5
4	-109.4798	0.1		51.03	
5	301.6851	1.8	1.64000	44.86	60.0
6	47.0000	9.9		39.49	
7	-44.4511	1.8	1.80384	39.49	33.9
8	-148.8178	0.1		40.43	
9	82.7586	3.9	1.74000	40.44	28.2
10	185.5582	d10		40.44	
11	80.1395	4.5	1.77279	36.83	49.5
12	-230.8690	0.1		36.83	
13	131.2066	1.8	1.74000	36.34	28.2
14	34.7685	6.9	1.49782	36.34	82.5
15	-227.2220	0.1		36.34	
16	57.9478	3.5	1.64000	34.21	60.0
17	198.8407	d17		32.53	
18	-634.3708	1.6	1.77279	26.66	49.5
19	24.1129	4.2	1.78470	26.66	26.1
20	77.0897	2.1		26.22
21	-88.6913	1.6	1.69680	26.22	55.6
22	88.6913	d22		25.14	
23	AS	1.0		24.847
24	208.1505	3.4	1.64000	26.43	60.0
25	-75.7259	0.1		26.43	
26	28.8092	6.8	1.48749	25.96	70.4
27	-38.4094	1.4	1.80384	25.96	33.9
28	38.4094	4.8	1.48749	25.96	70.4
29	893.9460	13.4		25.96	
30	251.6073	4.3	1.74077	25.88	27.6
31	-44.6108	16.7		25.88	
32	-24.1183	1.4	1.79668	23.91	45.4
33	-90.5006	Bf		23.91	
[figure]
source	Data/US005717527_Example05_Tale18-Fig1.png
ppmm	4.693
originX	10.75
originY	189.5
[notes]
Bill: Figure 23 (pg 24). Table 6 (pg 68).
