[descriptive data]
title	US 4,690,513 Example 4 (Canon EF35-135mm f3.5-4.5)
[constants]
[variable distances]
Focal Length	36.3	67.9	131.6
Angle of View	62.0	35.4	18.6
F-Number	3.65	4.15	4.65
Image Height	43.2	43.2	43.2
Magnification	0	0	0
d0	Infinity	Infinity	Infinity
d5	0.69	11.44	21.73
d13	23.35	12.60	2.32
d13AS	22.00	11.25	0.97
d25	0.28	6.80	8.46
d26	3.97	9.20	19.47
Bf(p)	undefined	undefined	undefined
Bf	42.12	41.90	41.57
Aperture Diameter	20.078	21.287	22.435
[lens data]
1	271.05	2.00	1.80518	51.05	25.4
2	58.00	7.00	1.65160	46.17	58.6
3	-169.66	0.10		45.36
4	43.51	4.30	1.69680	39.70	55.5
5	135.45	d5		39.00
6	90.90	1.20	1.88300	26.38	40.8
7	18.99	5.50		22.18	
8	-34.57	1.00	1.88300	22.18	40.8
9	82.00	1.65		22.18	
10	47.23	4.36	1.84666	22.02	23.9
11	-36.75	0.87		22.02	
12	-25.35	1.00	1.77250	22.02	49.6
13	-90.17	d13AS		22.98
13AS	AS	1.35		20.078
14	37.74	3.00	1.48749	24.40	70.1
15	269.82	0.10		24.40
16	37.17	3.20	1.61700	26.01	62.8
17	223.56	0.10		26.01
18	27.96	2.90	1.48749	24.61	70.1
19	65.93	0.10		24.61
20	22.92	4.90	1.49700	22.05	81.6
21	-120.94	6.67	1.83400	21.34	37.2
22	13.73	2.54		16.56	
23	24.14	3.50	1.58267	17.56	46.4
24	-70.61	1.00	1.84666	17.56	23.9
25	-91.52	d25		17.56	
26	FS	d26		13.84	
27	-31.42	1.20	1.76200	21.74	40.1
28	-660.35	4.50	1.48749	25.14	70.1
29	-24.34	Bf		25.14
[aspherical data]
25	-91.52	0	3.475E-06	-2.651E-08	-2.380E-10
[figure]
source	Data/US004690513_Figure05P.png
originX	49.50
originY	218.54
ppmm	8.050
[notes]
