[descriptive data]
title	US 8,203,795 Example 5 (Samsung 60mm F2.8 Macro ED SSA OIS)
[constants]
[variable distances]
Focal Length	59.30	undefined	undefined
F-Number	2.86	undefined	undefined
Angle of View	27.0	undefined	undefined
Image Height	28.50	28.50	28.50
Total Length	undefined	undefined	undefined
Magnification	0	-0.5	-1.0
d0	Infinity	124.9239	79.4080
d5	2.0000	6.2983	11.3642
d10	10.9400	6.6417	1.5758
d15	22.0052	11.5409	3.5925
d20	11.7148	22.1791	30.1275
d22	19.3000	19.3000	19.3000
Bf	0	0	0
[lens data]
1	61.558	1.10	1.84666	27.54	23.8
2	24.298	6.00	1.61780	27.54	63.4
3	-177.589	0.10		27.54	
4	29.064	3.85	1.73968	22.72	49.0
5	965.867	d5		22.72	
6	Infinity	1.00	1.56883	19.70	56.0
7	18.094	3.22		17.98	
8	-70.118	1.00	1.51680	17.98	64.2
9	17.623	2.90	1.84666	19.20	23.8
10	31.254	d10		17.52	
11	45.769	1.39	1.84666	17.92	23.8
12	68.030	0.98		17.92	
13	134.285	1.78	1.49700	19.20	81.6
14	-134.285	1.50		19.20	
15	AS	d15		17.219
16	-244.231	1.00	1.84666	25.58	23.8
17	37.427	5.22	1.69680	25.58	55.5
18	-47.200	0.10		25.58	
19	54.936	3.60	1.77250	24.62	49.6
20	-295.683	d20		24.62	
21	-72.217	1.50	1.48749	23.68	70.4
22	72.217	d22		23.68	
23	CG	2.80	1.51680	28.36	64.2
24	CG	1.00		28.36	
[aspherical data]
4	29.064	0	-1.445200E-06	-2.544470E-09
[figure]
source	Data/US008203795_Figure12(1)P.png
originX	131.40
originY	575.06
ppmm	13.200
[notes] 
