[descriptive data]
title	US 4,231,636 Example 1 (Konica Minolta Zoom-Rokkor 40-80mm f2.8 MC)
[constants]
Scaled	40	1
[variable distances]
Focal Length	40	80
Angle of View	59.0	29.5
F-Number	2.8	2.8
Image Height	43.2	43.2
Magnification	0	0
d0	Infinity	Infinity
d6	1.228	22.180
d12	28.564	2.848
d12AS	27.504	1.788
Bf(p)	40.0	44.0
Bf	39.90	44.66
Aperture Diameter	21.486	22.658
[lens data]
1	236.176	1.940	1.8052	50.19	25.4
2	95.724	1.888		45.21
3	174.352	4.824	1.5168	47.67	64.0
4	-138.764	0.116		47.67
5	49.524	4.756	1.5168	41.35	64.0
6	206.136	d6		41.35
7	90.872	1.280	1.6783	32.79	49.1
8	26.436	7.712		28.76	
9	-38.264	1.208	1.5714	23.95	52.9
10	43.380	0.900		27.78
11	44.640	3.424	1.8052	26.13	25.4
12	-499.576	d12AS		26.13
12AS	AS	1.06		21.486
13	34.528	3.148	1.6935	22.79	51.7
14	-1070.172	0.120		22.79
15	28.152	3.504	1.6587	22.42	57.1
16	171.388	1.116		22.42
17	-148.208	7.740	1.6889	21.36	31.1
18	20.072	10.568		19.03
19	97.384	3.164	1.6583	25.94	53.4
20	-69.292	0.096		25.94
21	90.628	1.280	1.7569	29.38	29.7
22	30.980	1.248		27.80
23	32.456	6.788	1.6910	30.90	54.8
24	-1886.240	Bf		30.90
[figure]
source	Data/US004231636_Figure01P.png
originX	26.53
originY	62.91
ppmm	2.421
[notes]
