[descriptive data]
title	US 3,576,360 Example 1 (Nikon AI Nikkor 35mm f/1.4S)
[constants]
Scaled	35	100.00
[variable distances]
Focal Length	35
Angle of View	62
F-Number	1.4
Image Height	43.2
Total Length	undefined
Magnification	0
d0	Infinity
Bf	37.254
[lens data]
1	45.403	2.0416	1.56883	42.50	56
2	24.889	4.2777		35.72	
3	48.611	2.0416	1.54814	38.68	45.9
4	25.667	8.5554		32.88	
5	37.722	8.2639	1.80411	34.39	46.4
6	-40.833	15.5554	1.50137	34.39	56.5
7	151.211	1.3436		29.18	
7AS	AS	6.4341		26.889
8	-25.968	4.2777	1.80411	26.94	46.4
9	-18.472	0.9723	1.7847	27.71	26.1
10	180.270	1.6527		30.00	
11	-110.133	3.8889	1.7725	30.00	49.5
12	-30.625	0.0487		31.66	
13	-972.222	3.6946	1.7725	32.31	49.5
14	-52.938	0.0487		32.31	
15	102.084	3.3054	1.713	34.15	53.9
16	-106.434	Bf		34.15	
[figure]
source	Data/US003576360_Example01_Tale27-Fig1.png
ppmm	24.57352868
originX	19
originY	548
[notes]
Bill: Slight discrepancies with Tale 27 diagram.
8	-25.968	4.2777	1.80411	26.94	46.4
9	-18.472	0.9723	1.7847	27.71	26.1
10	180.270	1.6527		30.67	
11	-110.133	3.8889	1.7725	30.67	49.5
12	-30.625	0.0487		31.66	
