[descriptive data]
title	US 5,633,759 Example 2 (Konica Minolta AF 100-400mm F4.5-6.7 APO)
[constants]
[variable distances]
Focal Length	102.5	200.0	390.1
F-Number	4.6	6.3	6.6
Image Height	43.2	43.2	43.2
Total Length	149.37	149.35	149.33
Magnification	0	0	0
d0	Infinity	Infinity	Infinity
d5	3.863	42.578	80.664
d9	56.870	28.353	4.600
d9AS	54.570	26.053	2.300
d20	25.573	15.355	0.999
Bf(p)	undefined	undefined	undefined
Bf	37.75	65.12	102.75
Aperture Diameter	21.831	19.778	21.666
[lens data]
1	157.213	3.300	1.74950	62.82	35.04
2	88.700	9.090	1.49310	61.99	83.58
3	-302.925	0.200		61.99
4	87.864	4.989	1.49310	58.91	83.58
5	235.117	d5		58.91
6	-104.353	1.800	1.71300	30.11	53.93
7	71.982	5.202		30.11
8	104.848	3.092	1.75520	27.88	27.51
9	-486.232	d9AS		27.88
9AS	AS	2.300		21.831
10	-93.851	1.700	1.71300	22.29	53.93
11	60.019	1.982		22.29
12	63.072	2.988	1.61293	23.56	36.96
13	113.513	2.683		23.56
14	250.350	3.188	1.48749	25.96	70.44
15	-58.125	0.200		25.96	
16	69.535	1.700	1.84666	26.18	23.82
17	36.860	4.791	1.51680	26.18	64.20
18	-96.135	0.200		26.18	
19	44.043	3.692	1.48749	24.29	70.44
20	-150.605	d20		24.29
21	142.369	1.700	1.75450	23.34	51.57
22	32.415	4.278		23.34
23	-154.466	4.486	1.67339	22.90	29.25
24	-21.300	1.800	1.71300	22.90	53.93
25	283.830	Bf		23.95
[figure]	
source	Data/US005633759_Figure02P.png
originX	66.31
originY	124.23
ppmm	2.572
[notes]
