[descriptive data]
title	US 6,141,156 Example 4 (Nikon Zoom Nikkor 80-400mm f/4.5-5.6D ED VR)
[constants]
[variable distances]
Focal Length	81.976	200.000	390.000
Angle of View	30.67	12.12	6.15
F-Number	4.600	5.29	5.701
Image Height	43.28	43.28	43.28
Total Length	undefined	undefined	undefined
Magnification	0	0	0
d0	Infinity	Infinity	Infinity
d5	3.28216	42.32542	60.55287
d13	29.41049	16.32822	3.11555
d18(p)	4.99631	18.07858	31.29125
d18	2.99631	16.07858	29.29125
d20	36.32903	25.55992	29.88582
d25	27.49313	18.06029	3.54032
Bf	40.9778	61.17974	71.37383
Aperture Diameter	24.005	24.050	22.511
[lens data]
1	126.4683	3.700	1.80518	72.53	25.4
2	79.8195	11.000	1.49782	70.68	82.5
3	-919.6837	0.200		70.68
4	126.4244	7.100	1.48749	69.45	70.4
5	-801.5821	d5		69.45
6	-654.6276	3.800	1.80518	35.25	25.4
7	-57.1588	1.800	1.79631	34.76	40.9
8	191.6240	3.984		34.76
9	-89.7904	1.700	1.64000	32.59	60.0
10	33.2136	3.500	1.80384	32.15	33.9
11	78.6220	5.216		32.15
12	-118.7153	2.000	1.79668	32.60	45.4
13	2148.6437	d13		32.60
14	68.2852	4.200	1.48749	33.92	70.4
15	-176.2925	0.200		33.92
16	61.4056	5.200	1.49782	33.45	82.5
17	-90.2467	2.000	1.77279	32.98	49.5
18	-561.3466	d18		32.98
18AS	AS	2.0		24.005
19	-62.6838	2.500	1.48749	25.53	70.4
20	-144.0193	d20		25.53
21	147.6454	5.100	1.48749	26.93	70.4
22	-30.7496	1.500	1.80518	26.93	25.4
23	-53.5466	0.200		27.40
24	49.6104	2.900	1.48749	27.73	70.4
25	418.8685	d25		27.73
26	-66.6285	1.400	1.79668	26.40	45.4
27	25.4283	4.000	1.80518	26.40	25.4
28	99.8403	Bf		26.40
[figure]
source	Data/US006141156_Example04_Tale35-Fig1.png
ppmm	4.603
originX	6
originY	189.5
[notes]
