[descriptive data]
title	US 4,523,814 Example 5 (Ricoh smc Pentax-A 28-135mm F4)
[constants]
[variable distances]
Focal Length	28.820	50.020	103.075	132.448
Angle of View	76.8	46.0	23.0	17.8
F-Number	4.1	4.1	4.1	4.1
Image Height	43.2	43.2	43.2	43.2
Total Length	undefined	undefined	undefined	undefined
Magnification	0	0	0	0
d0	Infinity	Infinity	Infinity	Infinity
d6	1.187	13.367	35.417	44.753
d14	18.624	11.032	5.300	3.207
d14AS	17.924	10.332	4.600	2.507
d18	17.831	9.590	2.630	0.781
Bf(p)	undefined	undefined	undefined	undefined
Bf	37.75	52.15	63.69	59.99
Aperture Diameter	14.004	17.417	21.031	20.453
[lens data]
1	377.370	2.00	1.80518	66.64	25.4
2	69.147	1.20		61.86	
3	70.160	9.77	1.72916	62.28	54.7
4	-533.185	0.15		60.92	
5	69.120	5.39	1.88300	54.76	40.8
6	178.352	d6		53.00	
7	183.798	1.20	1.88300	30.32	40.8
8	18.372	5.70		25.54	
9	-116.421	1.30	1.83481	24.74	42.7
10	57.600	0.10		24.74	
11	27.915	1.00	1.80440	23.78	39.6
12	21.000	6.61	1.75520	23.78	27.5
13	-29.210	1.00	1.81554	23.78	44.4
14	76.700	d14AS		21.60	
14AS	AS	0.70		14.004
15	26.946	2.00	1.75520	24.04	27.5
16	22.606	2.00		23.22	
17	33.306	3.30	1.77250	25.00	49.6
18	173.952	d18		25.00	
19	31.800	4.50	1.61800	25.92	63.4
20	-289.338	2.36		24.07
21	-32.000	1.20	1.80518	24.07	25.4
22	-195.000	0.20		25.70	
23	34.040	7.12	1.67000	26.04	57.4
24	-30.134	2.00	1.56873	26.04	63.1
25	-96.900	0.30		26.04	
26	165.100	1.30	1.88300	24.72	40.8
27	25.064	2.30		24.06	
28	37.980	5.08	1.48749	25.82	70.1
29	-51.300	0.20		25.82	
30	193.485	5.06	1.66680	25.82	33.0
31	-36.395	4.32		25.82	
32	-19.080	1.30	1.88300	24.94	40.8
33	-56.405	Bf		26.68	
[figure]
source	Data/US004523814_Figure21P.png
originX	7.56
originY	66.98
ppmm	1.840
[notes]
