[descriptive data]
title	US 7,864,451 Example 1 (Canon EF100mm f2.8L Macro IS USM)
[constants]
[variable distances]
Focal Length	100	undefined	undefined
Angle of View	24.42	undefined	undefined
F-Number	2.92	undefined	undefined
Image Height	43.28	43.28	43.28
Total Length	162.90	162.90	162.90
Magnification	0	-0.5	-1.0
d0	Infinity	216	134
d8	1.31	9.90	20.32
d13	21.73	13.14	2.71
d17	18.54	9.21	1.91
d22	3.00	12.33	19.63
d25	6.97	6.97	6.97
Bf	48.35	48.35	48.35
[lens data]
1	131.951	5.70	1.72916	46.20	54.7
2	-125.378	0.15		45.57	
3	44.495	5.20	1.72916	38.19	54.7
4	319.495	1.58		36.69	
5	-182.557	1.80	1.80100	36.36	35.0
6	40.762	0.78		31.75	
7	38.343	5.78	1.49700	31.13	81.5
8	-140.691	d8		29.82	
9	-248.519	1.40	1.72047	27.19	34.7
10	27.422	4.30		24.65	
11	-74.738	1.31	1.53172	24.71	48.8
12	29.897	4.40	1.84666	25.89	23.9
13	1984.002	d13		25.92
14	FS	2.14		26.83	
15	AS	3.53		26.92	
16	-64.028	2.12	1.80100	27.00	35.0
17	-49.358	d17		27.35	
18	124.805	3.85	1.61800	28.21	63.4
19	-69.793	0.48		28.55	
20	62.290	5.28	1.72916	28.88	54.7
21	-58.324	1.93	1.84666	28.62	23.9
22	177.251	d22		28.17	
23	-252.715	2.89	1.84666	28.05	23.9
24	-68.669	1.44	1.71999	28.09	50.2
25	41.129	d25		28.03	
26	-57.780	2.41	1.61340	29.47	44.3
27	-162.955	0.15		31.39
28	79.421	4.40	1.74320	33.48	49.3
29	-134.415	Bf		33.82
[figure]	
source	Data/US007864451_Figure01AP.png
originX	36.52
originY	108.52
ppmm	2.528
[notes]
Bill: Patent specifies diameters.
Patent sum d 162.92mm > patent Total Length 162.90mm equals measured F' of 162.90mm
