[descriptive data]
title	US 4,380,377 Example 1 (Canon New FD70-210mm f4)
[constants]
[variable distances]
Focal Length	70.55	137.04	205.31
Angle of View	34.10	17.94	12.04
F-Number	4	4	4
Image Height	43.2	43.2	43.2
Magnification	0	0	0
d0	Infinity	Infinity	Infinity
d5	0.50	32.54	43.86
d10	34.12	17.63	0.68
d13	18.62	3.07	8.70
d13AS	17.62	2.07	7.70
Bf(p)	undefined	undefined	undefined
Bf	42.69	42.69	42.69
[lens data]
1	144.296	2.80	1.80518	54.00	25.4
2	67.895	6.60	1.61272	54.00	58.7
3	-4571.825	0.20		54.00
4	94.482	4.70	1.61272	51.55	58.7
5	26667.449	d5		51.55
6	464.312	1.50	1.71300	29.63	53.9
7	40.285	4.20		26.417
8	-45.202	1.50	1.71300	26.417	53.9
9	44.784	3.40	1.84666	29.63	23.0
10	-3270.421	d10		29.63
11	108.400	5.80	1.51633	30.91	64.1
12	-32.441	1.50	1.75520	30.91	27.5
13	-56.830	d13AS		30.91
13AS	AS	1.00		29.933
14	36.187	4.50	1.61272	30.40	58.7
15	797.679	1.95		30.40
16	-213.357	2.00	1.80518	29.06	25.4
17	570.712	47.33		29.06
18	-19.993	2.00	1.80610	24.52	40.9
19	-42.359	0.30		27.13
20	172.917	3.50	1.59551	30.08	39.2
21	-61.717	Bf		30.08
[figure]
source	Data/US004380377_Figure01P.png
originX	28.30
originY	101.94
ppmm	1.959
[notes]
Bill: Telephoto F-Number limited to f/4.09 by s7/s8
