[descriptive data]
title	US 3,912,373 Example 1 (Schneider TV-Variogon 2.1-6.6 / 20-600)
[constants]
Scaled	20	1
[variable distances]
Focal Length	20	40	80	140	200	290	400	500	592
Angle of View	undefined	undefined	undefined	undefined	undefined	undefined	undefined	undefined	undefined
F-Number	2.1	2.1	2.1	2.1	undefined	undefined	undefined	undefined	6.3
Image Height	18	18	18	18	18	18	18	18	18
Magnification	0	0	0	0	0	0	0	0	0
d0	Infinity	Infinity	Infinity	Infinity	Infinity	Infinity	Infinity	Infinity	Infinity
d15	0.260	42.880	72.880	90.160	98.000	103.480	103.480	103.480	103.480
d21	89.120	42.860	13.280	3.540	5.260	13.500	13.500	13.500	13.500
d24	28.360	32.000	31.580	24.040	14.480	0.760	0.760	0.760	0.760
d31	1.360	1.360	1.360	1.360	1.360	1.360	8.440	10.820	11.480
d34	2.460	2.460	2.460	2.460	2.460	2.460	6.800	13.740	20.840
d39	28.780	28.780	28.780	28.780	28.780	28.780	17.360	8.040	0.280
Bf(p)	3.20	3.20	3.20	3.20	3.20	3.20	3.20	3.20	3.20
Bf	4.65	4.69	4.84	5.21	5.73	6.82	9.67	13.22	17.43
[lens data]
1	-1013.60	3.80	1.643	128.00	59.9
2	260.40	13.20		120.00	
3	-347.20	3.80	1.643	120.40	59.9
4	182.80	0.40		114.40	
5	179.60	12.60	1.694	115.60	31.0
6	-2118.20	2.80		115.60	
7	352.20	16.40	1.680	105.60	54.9
8	-149.60	3.60	1.791	105.60	25.9
9	328.80	3.00		98.40	
10	842.20	12.00	1.643	99.20	59.9
11	-174.60	0.00		99.20	
12	197.40	9.40	1.643	99.20	59.9
13	-2955.60	0.00		99.20	
14	102.60	8.80	1.643	99.20	59.9
15	191.80	d15		99.20	
16	120.40	2.40	1.792	49.60	47.2
17	44.20	11.80		44.40	
18	-79.00	3.80	1.761	40.40	27.4
19	-47.40	1.80	1.716	40.40	53.6
20	38.40	8.80	1.723	40.40	29.3
21	383.20	d21		40.40	
22	-47.00	1.80	1.716	36.80	53.6
23	76.00	3.80	1.727	37.60	29.0
24	-553.60	d24		37.60	
25	413.60	4.80	1.503	45.40	56.2
26	-77.80	0.00		45.40	
27	173.20	5.20	1.503	46.40	56.2
28	-104.60	1.20		46.40	
28AS	AS	1.20		45.068
29	46.40	10.40	1.499	44.20	66.8
30	-66.80	1.80	1.761	44.20	27.4
31	-1101.40	d31		44.20	
32	-1970.40	9.80	1.761	41.80	27.4
33	-30.60	1.40	1.734	41.80	28.5
34	74.20	d34		41.80	
35	147.80	6.60	1.761	36.80	27.4
36	-41.20	1.80	1.792	36.80	47.2
37	72.40	4.40		36.80	
38	-145.80	1.80	1.792	35.80	47.2
39	93.40	d39		35.80	
40	244.60	7.80	1.489	52.20	70.2
41	-77.20	0.00		52.20	
42	83.80	11.80	1.489	53.00	70.2
43	-64.00	2.80	1.694	53.00	31.0
44	-106.80	0.00		53.00	
45	44.20	7.20	1.489	48.40	70.2
46	228.80	11.80		48.40	
47	711.20	2.80	1.792	39.20	47.2
48	41.80	6.80		35.60	
49	-516.20	2.40	1.792	35.20	47.2
50	36.60	8.80	1.489	35.20	70.2
51	-77.20	0.00		35.20	
52	40.80	5.80	1.489	37.60	70.2
53	797.40	15.60		37.60	
54	CG	66.00	1.518	38.80	64.0
55	CG	Bf		38.80	
[figure]
source	Data/US003912373_Figure01P.png
originX	64.33
originY	412.35
ppmm	4.336
[notes]
Bill: Image Height unknown
