[descriptive data]
title	US 9,063,253 Example 1 (Tamron SP 90mm F/2.8 Di Macro 1:1 VC USD)
[constants]
[variable distances]
Focal Length	92.74	81.62	64.66
Angle of View	26.24	15.44	8.06
F-Number(p)	2.89	4.06	5.75
F-Number	2.89	undefined	undefined
Image Height	43.20	43.20	43.20
Total Length	158.72	158.72	158.72
Magnification	0	-0.5	-1.0
d0	Infinity	215.46	140.57
d7	1.2000	9.8415	19.2488
d13	20.0500	11.4085	2.0012
d14	14.0000	9.2987	1.7000
d16	6.7201	1.0992	1.4506
d19	1.7996	12.1217	19.3690
d27	2.1644	2.2044	2.1892
Bf(m)	47.03	47.30	46.74
Bf	47.03	47.03	47.03
[lens data]
1	236.1724	4.7932	1.77250	48.20	49.60
2	-134.3107	0.1500		48.20
3	63.0015	7.5198	1.43700	41.91	95.10
4	-90.2962	1.1920	1.84666	41.91	23.78
5	1612.2365	0.1500		38.72
6	41.7672	4.6981	1.43700	34.37	95.10
7	305.1013	d7		33.84
8	192.1000	1.2000	1.81600	30.65	46.62
9	33.5120	4.9120		27.19
10	-46.9417	1.0000	1.48749	27.19	70.24
11	39.8523	3.3499		26.11
12	60.8772	3.1000	1.84666	28.68	23.78
13	-1857.9250	d13		28.06
14	AS	d14		28.724
15	344.4750	3.0050	1.59282	31.15	68.62
16	-85.8423	d16		31.58
17	110.2146	0.9000	1.72825	30.07	28.46
18	30.5835	6.4230	1.67790	30.07	55.35
19	-90.2521	d19		29.79
20	541.4261	0.8952	1.58913	27.94	61.13
21	23.2442	2.7112	1.80518	27.94	25.42
22	31.7632	10.1125		26.73
23	42.0889	4.9125	1.72000	29.99	50.23
24	-136.0043	6.0015		29.99
25	-67.7129	1.2000	1.84666	28.88	23.78
26	131.5116	Bf		29.56
[figure]
source	Data/US009063253_Figure01P.svg
originX	107.04
originY	383.47
ppmm	9.244
[notes]
Bill: d0 measured. 
