[descriptive data]
title	US 6,128,140 Example 4 (Ricoh smc Pentax-FA 24-90mm F3.5-4.5 AL [IF])
[constants]
[variable distances]
Focal Length	24.91	45.02	86.67
Angle of View	83.6	50.2	27.0
F-Number	3.7	4.5	4.8
Image Height	43.2	43.2	43.2
Total Length	undefined	undefined	undefined
Magnification	0	0	0
d0	Infinity	Infinity	Infinity
d5	2.45	12.20	28.21
d15	15.21	6.58	1.00
d21	7.14	4.02	2.79
Bf(p)	38.49	55.08	70.50
Bf	39.72	56.43	72.05
Aperture Diameter	14.825	15.487	17.786
[lens data]
1	445.920	1.80	1.84666	53.86	23.8
2	81.224	5.75	1.77250	48.62	49.6
3	-2385.674	0.10		48.62
4	47.974	4.73	1.77250	41.82	49.6
5	128.252	d5		41.82
6	159.750	0.30	1.52630	29.61	51.1
7	102.000	1.30	1.83481	29.61	42.7
8	14.372	5.73		20.57	
9	-40.949	4.85	1.51742	20.57	52.4
10	-16.570	1.20	1.83481	22.06	42.7
11	-234.000	0.11		20.35
12	52.969	4.23	1.84666	19.62	23.8
13	-26.250	0.23		19.62
14	-23.440	1.20	1.80400	19.62	46.6
15	-354.600	d15		18.62
15.5	AS	1.20		14.825
16	37.780	4.52	1.61800	20.87	63.4
17	-46.694	0.10		20.87
18	21.730	4.40	1.48749	21.04	70.2
19	600.000	2.50		21.04
20	-38.754	1.20	1.84666	18.19	23.8
21	90.467	d21		18.19
22	42.227	5.00	1.60311	18.36	60.7
23	-24.140	0.10		18.36
24	-376.147	2.00	1.75041	19.95	45.4
25	35.000	Bf		19.15
[aspherical data]
6	159.750	-1	1.909E-05	-4.356E-08	1.000E-10
24	-376.147	-1	-4.099E-05	-5.540E-08	3.626E-10
[figure]
source	Data/US006128140_Figure13P.png
originX	11.90
originY	133.60
ppmm	4.758
[notes]
