[descriptive data]
title	US 4,303,312 Example 1 (Zeiss Vario-Sonnar T 3.5/70-210)
[constants]
[variable distances]
Focal Length	72.1531	130.1748	203.2000
Angle of View	33	undefined	12
F-Number	3.5	3.5	3.5
Image Height	43.2	43.2	43.2
Magnification	0	0	0
d0	Infinity	Infinity	Infinity
d5	1.200	31.370	48.326
d11	35.672	9.145	2.400
d14	17.054	13.411	3.200
Bf	49.180	49.180	49.180
P	63.9	undefined	30.7
P'	-48.0	undefined	undefined
H	82.4	undefined	12.6
H'	-22.8	undefined	-153.9
[lens data]
1	89.123	3.8	1.80517	58.18	25.43
2	53.858	7.8	1.51680	58.18	64.17
3	199.522	0.1		55.94
4	81.163	7.0	1.52341	55.60	51.49
5	-956.760	d5		55.60
6	-446.700	1.6	1.69100	41.42	54.71
7	31.851	5.5		38.07
8	-125.885	2.5	1.69100	30.70	54.71
9	112.204	1.4		32.58	
10	50.844	4.8	1.67270	35.18	32.21
11	-260.600	d11		35.18	
12	-66.834	1.8	1.69100	34.79	54.71
13	51.958	4.5	1.68893	37.50	31.18
14	3073.000	d14		37.50	
15	118.844	5.2	1.61272	40.08	58.63
16	-93.056	0.1		40.08	
17	78.861	4.8	1.55232	39.72	63.46
18	-370.550	0.1		39.72
19	52.703	6.8	1.48749	38.16	70.41
20	-98.572	2.7	1.80518	38.16	25.43
21	118.844	2.4		35.42
21AS	AS	25.6		34.707
22	39.809	2.6	1.54814	27.83	45.75
23	35.737	23.4		27.83
24	84.744	4.0	1.54814	31.86	45.75
25	-147.480	3.7		31.86	
26	-35.479	2.5	1.61765	31.86	55.14
27	-125.885	Bf		31.86	
[figure]
source	Data/US004303312_Figure01P.png
originX	24.55
originY	121.09
ppmm	3.672
[notes]
Bill: Angle of View, P, P' H, and H' from specifications.
