[descriptive data]
title	US 4,452,513 Example 1 (Nikon AI Nikkor 80-200mm f/4S)
[constants]
[variable distances]
Focal Length	80.0	195.2
Angle of View	undefined	undefined
F-Number	4	4
Image Height	43.2	43.2
Total Length	undefined	undefined
Magnification	0	0
d0	Infinity	Infinity
d5	3.034	43.150
d11	30.972	1.366
d14(p)	16.708	6.198
d14	15.208	4.698
Bf	41.366	41.366
Aperture Diameter	28.247	28.228
[lens data]
1	109.097	1.7	1.80518	55.36	25.4
2	62.650	8.1	1.62041	53.56	60.3
3	-716.000	0.1		53.56	
4	134.056	4.0	1.51680	51.76	64.1
5	603.844	d5		51.76	
6	-300.000	1.0	1.78797	29.24	47.5
7	55.000	6.1	1.75520	29.24	27.6
8	-40.000	0.9	1.58144	28.17	40.8
9	56.331	4.1		28.17	
10	-44.350	1.1	1.58913	28.17	61.2
11	177.834	d11		28.17	
12	155.000	5.5	1.62041	29.24	60.3
13	-31.792	0.9	1.75520	29.24	27.6
14	-68.917	d14		29.24	
14AS	AS	1.5		28.247
15	41.667	5.3	1.67025	29.50	57.6
16	217.900	2.0		29.50	
17	-692.473	2.0	1.79504	27.20	28.6
18	299.735	53.4		27.20	
19	-23.344	2.4	1.79668	30.78	45.5
20	-36.254	0.2		32.06	
21	72.000	5.3	1.58267	35.64	46.5
22	-334.140	Bf		35.64	
[figure]
source	Data/US004452513_Figure03P.png
originX	10
originY	65
ppmm	1.708
[notes]
