[descriptive data]
title	US 8,767,319 Example 1 (Nikon AF-S Nikkor 85mm f/1.4G)
[constants]
[variable distances]
Focal Length	85	undefined
Angle of View	28.666	undefined
F-Number	1.45	1.71
Image Height	43.26	43.26
Total Length	126.37	126.37
Magnification	0	-0.1175
d0	Infinity	719
d6	17.306	7.706
d15	1.700	11.300
Bf	41.05	41.05
[lens data]
1	54.231	9.430	1.62041	61.72	60.3
2	281.169	0.300		61.72	
3	39.221	9.640	1.80400	53.50	46.6
4	54.944	3.708		48.14	
5	72.063	2.090	1.80610	44.93	33.3
6	26.207	d6		38.50	
7	55.974	2.310	1.83481	36.35	42.7
8	105.851	2.814		36.35	
9	AS	5.935		33.999
10	-40.001	1.200	1.69895	34.21	30.1
11	67.072	5.137		34.21	
12	-426.237	3.070	1.88300	36.35	40.8
13	-71.448	0.150		36.35	
14	71.673	6.873	1.72916	37.96	54.7
15	-58.340	d15		37.96
16	-66.600	3.700	1.90366	35.28	31.3
17	-37.963	1.690	1.64769	35.28	33.8
18	51.067	2.267		35.28	
19	85.957	6.000	1.83400	33.49	37.2
20	-85.957	Bf		33.49	
[figure]
source	Data/US008767319_Figure01P.png
originX	49
originY	408
ppmm	8.945
[notes]
