[descriptive data]
title	US 6,052,235 Example 6 (Ricoh smc Pentax-FA 80-320mm F4-5.6)
[constants]
[variable distances]
Focal Length	82.43	135.00	309.99
Angle of View	29.8	18.0	7.8
F-Number	4.5	4.9	5.7
Image Height	43.2	43.2	43.2
Total Length	undefined	undefined	undefined
Magnification	0	0	0
d0	Infinity	Infinity	Infinity
d6	4.87	35.19	66.39
d11	24.29	17.61	1.90
d18	27.00	24.97	27.18
Bf	38.99	47.67	61.17
[lens data]
1	120.170	6.32	1.48749	57.38	70.2
2	-624.975	0.15		57.38	
3	98.500	2.50	1.80518	56.60	25.4
4	65.000	0.41		55.08	
5	68.597	7.22	1.48749	55.08	70.2
6	413.302	d6		55.08	
7	-1590.000	1.60	1.75700	28.64	47.8
8	19.920	5.18	1.84666	28.64	23.9
9	55.762	3.15		25.18
10	-48.094	1.40	1.83481	25.18	42.7
11	238.573	d11		26.46	
11.5	AS	0.60		25.644
12	161.880	3.41	1.72000	28.28	43.7
13	-81.843	0.10		28.28	
14	41.189	4.27	1.48749	27.84	70.2
15	-460.253	6.99		27.84	
16	48.280	4.90	1.48749	25.32	70.2
17	-48.280	1.40	1.80518	25.32	25.4
18	77.000	d18		25.32	
19	76.700	3.66	1.51633	25.62	64.1
20	-76.700	17.72		25.62	
21	-26.946	1.50	1.77250	25.44	49.6
22	50.845	4.87	1.78472	27.66	25.7
23	-74.420	Bf		27.66	
[figure]
source	Data/US006052235_Figure32P.png
originX	8.43
originY	57.40
ppmm	1.885
[notes]
