[descriptive data]
title	US 6,437,923 Example 1 (Tamron AF 28-200mm F3.8-5.6 Aspherical 71D)
[constants]
[variable distances]
Focal Length	29.07	74.76	193.00
Angle of View	74.2	31.2	12.4
F-Number	3.69	5.03	5.82
Image Height	43.2	43.2	43.2
Magnification	0	0	0
d0	Infinity	Infinity	Infinity
d6	1.768	23.261	42.131
d15	19.553	10.101	0.969
d23	5.785	3.360	1.913
Bf(p)	undefined	undefined	undefined
Bf	40.37	60.33	71.44
[lens data]
1	179.53	1.5	1.84666	50.29	23.8
2	61.30	1.0		46.71
3	61.62	6.5	1.69680	48.37	55.5
4	-426.53	0.2		48.37
5	48.45	3.8	1.77250	43.74	49.6
6	99.01	d6		41.51
7	67.95	0.2	1.53610	26.91	41.2
8	55.55	0.8	1.83481	26.91	42.7
9	14.26	5.8		20.39
10	-35.32	0.9	1.72000	20.39	50.2
11	58.73	0.1		17.96
12	30.04	3.8	1.84666	19.90	23.8
13	-36.56	0.7		19.90	
14	-23.34	0.8	1.83481	18.14	42.7
15	-643.51	d15		20.32	
16	AS	0.9		16.964
17	34.75	0.2	1.53610	21.38	41.2
18	34.75	2.6	1.79952	21.38	42.2
19	-2289.84	0.1		21.38
20	26.02	2.5	1.72000	20.13	50.2
21	157.33	1.4		18.26
22	-38.27	0.8	1.84666	18.26	23.8
23	173.64	d23		20.42
24	23.69	4.3	1.51633	19.52	64.1
25	-59.67	0.2		19.52
26	58.16	0.8	1.80610	19.90	40.9
27	17.46	0.7		16.84
28	24.79	3.8	1.51823	18.09	59.0
29	-36.01	0.2	1.53610	18.09	41.2
30	-36.01	0.2		18.09
31	152.16	5.8	1.53610	16.08	48.9
32	-10.20	0.8	1.77250	16.08	49.6
33	513.23	Bf		18.52
[aspherical data]
7	67.95	1.8366	9.76517E-06	-8.27233E-09	-1.82191E-11	6.33815E-13
17	34.75	-0.1979	3.72528E-06	3.39383E-08	1.62580E-11	-1.73954E-12
30	-36.01	1.3716	6.11041E-07	-1.08319E-07	-2.76656E-10	-1.51768E-11
[figure]
source	Data/US006437923_Figure01P.png
originX	56.42
originY	285.47
ppmm	6.967
[notes]
Bill: Patent states this is model 71D. s19 is drawn incorrectly on the patent Figure. Matches production figure quite well.
Multiple aspherical coefficients had sign errors; consulted JP2002-236255A.
