[descriptive data]
title	US 9,256,059 Example 1 (Nikon AF-S Nikkor 18-35mm f/3.5-4.5G ED)
[constants]
[variable distances]
Focal Length	18.50	25.08	34.00
Angle of View	102.36	83.40	65.78
F-Number	3.60	4.15	4.63
Image Height	43.26	43.26	43.26
Total Length	139.69	134.64	136.74
Magnification	0	0	0
d0	Infinity	Infinity	Infinity
d10	26.973	12.514	1.850
d27	37.700	47.120	59.880
Bf	40.600	50.020	62.780
Aperture Diameter	16.101	16.088	17.093
[lens data]
1	55.466	2.30	1.72916	54.32	54.67
2	22.882	5.75		38.34	
3	42.477	0.08	1.51400	38.54	53.00
4	31.616	1.80	1.72916	38.54	54.67
5	19.407	7.62		31.18	
6	201.373	1.73	1.80420	32.82	46.50
7	27.873	0.08	1.51400	31.68	53.00
8	23.059	6.63		31.68
9	39.970	5.45	1.68893	32.00	31.16
10	-175.401	d10		32.00
11	49.393	2.00	1.80518	18.68	25.46
12	25.904	0.01	1.51400	18.68	42.80
13	25.904	4.84	1.64769	18.68	33.84
14	-302.784	6.15		18.68	
15	AS	1.90		16.101
16	18.791	8.37	1.49700	19.70	81.61
17	-46.108	0.01	1.51400	19.70	42.80
18	-46.108	1.00	1.72916	19.70	54.67
19	1198.193	1.00		19.70	
20	38.088	1.00	1.80420	16.64	46.50
21	11.617	0.01	1.51400	16.64	42.80
22	11.617	7.85	1.49700	16.64	81.61
23	-13.915	0.01	1.51400	16.64	42.80
24	-13.915	1.00	1.72916	16.64	54.67
25	63.311	1.21		17.66	
26	999.995	4.41	1.58313	20.12	59.39
27	-21.943	d27		20.12
28	CG	1.90	1.51680	53.30	64.20
29	CG	1.00		53.30	
[aspherical data]
3	42.477	1.487	1.168E-05	-4.148E-09	1.101E-12	1.894E-14	-2.952E-17	-9.759E-21
8	23.059	-4.715	3.700E-05	-1.310E-07	2.082E-10	-3.243E-13	1.792E-17	-9.759E-21
26	999.995	0	2.136E-05	1.939E-07	1.663E-09	1.020E-11		
27	-21.943	-10.003	-9.654E-05	1.095E-06	-7.277E-09	5.471E-11		
[figure]
source	Data/US009256059_Figure01P.png
originX	38
originY	422.5
ppmm	9.678
[notes]
Bill: Bf computed. 2w taken from charts.
