[descriptive data]
title	US 9,538,088 Example 1 (Sony Vario-Tessar T* E 16-70mm F4 ZA OSS)
[constants]
[variable distances]
Focal Length	16.48	35.00	67.90
Angle of View	81.50	44.16	23.62
F-Number	4.12	4.12	4.12
Image Height	28.4	28.4	28.4
Total Length	undefined	undefined	undefined
Magnification	0	0	0
d0	Infinity	Infinity	Infinity
d5	1.000	13.861	28.117
d12	12.717	5.608	1.600
d18	5.025	2.073	1.001
d25	5.437	3.829	2.502
d27	4.563	6.171	7.498
Bf	14.754	28.957	41.773
Aperture Diameter	8.090	11.132	13.627
[lens data]
1	84.340	1.50	1.84666	44.70	23.78
2	49.538	4.58	1.62041	41.35	60.34
3	176.090	0.20		41.35
4	46.598	4.41	1.72916	38.83	54.67
5	155.000	d5		38.83
6	74.934	1.30	1.85135	24.44	40.10
7	11.384	5.29		17.86	
8	-96.216	0.80	1.83400	18.71	37.35
9	14.921	4.42	1.84666	16.33	23.78
10	-32.137	0.55		16.33
11	-20.465	0.80	1.82080	14.92	42.71
12	-64.006	d12		15.87
13	AS	0.50		8.090
14	22.009	0.80	1.90366	17.71	31.31
15	13.031	4.25	1.74330	15.98	49.22
16	-54.421	1.41		15.98	
17	-15.550	0.80	1.80611	14.84	40.73
18	-39.947	d18		17.20
19	63.402	3.49	1.69350	16.85	53.20
20	-19.063	0.25		17.52	
21	134.770	0.80	1.91082	16.76	35.25
22	18.387	4.19	1.49700	16.76	81.61
23	-33.222	1.00		16.76	
24	41.268	2.02	1.61800	17.95	63.40
25	-750.000	d25		17.95
26	-242.500	0.90	1.69350	18.16	53.20
27	15.504	d27		16.82	
28	34.502	3.16	1.51742	22.34	52.15
29	-150.000	Bf		22.34	
[aspherical data]
6	74.934	0	-1.7003E-05	2.9207E-07	-1.4891E-09	2.4818E-12
7	11.384	0	-2.2803E-05	9.2713E-08	3.8834E-09	
12	-64.006	0	-3.3902E-05	1.4348E-07	-6.1643E-09	4.7703E-11
19	63.402	-7.4971	-5.5873E-05	2.2331E-07	-1.6262E-09	9.6401E-12
26	-242.500	0	-2.8193E-05	2.6882E-07	-2.6307E-09	
27	15.504	-0.22886	-4.4572E-05	8.5447E-08	-5.6155E-10	-1.2462E-11
[figure]
source	Data/US009538088_Figure01P.png
originX	23.69
originY	188.51
ppmm	5.277
[notes]
