[descriptive data]
title	US 7,408,719 Example 1 (Olympus Zuiko Digital ED 150mm F2.0)
[constants]
[variable distances]
Focal Length	149.5	undefined
Angle of View	8.8	undefined
F-Number	2	undefined
Image Height	22.90	22.90
Total Length	undefined	undefined
Magnification	0	-0.15
Magnification(m)	0	-0.15207
S	Infinity	1200
d0	Infinity	1018.07
d8	1.0000	3.7306
d11	29.7593	8.5359
d17	2.5000	20.9928
Bf	0	0
[lens data]
1	279.889	9.12	1.48749	81.46	70.2
2	-653.223	0.20		81.46	
3	86.709	10.53	1.49700	78.60	81.5
4	672.762	3.06		75.38	
5	-372.773	4.46	1.78472	75.38	25.7
6	115.609	7.86		69.78	
7	103.086	11.70	1.43875	72.46	94.9
8	-247.813	d8		72.46	
9	89.628	12.30	1.78472	67.12	25.7
10	-137.907	3.85	1.74400	65.78	44.8
11	80.187	d11		57.52	
12	36.976	9.00	1.62280	44.18	57.1
13	548.969	5.19	1.71736	42.06	29.5
14	30.722	3.10		35.92	
15	55.913	4.40	1.80518	38.32	25.4
16	148.254	3.60		38.32	
17	AS	d17		29.232
18	-672.762	2.60	1.60342	37.78	38.0
19	38.839	7.30		29.52	
20	104.607	4.20	1.78800	34.58	47.4
21	-301.318	39.15		34.58	
22	CG	0.62	1.51633	25.30	64.1
23	CG	1.21		25.30	
24	CG	3.25	1.54771	25.30	62.8
25	CG	0.15		25.30	
26	CG	0.76	1.52310	25.30	54.5
27	CG	1.06		25.30	
[figure]
source	Data/US007408719_Figure01AP.png
originX	21.40
originY	76.60
ppmm	1.491
[notes]
Bill: d0 computed.
