[descriptive data]
title	US 6,115,188 Example 25 (Canon EF400mm f2.8L IS USM)
[constants]
[variable distances]
Focal Length	392.15
Angle of View	6.3
F-Number	2.9
Image Height	43.28
Total Length	undefined
Magnification	0
d0	Infinity
Bf(p)	38.95
Bf	38.97
[lens data]
1	Infinity	6.00	1.516330	140.20	64.1
2	Infinity	1.50		140.20
3	231.603	19.30	1.496999	137.36	81.5
4	-419.344	22.34		137.36
5	113.114	19.20	1.496999	114.82	81.5
6	Infinity	2.68		114.82	
7	-597.700	6.25	1.834807	111.48	42.7
8	180.537	10.24		106.82	
9	94.288	17.80	1.433870	99.16	95.1
10	-3674.804	1.40		99.16	
11	64.700	7.30	1.516330	82.16	64.1
12	48.947	24.36		72.82	
13	5483.964	4.70	1.805181	65.82	25.4
14	-161.220	3.20	1.804000	65.82	46.6
15	108.057	98.83		61.82	
16	AS	9.94		40.969
17	125.228	1.80	1.846658	38.92	23.9
18	48.140	6.50	1.772499	38.92	49.6
19	-255.466	4.62		38.92	
20	76.097	4.10	1.846658	37.02	23.9
21	-307.470	1.70	1.622992	37.02	58.2
22	37.546	5.65		35.43
23	-133.531	1.80	1.804000	35.43	46.6
24	64.683	2.85		37.02
25	86.153	5.00	1.622992	39.11	58.2
26	-476.151	0.20		39.11
27	55.777	9.70	1.677900	41.21	55.3
28	-98.880	1.80	1.882997	41.21	40.8
29	259.489	15.00		39.48	
30	Infinity	2.20	1.516330	29.63	64.1
31	Infinity	15.28		29.63
32	FS	Bf		33.26
[figure]	
source	Data/US006115188_Figure88P.png
originX	72.95
originY	245.63
ppmm	2.868
[notes]

