[descriptive data]
title	US 4,452,513 Example 3 (Nikon AI Nikkor 200-400mm f/4S)
[constants]
[variable distances]
Focal Length	200	400
Angle of View	undefined	undefined
F-Number	4	4
Image Height	43.2	43.2
Total Length	undefined	undefined
Magnification	0	0
d0	Infinity	Infinity
d5	50.635	111.267
d11	56.297	3.155
d14(p)	15.464	7.975
d14	13.964	6.475
Bf	69.828	69.828
Aperture Diameter	55.466	55.425
[lens data]
1	239.867	3.3	1.75692	100.10	31.7
2	140.839	14.0	1.49782	100.10	82.3
3	-430.000	0.2		100.10	
4	155.000	7.0	1.49782	96.10	82.3
5	240.871	d5		96.10	
6	-366.200	2.5	1.78797	56.10	47.5
7	143.200	8.0	1.75520	54.60	27.6
8	-110.916	2.2	1.51680	54.60	64.1
9	100.127	7.5		54.60	
10	-117.970	2.5	1.80218	53.05	44.7
11	-5626.023	d11		53.05
12	184.117	10.0	1.49782	57.60	82.3
13	-68.320	1.9	1.75692	57.60	31.7
14	-123.600	d14		57.60	
14AS	AS	1.5		55.466
15	70.180	11.0	1.49782	57.60	82.3
16	-130.821	10.0		57.60	
17	-96.159	3.0	1.78797	50.60	47.5
18	-900.350	0.6		50.60	
19	37.000	6.5	1.51680	47.10	64.1
20	41.623	66.0		47.10	
21	-26.710	2.5	1.77279	28.10	49.4
22	-81.538	0.1		28.10	
23	168.000	2.0	1.73350	29.60	51.1
24	72.000	6.5	1.58144	34.10	40.8
25	-55.442	Bf		34.10	
[figure]
source	Data/US004452513_Figure15P.png
originX	24
originY	66
ppmm	0.770
[notes]
