[descriptive data]					
title	US 7,075,731 Example 1 (Tamron SP AF28-75mm F/2.8 XR Di LD Aspherical (Model A09))
[constants]			
[variable distances]					
Focal Length	28.87	49.98	72.65	undefined		
Angle of View	75.2	46.2	32.6	undefined
F-Number	2.91	2.91	2.91	undefined
Image Height	43.2	43.2	43.2	43.2		
Total Length	undefined	undefined	undefined	undefined			
Magnification	0	0	0	-0.2564	
d0	Infinity	Infinity	Infinity	162.43
d6	2.694	16.985	27.814	24.030
d16	9.782	3.828	0.985	4.769		
d25	6.786	2.409	0.997	0.997		
Bf	39.10	52.94	61.21	61.21
Aperture Diameter	18.622	22.549	25.194	25.194
[lens data]					
1	333.1075	1.8000	1.84666	59.85	23.8
2	77.6323	1.0000		57.65	
3	74.5678	7.5878	1.69680	57.65	55.5
4	-899.7118	0.2000		57.65	
5	47.0695	5.5826	1.77250	51.22	49.6
6	92.1616	d6		51.22	
7	91.4948	0.2000	1.53610	29.60	41.2
8	60.7311	1.0000	1.80400	29.60	46.6
9	15.3347	5.7000		21.67	
10	-49.6859	0.8000	1.80400	21.67	46.6
11	56.8731	0.1000		22.10	
12	34.3769	5.0582	1.80518	25.77	25.4
13	-70.7589	3.8077		24.39	
14	-17.7484	1.0000	1.48749	24.39	70.2
15	88.8950	2.4000	1.80518	25.77	25.4
16	-400.8377	d16		25.77
17	AS	0.8000		18.622	
18	32.9501	4.5533	1.49700	30.26	81.6
19	218.9272	0.3340		30.26
20	42.2548	0.2000	1.53610	32.99	41.2
21	50.5518	4.1798	1.48749	32.99	70.2
22	774.1028	0.2883		32.31
23	-1096.6700	4.9331	1.49700	32.31	81.6
24	-36.1775	1.0000	1.84666	32.31	23.8
25	-80.5109	d25		33.69
26	57.8584	3.3516	1.48749	32.92	70.2
27	851.4063	0.1100		32.92
28	37.5240	8.2312	1.49700	32.01	81.6
29	-46.1404	4.8987		32.01
30	-40.8554	1.0000	1.83400	26.57	37.2
31	34.9959	0.2000	1.53610	26.57	41.2
32	39.0704	0.2000		26.57
33	34.4669	5.8463	1.58144	28.13	40.8
34	-77.0642	0.2000	1.53610	26.8	41.2
35	-56.7993	Bf		26.8
[aspherical data]
7	91.4948	1.7698	1.51609E-05	-2.40934E-09	-3.81500E-11	3.90581E-13
20	42.2548	-0.3805	-1.01321E-05	2.64212E-10	-9.59136E-12	-5.60310E-14
32	39.0704	-6.2476	2.39974E-05	-2.88771E-08	-1.116970E-10	1.02647E-12
35	-56.7993	12.8865	2.35429E-05	4.67954E-08	1.19880E-10	1.40158E-13
[figure]	
source	Data/US007075731_Figure01P.png
originX	24
originY	156
ppmm	4.029
[notes]
Bill: Sign of r30 wrong in the patent. Bf not provided.
Suspect problem with s35 coefficients.
SP AF28-75mm F/2.8 XR Di LD Aspherical [IF] MACRO (Model A09)
Brochure: 330mm at 1:3.9 tele

source	Data/US007075731_Figure01.png
ppmm	8.338151164
originX	64
originY	332
source	Data/US007075731_Brochure01.png
ppmm	8.651223172
originX	438	undefined	144
originY	430
