[descriptive data]
title	US 4,468,098 Example 1 (Ricoh smc Pentax-A 70-210mm F4.0)
[constants]
[variable distances]
Focal Length	72.1	204.0
Angle of View	34.4	11.8
F-Number	4.1	4.1
Image Height	43.2	43.2
Magnification	0	0
d0	Infinity	Infinity
d5	1.83	41.04
d10	32.97	1.32
d13	16.20	8.64
d13AS	14.83	7.27
Bf(p)	42.74	42.74
Bf	42.81	42.81
[lens data]
1	122.000	4.50	1.48749	55.53	70.1
2	946.000	0.15		55.53
3	63.385	2.70	1.80518	53.59	25.4
4	44.014	9.30	1.48749	50.30	70.1
5	-1800.000	d5		50.30
6	455.000	1.60	1.77250	29.45	49.7
7	37.630	4.80		26.83
8	-40.196	1.50	1.72916	26.83	54.7
9	40.196	4.50	1.80518	29.45	25.4
10	-173.534	d10		29.45
11	139.000	5.80	1.56873	31.64	63.2
12	-34.964	1.70	1.80518	31.64	25.4
13	-62.130	d13AS		31.64
13AS	AS	1.37		29.026
14	32.540	4.70	1.56873	32.62	63.2
15	413.302	2.00		32.62
16	-175.741	2.30	1.80518	31.73	25.4
17	1889.365	36.82		31.73
18	45.225	3.40	1.75520	27.65	27.5
19	135.000	4.70		27.65
20	-24.470	1.70	1.83400	25.81	37.2
21	73.400	0.25		30.43
22	53.550	5.80	1.58921	30.83	41.1
23	-45.225	Bf		30.83
[figure]
source	Data/US004468098_Figure01P.png
originX	7.06
originY	56.51
ppmm	1.833
[notes]
Bill: Angle of View from charts.
