[descriptive data]
title	US 6,115,188 Example 22 (Canon EF600mm f4L IS USM)
[constants]
[variable distances]
Focal Length	585.20
Angle of View	4.2
F-Number	4.1
Image Height	43.28
Total Length	undefined
Magnification	0
d0	Infinity
Bf(p)	39.01
Bf	38.52
[lens data]
1	Infinity	6.00	1.516330	142.74	64.1
2	Infinity	1.50		142.74	
3	231.902	17.10	1.496999	142.74	81.5
4	-822.901	43.59		142.74	
5	150.427	13.97	1.496999	118.15	81.5
6	2167.786	2.59		118.15
7	-949.347	5.90	1.834807	116.63	42.7
8	242.065	40.72		115.00	
9	114.154	13.86	1.433870	99.13	95.1
10	4153.906	0.50		99.13
11	83.069	5.00	1.516330	90.26	64.1
12	64.680	45.86		85.21
13	543.282	4.65	1.805181	65.66	25.4
14	-253.137	3.30	1.834807	65.66	42.7
15	130.218	98.91		61.90	
16	AS	7.02		40.913
17	138.000	2.00	1.846658	39.93	23.9
18	65.924	4.66	1.603112	39.93	60.6
19	-335.894	12.07		39.93
20	102.528	2.75	1.846658	34.06	23.9
21	-341.854	1.65	1.603112	34.06	60.6
22	47.129	3.77		32.46
23	-149.430	1.60	1.804000	32.46	46.6
24	105.150	3.52		32.50
25	121.151	2.80	1.720000	35.01	43.7
26	-888.536	6.96		35.01
27	79.378	4.27	1.749500	35.26	35.0
28	-194.536	1.90	1.846658	35.26	23.9
29	218.380	12.00		35.26	
30	Infinity	2.00	1.516330	43.18	64.4
31	Infinity	64.77		43.18	
32	FS	Bf		38.18	
[figure]	
source	Data/US006115188_Figure85P.png
originX	31.52
originY	76.41
ppmm	0.904
[notes]

