[descriptive data]
title	US 4,110,006 Example 4 (Canon FD150-600mm f5.6L)
[constants]
[variable distances]
Focal Length	150	300	600
Angle of View	16.4	8.2	4.2
F-Number	5.6	5.6	5.6
Image Height	43.2	43.2	43.2
Magnification	0	0	0
d0	Infinity	Infinity	Infinity
d14	1.626	99.837	149.645
d19	42.023	29.719	5.242
d19AS	39.823	27.519	3.042
d24	115.327	29.419	4.089
Bf(p)	undefined	undefined	undefined
Bf	120.5	120.5	120.5
[lens data]
1	344.101	8.34	1.48749	103.36	70.1
2	-621.384	0.20		103.36
3	145.355	8.16	1.48749	100.74	70.1
4	399.767	27.966		100.74
5	1756.358	4.61	1.77250	89.43	49.7
6	237.941	4.49		89.43
7	470.798	4.49	1.80610	87.98	40.9
8	181.340	40.03		87.98
9	316.069	8.15	1.43387	86.84	95.1
10	-354.921	0.15		86.84
11	145.135	7.07	1.43387	85.22	95.1
12	465.758	3.00		85.22
13	714.028	3.90	1.51633	81.36	64.1
14	336.552	d14		81.36
15	-726.820	1.50	1.64250	34.72	58.4
16	60.424	8.15		34.72	
17	-64.422	1.50	1.64250	36.36	58.4
18	64.422	4.05	1.80518	36.36	25.4
19	2507.380	d19AS		36.36	
19AS	AS	2.20		35.599
20	531.670	4.45	1.60311	37.55	60.7
21	-75.621	2.00		37.55
22	122.730	5.30	1.48749	39.20	70.1
23	-78.164	1.50	1.83400	39.20	37.2
24	Infinity	d24		39.20	
25	158.760	3.35	1.48749	37.65	70.1
26	-297.270	0.40		37.65
27	50.000	6.50	1.49700	36.32	81.3
28	-330.000	2.00	1.59551	36.32	39.2
29	75.621	43.20		36.32
30	-256.470	1.50	1.53375	28.65	55.5
31	88.509	2.15		28.65
32	181.980	1.50	1.79952	29.14	42.2
33	35.701	4.90	1.62004	29.14	36.3
34	-121.940	Bf		29.14	
[figure]
source	Data/US004110006_Figure01P.png
originX	97.25
originY	425.43
ppmm	4.801
[notes]
