[descriptive data]
title	US 5,666,230 Example 1 (Nikon AF Nikkor 20-35mm F/2.8D IF)
[constants]
[variable distances]
Focal Length	20.5000	28.0000	34.0000	undefined	undefined	undefined
Angle of View	95.2	undefined	64.6	undefined	undefined	undefined
F-Number	2.89	2.89	2.89	undefined	undefined	undefined
Image Height	43.2	43.2	43.2	43.2	43.2	43.2
Magnification	0	0	0	-0.0518	-0.0703	-0.0857
d0	Infinity	Infinity	Infinity	361.7220	366.6170	366.4282
d8	17.8289	6.3818	1.5051	19.9364	8.3602	3.5272
d11	3.3045	3.3045	3.3045	1.2969	1.3261	1.2824
d13	3.5982	8.1846	11.7305	3.5982	8.1846	11.7305
d13AS	1.7982	6.3846	9.9305	1.7982	6.3846	9.9305
d16	9.1470	4.5606	1.0148	9.1470	4.5606	1.0148
Bf	38.5995	45.1515	50.2170	38.5995	45.1515	50.2170
Aperture Diameter	15.920	17.694	19.496	15.920	17.694	19.496
[lens data]
1	49.529	2.5	1.77279	48.49	49.4
2	19.409	13.0		35.01
3	-82.454	2.0	1.78797	35.01	47.5
4	38.992	2.8		32.99
5	153.969	4.0	1.75692	34.86	31.6
6	-153.969	0.2		34.86	
7	34.815	3.5	1.75692	32.29	31.6
8	51.692	d8		32.29
9	43.020	1.2	1.71736	22.94	29.5
10	22.359	5.5	1.51860	22.94	69.9
11	-56.755	d11		22.94	
12	48.361	3.0	1.71300	23.82	53.9
13	436.187	d13AS		23.82	
13AS	AS	1.8		15.920
14	-63.760	1.2	1.74810	19.46	52.3
15	22.250	4.0	1.80518	20.98	25.4
16	76.693	d16		20.98	
17	28.759	3.0	1.65844	23.64	50.8
18	68.431	1.5		23.64	
19	67.908	2.0	1.78470	25.38	26.1
20	27.642	2.5		23.03
21	2058.323	4.0	1.79668	27.16	45.4
22	-50.144	0.2		27.16	
23	105.997	8.0	1.62280	28.68	57.0
24	-20.350	1.7	1.86074	28.68	23.0
25	-44.631	Bf		31.42	
[aspherical data]
1	49.529	0	4.780E-06	4.468E-09	-7.609E-12	1.215E-14
[figure]
source	Data/US005666230_Figure01P.png
originX	4.40
originY	73.45
ppmm	1.726
[notes]
