[descriptive data]
title	US 3,589,798 Example 2 (Konica Minolta AF 16mm F2.8 FishEye)
[constants]
Scaled	16	1
[variable distances]
Focal Length	16
Angle of View	180
Angle of View(m)	185.24
F-Number	2.8
Image Height	43.2
Total Length	64.5376
Magnification	0.0
d0	Infinity
Bf	36.32
[lens data]
1	121.3312	2.0800	1.6204	52.15	60.3
2	18.9920	7.8544		34.02
3	39.6592	1.9200	1.6176	29.97	52.7
4	16.7424	7.6544		24.48
5	-43.3680	1.6000	1.6204	19.94	60.3
6	67.2912	0.0000		24.93
7	67.2912	7.5216	1.7495	24.93	34.9
8	-51.6640	0.1440		24.93
9	34.7952	7.5920	1.7330	18.81	28.2
10	Infinity	1.6000		18.81
11	Infinity	1.4928	1.5994	14.27	40.8
12	Infinity	1.5696		14.27
12AS	AS	3.2000		11.901
13	-27.3200	5.4096	1.6214	12.72	61.2
14	-9.7264	0.0000		14.60
15	-9.7264	2.3696	1.7330	14.60	28.2
16	-21.4528	0.1440		17.06
17	-129.2096	1.3600	1.7400	23.24	37.5
18	25.8256	6.3200	1.5688	23.24	56.0
19	-32.7200	0.1440		23.24
20	53.8352	4.4800	1.5168	27.58	64.2
21	-56.5568	Bf		27.58
[figure]	
source	Data/US003589798_Figure02P.png
originX	39.51
originY	84.77
ppmm	2.249
[notes]
