[descriptive data]
title	US 4,770,511 Example 2 (Nikon AI Zoom-Nikkor 35-200mm f/3.5-4.5S)
[constants]
[variable distances]
Focal Length	36.16	193.96	undefined
Angle of View	undefined	undefined	undefined
F-Number	3.5	4.5	undefined
Image Height	43.2	43.2	43.2
Total Length	undefined	undefined	undefined
Magnification	0	0	-0.25
d0	Infinity	Infinity	246
d5	1.266	35.760	11.260
d13(p)	20.067	1.686	12.036
d13	19.167	0.786	11.136
d19	17.344	1.231	7.881
Bf(p)	undefined	undefined	undefined
Bf	54.37	95.90	95.84
Aperture Diameter	20.590	22.771	22.771
[lens data]
1	158.96	1.50	1.80518	54.41	25.36
2	64.18	8.00	1.49782	51.84	82.28
3	-138.79	0.10		51.84
4	47.22	4.30	1.67003	43.26	47.05
5	127.19	d5		43.26
6	133.06	1.30	1.90265	27.26	35.76
7	23.64	2.90		24.32
8	154.62	4.20	1.80518	24.32	25.36
9	-32.48	1.10	1.80411	22.49	46.43
10	117.17	2.70		20.80
11	-25.41	1.00	1.71300	20.80	53.97
12	30.77	2.80	1.86074	22.66	23.00
13	483.93	d13		22.66
13AS	AS	0.90		20.590
14	-486.79	2.50	1.51680	24.76	64.12
15	-39.43	0.10		24.76
16	36.24	4.50	1.51860	25.88	70.08
17	-84.69	0.80		25.88
18	-47.65	1.00	1.86074	25.88	23.00
19	-121.84	d19		26.38
20	72.48	3.00	1.51680	26.38	64.12
21	-115.65	0.10		26.38
22	46.78	3.90	1.62041	25.63	60.29
23	107.74	7.00		25.63
24	-89.69	2.00	1.79631	23.93	40.98
25	37.59	2.50		23.93
26	-289.15	2.50	1.51680	24.81	64.12
27	-47.37	0.10		24.81
28	93.53	6.50	1.51835	26.79	60.34
29	-24.61	1.30	1.78797	26.79	47.53
30	-43.43	Bf		27.67
[figure]
source	Data/US004770511_Example02_Tale47-Fig1.png
ppmm	6.440
originX	10
originY	186
[notes]
