[descriptive data]
title	US 7,489,452 Example 1 (Ricoh smc Pentax-DA 60-250mm F4 ED[IF] SDM)
[constants]
[variable distances]
Focal Length	61.50	129.98	242.22
Angle of View	39.6	18.4	10.0
F-Number	4.1	4.1	4.1
Image Height	43.28	43.28	43.28
Total Length	undefined	undefined	undefined
Magnification	0	0	0
d0	Infinity	Infinity	Infinity
d6	7.79	51.82	76.30
d13	33.69	18.65	2.92
d19	10.62	4.50	2.69
Bf	67.50	80.69	89.21
Aperture Diameter	26.876	30.564	33.045
[lens data]
1	107.650	2.60	1.84666	59.1	23.8
2	80.388	1.95		59.1	
3	83.914	8.80	1.49700	58.4	81.6
4	-435.054	0.30		58.4	
5	106.300	4.70	1.48749	56.7	70.2
6	180.812	d6		56.7	
7	-288.152	1.80	1.77250	27.5	46.6
8	34.871	5.40		27.5	
9	-49.400	1.80	1.80400	27.2	46.6
10	67.227	4.60	1.84666	30.2	23.8
11	-142.289	0.50		30.2	
12	63.000	3.40	1.80518	32.5	25.4
13	97.810	d13		32.5	
13AS	AS	1.00		26.876
14	82.500	5.60	1.43875	34.6	95.0
15	-105.190	0.20		34.6	
16	75.438	4.40	1.72916	34.9	54.7
17	-1693.410	2.20		34.9	
18	-70.010	2.10	1.84666	34.8	23.8
19	-360.000	d19		34.8	
20	35.636	7.30	1.61800	35.3	63.4
21	-564.330	6.17		35.3	
22	483.314	3.20	1.74320	30.3	49.3
23	31.920	3.70		28.4	
24	666.343	4.20	1.60311	28.8	60.7
25	-55.409	0.30		28.8	
26	41.000	11.00	1.53172	28.8	48.9
27	-24.213	1.60	1.77250	28.8	49.6
28	103.398	Bf		28.8	
[figure]	
source	Data/US007489452_Figure01P.png
originX	159.30
originY	90.69
ppmm	1.718
[notes]
