[descriptive data]
title	US 5,189,557 Example 7 (Canon EF35-350mm f3.5-5.6L USM)
[constants]
[variable distances]
Focal Length	36.29	135.23	342.08
Angle of View	61.4	18.2	7.2
F-Number	3.60	5.00	5.70
Image Height	43.2	43.2	43.2
Magnification	0	0	0
d0	Infinity	Infinity	Infinity
d6	1.81	50.04	76.81
d14	38.38	12.40	2.77
d21	2.78	12.20	19.10
d24	18.48	8.35	2.61
d32	6.36	10.47	2.31
Bf(p)	undefined	undefined	undefined
Bf	56.13	78.66	95.23
Aperture Diameter	23.608	22.487	22.643
[lens data]
1	174.603	3.00	1.83400	67.24	37.2
2	84.283	0.12		67.24
3	84.348	9.30	1.49700	67.24	81.6
4	-330.569	0.15		67.24
5	72.746	7.00	1.49700	63.08	81.6
6	354.096	d6		63.08
7	105.889	1.90	1.88300	38.49	40.8
8	30.752	5.00		32.44
9	-374.461	1.50	1.80400	32.44	46.6
10	35.598	4.10	1.69895	29.20	30.1
11	-3452.135	2.60		29.20
12	-43.226	1.60	1.83481	27.75	42.7
13	43.226	3.90	1.84666	27.75	23.9
14	-179.163	d14		27.75
15	AS	1.10		23.608
16	178.565	2.50	1.65160	25.70	58.5
17	-86.703	0.15		25.70
18	44.230	5.10	1.51112	26.83	60.5
19	-44.230	0.12		26.83
20	-43.131	1.50	1.68893	26.83	31.1
21	-1170.951	d21		26.83
22	-55.745	2.00	1.65160	27.90	58.5
23	31.534	3.60	1.85026	27.90	32.3
24	160.788	d24		27.90
25	-385.105	1.50	1.84666	30.10	23.9
26	84.584	5.30	1.51633	30.10	64.1
27	-44.321	0.15		30.10
28	71.035	4.40	1.60311	31.21	60.7
29	-78.923	0.15		31.21
30	42.674	6.80	1.48749	31.31	70.2
31	-42.674	1.50	1.83481	31.31	42.7
32	-3581.258	d32		31.31
33	-367.086	1.50	1.83481	30.08	42.7
34	38.786	3.30		28.19
35	-157.328	1.50	1.80610	28.19	40.9
36	79.222	0.80		30.08
37	59.228	4.80	1.69895	32.01	30.1
38	-70.130	Bf		32.01
[figure]	
source	Data/US005189557_Figure08P.png
originX	42.10
originY	15.82
ppmm	7.414
[notes]
