[descriptive data]
title	US 4,576,443 Example 5 (Ricoh smc Pentax-A 35-105mm F3.5)
[constants]
[variable distances]
Focal Length	36.1	undefined	102.0
Angle of View	64.8	33.8	23.4
F-Number	3.6	3.6	3.6
Image Height	43.2	43.2	43.2
Magnification	0	0	0
d0	Infinity	Infinity	Infinity
d5	1.25	18.90	27.47
d13	19.63	9.42	2.93
d13AS	18.29	8.08	1.59
d15	10.38	2.95	0.87
Bf(p)	38.37	undefined	47.89
Bf	38.38	45.80	47.89
Aperture Diameter	17.276	19.643	20.423
[lens data]
1	113.945	2.50	1.80518	56.73	25.4
2	48.739	8.80	1.69680	51.49	55.5
3	273.913	0.10		51.49
4	56.271	5.90	1.75700	47.37	47.9
5	241.305	d5		47.37
6	661.800	1.70	1.83481	31.12	42.7
7	24.790	2.10		25.58	
8	36.480	1.50	1.77250	24.90	49.6
9	20.416	4.97		22.93
10	-47.422	1.30	1.72916	22.93	54.7
11	68.295	0.15		23.64
12	37.220	3.40	1.80518	21.75	25.4
13	-139.702	d13AS		21.75
13AS	AS	1.34		17.276
14	67.622	2.70	1.69680	22.63	55.5
15	-431.361	d15		22.63
16	21.429	4.60	1.80610	22.42	40.9
17	201.578	2.13		22.42
18	-71.266	1.35	1.80518	21.99	25.4
19	41.798	1.86		19.44
20	41.455	1.25	1.83400	21.94	37.2
21	18.156	6.00	1.48749	19.54	70.1
22	-55.891	5.76		19.54
23	-181.534	4.20	1.65128	22.81	38.3
24	-23.212	3.61		22.81
25	-16.047	1.50	1.83400	23.49	37.2
26	-56.220	0.10		26.13
27	186.095	3.50	1.65844	27.12	50.9
28	-63.844	Bf		27.12	
[figure]
source	Data/US004576443_Figure09P.png
originX	5.52
originY	70.50
ppmm	2.368
[notes]
