[descriptive data]
title	US 4,258,985 Example 4 (Konica Minolta AF 28mm F2)
[constants]
Scaled	28	100
[variable distances]
Focal Length	28
Angle of View	75
F-Number	2.
Image Height	43.2
Magnification	0
d0	Infinity
Bf(p)	undefined
Bf	36.10
[lens data]
1	2105.264	3.780	1.6935	35.46	53.61
2	-418.536	0.146		35.46	
3	33.018	1.680	1.5110	27.14	60.49
4	15.179	3.360		22.12	
5	32.200	1.680	1.5111	22.12	60.49
6	14.745	8.602		19.38	
7	31.433	3.920	1.7620	20.41	40.38
7'	194.580	1.120		20.41
7"	351.319	6.160	1.7620	20.97	40.38
8	-60.844	1.270		20.97
8AS	AS	2.79		20.649
9	-119.762	3.072	1.7495	20.38	50.41
10	-25.021	2.408		20.38
11	-20.737	2.982	1.8052	19.02	25.21
12	54.023	1.960		19.02
13	-65.282	3.220	1.7725	19.83	50.14
14	-21.272	0.146		19.83
15	547.946	3.500	1.6968	22.38	55.80
16	-39.626	Bf		22.38	
[figure]
source	Data/US004258985_Figure07P.png
originX	57.99
originY	153.02
ppmm	3.951
[notes]
