[descriptive data]
title	US 8,081,392 Example 3 (Olympus Zuiko Digital ED 14-35mm F2.0 SWD)
[constants]
[variable distances]
Focal Length	14.22	22.08	34.28	13.95	21.04	30.04
F-Number	2.04	2.04	2.04	2.03	2.01	1.99
Angle of View	77.45	53.63	35.87	78.51	55.55	39.57
Image Height	22.30	22.30	22.30	22.30	22.30	22.30
Total Length	undefined	undefined	undefined	undefined	undefined	undefined
Magnification	0	0	0	-0.06435	-0.09076	-0.11937
S	Infinity	Infinity	Infinity	350	350	350
d0	Infinity	Infinity	Infinity	184.84	190.36	175.90
d6	0.60	9.28	28.72	0.76	9.09	26.50
d14	6.20	6.20	6.20	0.85	0.85	0.85
d18	33.99	11.81	1.99	39.19	17.36	9.57
Bf	33.77	41.71	46.62	33.78	41.76	46.60
Aperture Diameter	22.388	23.980	25.080	22.388	23.980	25.080
[lens data]
1	388.432	2.63	1.84666	70.54	23.78
2	116.328	0.19		68.62	
3	120.478	6.23	1.77250	68.62	49.60
4	Infinity	0.20		68.62	
5	55.418	6.31	1.77250	60.44	49.60
6	106.616	d6		58.66	
7	58.092	2.01	1.88300	40.50	40.76
8	15.659	8.62		28.35	
9	499.999	1.92	1.58253	28.35	59.32
10	31.329	6.88		26.72	
11	-22.540	1.62	1.48749	26.72	70.23
12	-34.382	0.15		29.30	
13	109.408	4.13	1.84666	29.04	23.78
14	-52.304	d14		29.04	
15	-53.386	1.61	1.62004	27.43	36.26
16	90.446	0.15		27.43
17	74.131	2.68	1.78590	26.30	44.20
18	577.522	d18		26.30	
19	AS	1.70		22.388
20	54.962	2.98	1.63980	29.58	34.46
21	477.175	0.15		29.58	
22	44.882	3.94	1.62280	29.46	57.05
23	-400.001	9.25		29.46	
24	-37.960	1.79	1.57501	27.26	41.50
25	-300.000	0.15		27.26	
26	90.287	3.53	1.49700	25.44	81.54
27	-67.879	0.29		25.44	
28	-1026.371	1.60	1.68893	26.58	31.08
29	21.042	7.45	1.43875	25.62	94.93
30	-44.725	0.216		25.62	
31	-40.315	1.59	1.90366	26.18	31.31
32	-1452.783	0.15		26.18	
33	45.448	7.46	1.49640	29.18	81.24
34	-36.320	0.15		29.18	
35	-2245.818	2.90	1.63494	29.32	23.22
36	-56.553	Bf		29.32	
[aspherical data]
9	499.999	0	2.33955E-05	-1.46412E-07	5.37937E-10	-1.32462E-12
10	31.329	0	7.38718E-06	-1.66142E-07	3.75503E-10	-1.27423E-12
33	45.448	0	-1.05652E-05	6.57981E-10	4.92273E-11	-8.47219E-14
34	-36.320	0	4.57324E-06	-1.30667E-08	5.78315E-11	-9.06114E-14
[figure]
source	Data/US008081392_Figure03P.png
originX	11.52
originY	89.61
ppmm	1.888
[notes]
Bill: s30/31 overlap. Reducing s29/s30 height would be too drastic; adjusted d30 from 0.17 to 0.215
