[descriptive data]
title	US 8,049,968 Example 5 (Sony 70-400mm F4-5.6 G SSM II)
[constants]
[variable distances]
Focal Length	70.7231	167.0889	388.1393	undefined	undefined	undefined
Angle of View	33.848	14.468	6.256	undefined	undefined	undefined
F-Number	4.05	5.32	5.87	undefined	undefined	undefined
Image Height	43.266	43.266	43.266	43.266	43.266	43.266
Total Length	235.174	278.686	320.220	undefined	undefined	undefined
Magnification	0	0	0	-0.04948	-0.11378	-0.24360
S	Infinity	Infinity	Infinity	1600	1600	1600
d0	Infinity	Infinity	Infinity	1364.82	1321.31	1279.78
d5	2.5000	49.1230	100.5475	2.5000	49.1230	100.5475
d10	51.3031	21.4622	2.0000	51.3031	21.4622	2.0000
d17	18.8055	10.7526	0.9318	18.8055	10.7526	0.9318
d20	1.4049	7.7484	12.6161	1.4049	7.7484	12.6161
d26	18.9608	15.5224	4.1107	19.8428	18.2832	14.1726
Bf	62.011	93.889	119.825	61.129	91.128	109.763
[lens data]
1	341.4865	2.3000	1.80420	68.44	46.50
2	100.0749	8.6788	1.49700	67.76	81.61
3	-580.6182	0.3000		67.76	
4	102.6378	7.9544	1.49700	67.42	81.61
5	-1349.2717	d5		67.42	
6	250.0000	1.7000	1.63854	34.48	55.45
7	38.5099	5.5546		32.76	
8	-113.5820	1.3000	1.48749	31.74	70.44
9	50.7413	3.1884	1.80610	31.58	33.27
10	154.1035	d10		31.58	
11	83.8353	3.7221	1.63854	29.53	55.45
12	-166.1224	1.8375		29.53
13	-44.9779	1.3078	1.83481	29.53	42.72
14	232.9722	0.2000		31.04	
15	59.8407	3.9720	1.84666	31.72	23.78
16	-354.6810	2.0000		31.72	
17	AS	d17		30.007
18	204.1703	1.3000	1.84666	32.32	23.78
19	34.6621	6.4963	1.64769	31.34	33.84
20	-98.0309	d20		31.34	
21	-317.9391	1.3000	1.84666	30.68	23.78
22	36.5447	10.8707	1.63854	30.68	55.45
23	-25.8401	1.3000	1.80610	30.68	33.27
24	-60.5610	0.2000		31.82	
25	59.5597	4.6131	1.84666	33.04	23.78
26	-533.7403	d26		33.04	
27	63.6049	1.2000	1.72000	29.72	50.34
28	31.8746	3.6172		27.78
29	-235.1399	4.0756	1.78472	27.78	25.72
30	-37.4552	1.2000	1.80420	29.08	46.50
31	237.3893	Bf		29.08	
[figure]
source	Data/US008049968_Figure05WP.png
originX	29.49
originY	165.48
ppmm	3.342
[notes]
Bill: Magnification measured.
