[descriptive data]
title	US 6,115,188 Example 24 (Canon EF500mm f4L IS USM)
[constants]
[variable distances]
Focal Length	490.56
Angle of View	5.0
F-Number	4.1
Image Height	43.28
Total Length	undefined
Magnification	0
d0	Infinity
Bf(p)	38.94
Bf	39.61
[lens data]
1	Infinity	5.00	1.516330	120.58	64.1
2	Infinity	1.50		120.58	
3	239.798	14.30	1.496999	122.28	81.5
4	-585.800	48.85		122.28	
5	117.916	14.40	1.496999	99.04	81.5
6	-4012.478	1.78		99.04	
7	-597.656	5.00	1.834807	98.40	42.7
8	193.601	19.16		94.12	
9	98.885	13.80	1.433870	87.72	95.1
10	-2042.619	1.50		87.72	
11	69.144	8.00	1.516330	76.20	64.1
12	52.129	20.52		70.02	
13	734.785	4.00	1.805181	61.02	25.4
14	-217.950	3.00	1.834807	61.02	42.7
15	138.354	93.55		61.02	
16	AS	17.65		35.887
17	164.033	1.70	1.846658	32.72	23.9
18	44.438	5.40	1.834807	32.72	42.7
19	-496.476	1.50		32.72	
20	95.332	3.30	1.846658	31.92	23.9
21	-205.460	1.60	1.677900	31.92	55.3
22	38.854	4.45		30.85
23	-96.365	1.70	1.733997	30.85	51.5
24	96.367	3.23		31.12	
25	143.981	4.00	1.696797	33.24	55.5
26	-389.655	0.30		33.24	
27	62.574	7.60	1.517417	34.84	52.4
28	-62.574	1.80	1.720000	34.84	43.7
29	-235.693	30.00		34.84	
30	Infinity	2.20	1.516330	50.42	64.1
31	Infinity	31.34		50.42	
32	FS	Bf		39.76	
[figure]	
source	Data/US006115188_Figure87P.png
originX	26.51
originY	74.35
ppmm	1.016
[notes]

