[descriptive data]
title	US 8,553,339 Example 1 (Sony E 18-200mm F3.5-6.3 OSS)
[constants]
[variable distances]
Focal Length	18.4671	69.9995	193.7966	18.1576	60.2317	105.9540
Angle of View	78.47	undefined	8.20	undefined	undefined	undefined
F-Number	3.57	5.6	6.47	3.58	5.71	7.22
Image Height	28.4	28.4	28.4	28.4	28.4	28.4
Total Length	undefined	undefined	undefined	undefined	undefined	undefined
Magnification	0	0	0	-0.04493	-0.16027	-0.34911
S	Infinity	Infinity	Infinity	500	500	500
d0	Infinity	Infinity	Infinity	384.980	349.241	310.197
d5	1.0000	34.0712	64.3105	1.0000	34.0712	64.3105
d14	25.4255	6.3450	1.7000	25.4255	6.3450	1.7000
d25	1.4000	4.7187	1.4999	1.6487	6.5210	9.1651
d29	9.5946	6.2759	9.4947	9.3459	4.4736	1.8296
Bf	18.3076	40.0562	53.5093	18.3076	40.0562	53.5093
[lens data]
1	140.6286	1.5000	1.90366	54.16	31.31
2	72.7778	7.2029	1.49700	52.96	81.61
3	-395.7178	0.2000		52.96	
4	61.5306	5.5571	1.61800	51.42	63.39
5	221.7716	d5		51.42	
6	90.6266	0.2000	1.51460	26.50	49.96
7	60.6266	1.2000	1.90366	26.50	31.31
8	13.8208	7.5749		20.36	
9	-21.7485	0.9000	1.83481	19.00	42.72
10	240.9339	0.2000		19.00	
11	52.2290	3.5618	1.92286	18.48	20.88
12	-28.3941	1.5245		18.48	
13	-17.8390	0.8000	1.83481	19.00	42.72
14	-33.0000	d14		19.00	
15	AS	1.0000		14.721
16	18.4782	4.0353	1.61881	16.60	63.85
17	-48.5651	0.7167		16.60	
18	41.8835	0.9000	1.77250	16.60	49.62
19	22.8773	2.9125		16.60	
20	33.2873	3.3000	1.59201	15.92	67.02
21	-25.5242	0.8000	1.84666	15.92	23.78
22	-41.3225	0.5260		16.26	
23	265.5713	0.8000	1.90366	15.40	31.31
24	14.7745	4.4219	1.51742	14.56	52.15
25	-21.3443	d25		14.56	
26	-1799.6857	2.2000	1.72825	13.88	28.32
27	-20.2692	0.7000	1.69680	13.20	55.46
28	16.8599	0.2500	1.51460	13.20	49.96
29	18.1394	d29		13.20	
30	24.6924	4.7278	1.48749	19.50	70.44
31	-34.7332	0.5818		19.50	
32	-25.1727	1.0000	1.83481	19.34	42.72
33	-195.8334	Bf		20.88	
[aspherical data]
6	90.6266	0	2.00246E-05	-4.07575E-08	1.35108E-10	2.54007E-13
16	18.4782	-1.6765	1.73663E-05	-1.78587E-09	1.55565E-09	5.28154E-12
17	-48.5651	0	4.00586E-05	-8.57830E-08	2.49011E-09	-1.89872E-13
20	33.2873	0	-1.59299E-05	4.84995E-08	-1.30605E-09	9.03492E-12
29	18.1394	0	-2.10416E-05	1.08897E-07	-6.52540E-09	5.29800E-11
[figure]
source	Data/US008553339_Figure01WP.png
originX	6.45
originY	81.76
ppmm	2.162
[notes]
Bill: Magnification measured. F-Number values from the charts. Design is identical to Sony E PZ 18-200mm F3.5-6.3 OSS
