[descriptive data]
title	US 3,336,094 Example 2 (Schneider Tele-Variogon 4.0 / 80-240)
[constants]
[variable distances]
Focal Length	80	160	240
Angle of View	undefined	undefined	undefined
F-Number	4	4	4
Image Height	43.2	43.2	43.2
Magnification	0	0	0
d0	Infinity	Infinity	Infinity
d5	3.78	42.82	58.42
d8	33.91	6.90	7.07
d11	29.76	17.74	1.96
Bf(p)	undefined	undefined	undefined
Bf(m)	39.61	39.58	40.40
Bf	39.61	39.61	39.61
[lens data]
1	143.44	8.40	1.52542	75.89	64.6
2	-333.80	0.15		75.89
3	77.55	9.73	1.50378	68.32	76.7
4	1288.00	2.87	1.78470	68.32	26.1
5	134.64	d5		64.52
6	-210.00	3.00	1.50137	45.52	56.5
7	-80.20	1.50	1.48749	45.52	70.0
8	46.39	d8		42.35
9	-62.70	1.20	1.73350	30.68	51.0
10	32.91	4.70	1.78470	32.36	26.1
11	389.00	d11		32.36
12	160.50	4.00	1.62041	32.69	60.3
13	-93.76	2.40		32.69
14	106.20	5.11	1.52542	32.84	64.6
15	-258.60	0.20		32.84
16	46.39	11.27	1.62280	31.62	56.9
17	-86.16	3.07	1.78470	31.62	26.1
18	60.13	2.00		26.90	
18AS	AS	49.00		25.120
19	58.96	4.10	1.53172	30.01	48.9
20	-303.00	3.30		30.01
21	-52.48	1.50	1.74400	29.68	44.9
22	58.56	4.00	1.69895	31.40	30.1
23	-257.20	Bf		31.40
[figure]
source	Data/US003336094_Figure02P.png
originX	41.38
originY	484.50
ppmm	12.166
[notes]
