[descriptive data]
title	US 4,871,239 Example 3 (Konica Minolta AF 35-105mm F3.5-4.5 v2)
[constants]
[variable distances]
Focal Length	36	60	102
Angle of View	61.93	39.6	23.91
F-Number	3.6	4.2	4.65
Image Height	43.2	43.2	43.2
Magnification	0	0	0
d0	Infinity	Infinity	Infinity
d5	0.900	9.586	17.809
d13	15.505	8.926	2.360
d18	4.673	2.566	0.909
Bf(p)	undefined	undefined	undefined
Bf	36.77	45.37	53.44
Aperture Diameter	15.873	15.819	16.341	
[lens data]
1	120.926	2.200	1.84666	47.00	23.83
2	44.896	7.150	1.67000	43.71	57.07
3	-326.540	0.100		43.71
4	29.132	3.250	1.69680	33.97	56.47
5	50.276	d5		33.97
6	66.325	1.200	1.77250	24.07	49.77
7	14.430	3.950		21.50
8	-1357.755	1.150	1.67000	19.70	57.07
9	34.737	0.300		19.70
10	19.885	2.680	1.84666	17.84	23.83
11	114.785	1.620		17.34	
12	-29.666	1.150	1.61800	17.34	63.45
13	79.294	d13		16.79
13AS	AS	0		15.873
14	24.547	3.150	1.67000	17.90	57.07
15	-71.330	0.150		17.90
16	36.161	6.000	1.51680	18.56	64.20
17	-15.061	2.500	1.80741	18.56	31.59
18	87.398	d18		15.49
19	59.168	3.000	1.72000	16.29	42.02
20	-22.059	3.605		16.29
21	-25.806	0.035	1.51790	17.10	52.31
22	-22.822	1.800	1.80500	17.10	40.97
23	503.492	Bf		21.68
[aspherical data]
21(p)	-25.806	0	-6.6020E-05	-5.2200E-08	-6.4384E-09	-1.1612E-10	-8.4797E-13
21	-25.806	0	-6.6020E-05	-5.2200E-08	-6.4384E-09	1.1612E-10	-8.4797E-13
[figure]
source	Data/US004871239_Figure03P.png
originX	118.20
originY	203.34
ppmm	5.362
[notes]
Bill: Repair d13 wide 5.505 -> 15.505 Repair sign a21 A10 ?
