[descriptive data]
title	US 4,568,150 Example 4 (Olympus Zuiko Auto-Zoom 65-200mm F4)
[constants]
[variable distances]
Focal Length	66.923	113.941	194.149
Angle of View	35.8	21.4	12.8
F-Number	4.24	4.24	4.24
Image Height	43.2	43.2	43.2
Magnification	0	0	0
d0	Infinity	Infinity	Infinity
d5	2.128	24.404	37.471
d12	36.355	23.260	0.976
d15	10.982	1.800	11.017
Bf(p)	undefined	undefined	undefined
Bf	43.66	43.66	43.66
[lens data]
1	125.0059	2.60	1.78472	53.50	25.68
2	58.4160	6.80	1.62299	53.50	58.14
3	Infinity	0.15		53.50	
4	88.0510	4.60	1.62299	48.38	58.14
5	Infinity	d5		48.38	
6	-212.4540	1.70	1.74320	34.04	49.31
7	24.1010	3.40	1.78472	29.94	25.68
8	35.6490	4.00		27.56	
9	-53.1720	1.60	1.77250	25.68	49.66
10	95.6530	0.64		26.54	
11	68.3100	3.20	1.78472	28.76	25.68
12	-233.9318	d12		28.76	
13	117.3390	5.80	1.51112	29.60	60.48
14	-30.7220	2.00	1.78472	29.60	25.68
15	-52.8370	d15		29.60	
16	AS	1.70		27.645
17	26.4827	5.60	1.50048	28.58	65.99
18	Infinity	2.20		28.58	
19	-128.0029	2.00	1.80610	28.58	40.95
20	199.5243	19.9834		28.58	
21	100.7291	3.60	1.51742	24.40	52.41
22	-63.4132	10.9209		24.40	
23	-19.6359	1.80	1.77250	22.38	49.66
24	-81.8964	8.5646		24.30	
25	113.1923	4.00	1.51112	32.78	60.48
26	-132.6134	Bf		32.78	
[figure]
source	Data/US004568150_Figure02P.png
originX	39.99
originY	168.49
ppmm	3.920
[notes]
