[descriptive data]
title	US 5,249,079 Example 1 (Konica Minolta 35-135mm F3.5-4.5 MD Zoom)
[constants]
[variable distances]
Focal Length	35.9	131.5
F-Number	3.608	4.560
Image Height	43.2	43.2
Magnification	0	0
d0	Infinity	Infinity
d5	0.823	27.032
d13	18.996	1.100
d19	9.041	0.728
Bf(p)	undefined	undefined
Bf	53.27	78.37
[lens data]
1	155.12197	2.20	1.80518	49.42	25.43
2	51.21901	7.10	1.51680	46.20	64.20
3	-287.11129	0.15		46.20	
4	50.29700	4.50	1.77250	41.40	49.77
5	309.92376	d5		41.40	
6	100.68405	1.30	1.75450	26.20	51.57
7	15.88500	4.15		20.17
8	-96.11900	1.20	1.69680	20.17	56.47
9	44.32400	0.15		20.84	
10	24.65600	2.70	1.84666	19.66	23.80
11	347.43575	1.60		18.53
12	-30.04900	1.10	1.61800	18.53	63.39
13	289.43560	d13		19.66	
14	AS	1.24		18.303
15	88.90098	2.40	1.51680	21.10	64.20
16	-52.11400	0.15		21.10	
17	35.73900	4.20	1.54072	21.68	47.20
18	-35.73900	1.20	1.75520	21.46	27.51
19	214.30806	d19		21.46	
20	33.16100	3.18	1.60342	21.28	38.00
21	240.26910	7.47		21.28	
22	-85.75998	4.55	1.80741	20.60	31.59
23	30.60800	1.94		20.00
24	-196.06305	3.00	1.51680	20.00	64.20
25	-29.78300	0.20		21.98	
26	38.45200	4.20	1.51742	26.00	52.20
27	-166.69500	Bf		26.00	
[figure]
source	Data/US005249079_Figure01P.png
originX	19.37
originY	384.17
ppmm	13.282
[notes]
