[descriptive data]
title	US 7,289,274 Example 5 (Ricoh smc Pentax-DA 50-135mm F2.8ED[IF] SDM)
[constants]
[variable distances]
Focal Length	51.50	85.00	131.00
Angle of View	33.6	20.2	13.2
F-Number	2.9	2.9	2.9
Image Height	28.4	28.4	28.4
Total Length	undefined	undefined	undefined
Magnification	0	0	0
d0	Infinity	Infinity	Infinity
d9	2.30	19.73	29.44
d16	19.04	11.78	1.50
d21	13.18	3.01	3.58
d21AS	12.18	2.01	2.58
Bf	39.70	39.70	39.70
[lens data]
1	105.398	2.30	1.74400	60.08	44.8
2	56.082	7.84	1.48749	60.08	70.2
3	180.272	0.10		60.08	
4	66.104	6.43	1.49700	56.48	81.6
5	230.241	15.23		56.48	
6	54.225	2.00	1.80518	48.40	25.4
7	42.675	1.05		46.00	
8	48.313	8.82	1.48749	46.00	70.2
9	-1617.704	d9		46.00	
10	-181.711	1.20	1.80400	24.48	46.6
11	26.585	4.85		24.48	
12	-50.615	1.20	1.48749	23.50	70.2
13	30.138	3.60	1.84666	23.50	23.8
14	311.871	1.65		23.50	
15	-52.317	1.10	1.72916	23.50	54.7
16	-100.273	d16		23.50	
17	174.749	2.14	1.77250	25.08	49.6
18	-174.749	1.06		25.08	
19	-4485.526	4.73	1.49700	25.88	81.6
20	-29.038	1.10	1.80518	25.88	25.4
21	-49.755	d21AS		25.88	
21AS	AS	1.00		25.472
22	73.832	2.65	1.77250	26.04	49.6
23	743.114	0.50		26.04	
24	22.109	7.93	1.49700	25.00	81.6
25	-105.602	1.58	1.65844	25.00	50.9
26	24.579	3.50		22.90	
26FS	FS	11.07		26.32	
27	120.433	5.20	1.60562	25.00	43.7
28	-28.928	3.00		25.00	
29	-22.288	1.24	1.80100	24.20	35.0
30	-67.039	0.65		24.94	
31	95.907	2.07	1.48749	26.00	70.2
32	3646.801	Bf		26.00	
[figure]
source	Data/US007289274_FigureP.png
originX	165.62
originY	94.36
ppmm	1.832
[notes]
