[descriptive data]
title	US 7,301,711 Example 6 (Ricoh smc Pentax-DA 16-50mm F2.8ED AL[IF] SD)
[constants]
[variable distances]
Focal Length	16.48	28.00	48.50
Angle of View	84.0	53.4	32.4
F-Number	2.9	2.9	2.9
Image Height	28.4	28.4	28.4
Total Length	undefined	undefined	undefined
Magnification	0	0	0
d0	Infinity	Infinity	Infinity
d5	3.10	17.89	36.27
d15	20.76	10.31	3.90
d15AS	18.36	7.91	1.50
d21	5.39	2.80	1.27
Bf	39.00	50.99	65.07
Aperture Diameter	14.778	17.394	20.831
[lens data]
1	228.853	2.40	1.84666	61.44	23.8
2	90.908	6.36	1.71300	61.44	53.9
3	868.199	0.20		61.44	
4	66.977	4.95	1.77250	54.62	49.6
5	143.503	d5		54.62	
6	69.698	0.10	1.52972	27.74	42.7
7	50.745	1.45	1.83481	27.74	42.7
8	13.792	6.68		21.02	
9	-48.189	1.20	1.83481	19.90	42.7
10	44.128	0.34		19.90	
11	29.394	6.70	1.64769	18.50	33.8
12	-39.787	1.14		18.50	
13	-22.186	1.20	1.80400	18.16	46.6
14	50.962	3.51	1.84666	19.62	23.8
15	-50.962	d15AS		19.62	
15AS	AS	2.40		14.778
16	55.754	3.71	1.49700	24.18	81.6
17	-122.733	0.20		24.18	
18	34.402	6.40	1.58636	24.46	60.9
19	-67.745	4.82		24.46	
20	-22.339	1.25	1.83400	23.78	37.2
21	719.208	d21		23.78	
22	35.999	8.16	1.49700	26.92	81.6
23	-35.999	0.62		26.92	
24	1796.044	1.20	1.80518	26.92	25.4
25	62.947	4.67	1.48749	26.92	70.2
26	-62.947	0.30		26.92	
27	-500.000	4.77	1.58636	27.32	60.9
28	-65.096	Bf		27.32	
[aspherical data]
6	69.698	0	1.7834E-05	-2.4983E-08	8.4108E-11
19	-67.745	0	-6.7065E-06	-2.7300E-08	
27	-500.000	0	-2.0218E-05	-2.7300E-08	1.0251E-10
28	-65.096	0	-1.6910E-07	-4.1153E-09	1.4111E-10
[figure]
source	Data/US007301711_Figure21P.png
originX	146.25
originY	150.77
ppmm	2.794
[notes]
