[descriptive data]
title	US 7,218,457 Example 3 (Nikon AF-S Micro-Nikkor 105mm f/2.8G VR)
[constants]
[variable distances]
Focal Length	104	undefined	undefined
Angle of View	undefined	undefined	undefined
F-Number	2.88	undefined	undefined
Image Height	43.2	43.2	43.2
Total Length	158.99767	158.36044	158.35863
Magnification	0	-0.5	-1
NA	undefined	0.14	0.11
d0	Infinity	240.735	151.487
d8	3	12.247	21.289
d13	21.449	12.203	3.16
d14	14.484	6.965	0
d20	2	9.519	16.484
Bf	53.12017	52.48194	52.48113
[lens data]
1	135.4810	4.8268	1.77250	48.31	49.61
2	-190.5454	0.2000		48.31	
3	49.7250	5.0443	1.61272	42.35	58.75
4	328.1282	3.2512		42.35	
5	-301.4048	1.2500	1.71736	37.57	29.52
6	36.6648	0.3101		34.30	
7	39.1876	5.0203	1.77250	34.30	49.61
8	Infinity	d8		34.30	
9	-184.4593	1.1000	1.58267	30.19	46.43
10	27.3895	4.0524		26.90	
11	-173.3863	1.2519	1.53172	26.90	48.87
12	26.3938	4.0212	1.80518	26.90	25.43
13	89.6909	d13		26.90	
14	AS	d14		26.267
15	FS	2.4681		29.84	
16	114.4253	3.0007	1.49700	29.44	81.61
17	-114.4253	0.1500		29.77	
18	52.1409	1.1283	1.84666	29.77	23.78
19	26.5640	6.9913	1.62041	29.70	60.29
20	-77.9021	d20		29.70	
21	754.4676	1.1000	1.80610	28.90	40.94
22	21.4197	4.8050	1.80518	28.35	25.43
23	37.4268	8.8210		28.35	
24	-27.1640	1.1000	1.51823	29.94	58.96
25	-51.2200	0.1500		34.05	
26	88.6706	4.9019	1.78590	36.49	44.20
27	-88.6706	Bf		36.49	
[figure]				
source	Data/US007218457_Figure09P.png
originX	31
originY	305
ppmm	7.150
[notes]
