[descriptive data]
title	US 9,151,939 Example 1 (Olympus M.Zuiko ED 14-150mm F4.0-5.6 II)
[constants]
[variable distances]
Focal Length	14.28	25.43	45.73	82.91	147
Angle of View	80.2	undefined	27.6	undefined	8.8
F-Number	4.08	4.91	5.68	5.75	5.77
Image Height	21.22	22.90	22.90	22.90	22.90
Total Length	100.39	111.72	128.28	148.01	159.38
Magnification	0	0	0	0	0
d0	Infinity	Infinity	Infinity	Infinity	Infinity
d6	0.500	11.396	21.229	37.070	46.316
d12	2.706	2.552	2.877	5.621	6.149
d15	12.772	7.955	5.692	2.085	1.402
d16	5.081	3.999	2.261	3.400	0.983
d21	6.424	4.098	2.394	1.235	1.175
d27	11.899	20.703	32.807	37.585	42.342
Bf	15.32	24.14	36.24	41.02	45.78
Aperture Diameter	8.321	8.753	10.370	10.805	12.822
[lens data]
1	107.429	2.100	1.80000	44.82	29.84
2	51.934	0.200		43.44	
3	51.586	6.750	1.49700	43.44	81.54
4	-350.456	0.150		43.44	
5	45.821	4.650	1.61800	40.54	63.33
6	139.892	d6		40.54	
7	92.127	1.200	1.80476	23.48	40.87
8	13.098	5.100		17.34	
9	-27.150	0.900	1.77250	17.34	49.60
10	168.754	0.150		17.34	
11	25.991	3.050	1.80518	15.96	25.42
12	-57.701	d12		15.96	
13	-16.073	0.900	1.78800	13.74	47.37
14	18.419	2.700	1.75520	13.40	27.51
15	-94.698	d15		13.40	
16	AS	d16		8.321
17	20.030	4.500	1.58313	15.96	59.38
18	-67.433	0.150		15.96	
19	16.633	3.400	1.61800	15.96	63.33
20	-236.437	0.900	1.90366	15.62	31.32
21	16.385	d21		15.62	
22	16.893	8.499	1.49650	15.80	81.53
23	-21.997	6.153		15.80	
24	-27.909	1.900	1.53172	14.78	48.84
25	-16.073	1.200	1.88300	14.78	40.76
26	32.284	3.000	1.69895	15.46	30.13
27	-48.781	d27		16.14	
28	CG	4.082	1.51633	24.34	64.14
29	CG	0.745		24.34	
[aspherical data]
7	92.127	44.417	4.20310E-05	-7.40520E-07	7.30010E-09	-3.63640E-11	7.07030E-14
8	13.098	0.4167	2.04720E-05	-8.41990E-07	4.84520E-09	-1.71030E-11	
17	20.030	0.0084	-2.02860E-05	1.73900E-07	-2.26920E-09	1.91320E-11	
18	-67.433	-75.9294	-2.23430E-05	4.54170E-07	-3.28140E-09	1.72700E-12	2.07580E-13
22	16.893	0.1523	-1.18380E-05	4.44510E-07	2.58580E-10	2.74640E-11	
23	-21.997	-0.763	6.45710E-05	4.94480E-07	6.72600E-10	4.82510E-11	4.29850E-13
[figure]
source	Data/US009151939_Figure01AP.png
originX	12.15
originY	78.62
ppmm	2.286
[notes]
