[descriptive data]
title	US 5,347,399 Example 7 (Ricoh smc Pentax-FA 100-300mm F4-5.6)
[constants]
[variable distances]
Focal Length	103.01	180.00	290.00
Angle of View	23.8	13.4	8.4
F-Number	4.6	4.9	5.7
Image Height	43.2	43.2	43.2
Total Length	undefined	undefined	undefined
Magnification	0	0	0
d0	Infinity	Infinity	Infinity
d6	2.30	18.09	24.10
d11	42.45	22.11	1.50
Bf	47.00	51.56	66.15
[lens data]
1	102.942	5.75	1.56907	54.76	71.3
2	-2238.318	0.20		54.76	
3	95.490	10.31	1.43875	51.90	95.0
4	-102.720	0.98		51.90	
5	-102.802	2.40	1.84666	50.12	23.9
6	-207.668	d6		50.12	
7	453.000	5.10	1.80518	33.60	25.4
8	-44.850	1.50	1.69680	33.60	55.5
9	51.555	4.50		29.56
10	-48.280	1.50	1.77250	29.56	49.6
11	237.774	d11		30.74	
12	97.945	3.90	1.64850	32.22	53.0
13	-112.953	0.20		32.22	
14	39.443	7.33	1.49700	31.26	81.6
15	-90.719	0.09		31.26	
16	-91.054	1.50	1.84666	31.26	23.9
17	374.714	14.70		31.26	
17AS	AS	34.33		23.653
18	47.730	3.17	1.51742	21.99	52.4
19	-2275.000	1.80		21.99
20	-34.106	1.50	1.80610	24.88	40.9
21	34.106	4.74	1.78472	24.88	25.7
22	-211.464	Bf		24.88	
[figure]
source	Data/US005347399_Figure24P.png
originX	2.10
originY	69.45
ppmm	2.514
[notes]
