[descriptive data]
title	US 10,197,893 Example 1 (Fujifilm Fujinon XF50-140mm F2.8 R LM OIS WR with Fujifilm Fujinon XF2X TC WR)
[metadata]
[constants]
[variable distances]
Focal Length	102.997	167.327	271.837
Angle of View	16.8	10.2	6.4
F-Number	5.76	5.80	5.76
Image Height	28.40	28.40	28.40
Total Length	undefined	undefined	undefined
Magnification	0	0	0
d0	Infinity	Infinity	Infinity
d7	1.39	19.54	31.16
d15	14.30	9.95	2.69
d20	27.99	14.19	9.82
Bf	25.47	25.47	25.47
[lens data]
1	314.4308	2.29	1.80100	60.32	34.97
2	80.8630	7.40	1.49700	55.20	81.54
3	-411.8253	0.20		55.20	
4	70.8095	7.10	1.43875	55.04	94.94
5	Infinity	0.20		55.04	
6	69.9388	5.24	1.49700	53.50	81.54
7	243.2625	d7		53.50	
8	97.3350	6.28	1.72047	34.56	34.71
9	-44.4430	1.54	1.62230	38.48	53.17
10	24.5106	5.60		25.34	
11	-67.3261	1.41	1.49700	28.74	81.54
12	26.8210	4.00	1.84661	25.16	23.88
13	128.9145	3.13		25.16	
14	-31.5621	1.20	1.91082	25.16	35.25
15	268.8915	d15		28.06	
16	-454.7411	2.85	1.80100	25.50	34.97
17	-44.3534	0.10		25.50	
18	73.4584	4.26	1.61800	25.50	63.33
19	-43.2070	1.17	1.80518	25.50	25.42
20	Infinity	d20		29.26	
21	AS	1.30		24.511
22	27.8674	7.05	1.49700	28.78	81.54
23	-58.7589	0.15		28.78	
24	34.5685	2.57	1.65412	24.18	39.68
25	84.5573	1.80		21.17
26	-50.7158	1.10	1.90366	21.17	31.31
27	23.9830	5.21	1.49700	21.68	81.54
28	-62.4364	2.80		21.68	
29	452.2104	3.76	1.80518	21.12	25.42
30	-23.3710	0.96	1.58913	21.24	61.13
31	39.4316	2.48		19.71
32	-40.8960	1.00	1.80100	19.71	34.97
33	60.1440	3.97		21.46	
34	53.0700	5.36	1.80000	26.36	29.84
35	-37.6531	4.95		26.36	
36	49.5305	6.46	1.48749	25.84	70.24
37	-26.0930	1.31	1.80518	25.84	25.42
38	-92.8937	4.40		29.42	
39	-27.4751	1.26	1.91082	27.22	35.25
40	-40.9228	2.50		29.32	

41	82.3854	0.90	1.88300	21.49	40.76
42	19.0130	5.16	1.62004	19.42	36.26
43	-33.9161	2.50		19.42
44	-34.6013	0.91	1.88300	18.41	40.76
45	17.9890	4.15	1.74077	18.92	27.79
46	-132.7745	2.20		18.92
47	-31.1833	0.93	1.88300	19.02	40.76
48	53.4860	5.29	1.57501	21.42	41.50
49	-20.9775	0.10		21.42
50	-24.9990	0.91	1.90043	20.42	37.37
51	-264.6340	0.20		23.38
52	31.0672	7.34	1.67300	25.06	38.15
53	-24.6320	1.00	2.00069	25.06	25.46
54	-69.0128	23.596		27.13

55	CG	2.850	1.51633	29.74	64.14
56	CG	0.001		29.74	
[figure]
source	Data/US010197893_Figure05P.png
originX	6.01
originY	148.63
ppmm	2.734
[notes]
