[descriptive data]
title	US 10,073,255 Example 4 (Olympus M.Zuiko ED 17mm F1.2 Pro)
[constants]
[variable distances]
Focal Length	16.67	16.65	16.39
Angle of View	67.55	67.60	67.51
F-Number	1.24	1.24	1.25
Image Height	21.62	21.78	21.58
Total Length	undefined	undefined	undefined
Magnification	0	-0.02	-0.15
d0	Infinity	813.34	94.99
d22	1.98	2.34	4.65
d25	7.57	7.21	4.91
Bf	0	0	0
Aperture Diameter	28.98	28.98	28.98
[lens data]
1	34.060	2.48	1.48749	36.84	70.23
2	15.890	6.27		28.80	
3	36.526	2.50	1.49700	28.64	81.61
4	14.421	4.13		24.62	
5	40.489	5.59	2.00100	24.88	29.13
6	-40.489	1.30	1.60342	24.08	38.03
7	21.327	5.94		20.34	
8	-18.152	1.50	1.67300	20.24	38.15
9	51.277	4.81	1.59282	23.74	68.63
10	-51.277	0.24		25.58	
11	-86.319	4.02	1.76200	27.58	40.10
12	-27.680	1.00		27.58	
13	AS	1.50		28.98
14	48.618	7.37	1.59282	32.22	68.63
15	-48.618	0.20		32.22	
16	76.695	1.59	1.84666	31.02	23.78
17	45.653	5.54	1.43700	30.26	95.10
18	-94.330	0.20		30.26	
19	81.029	2.49	1.74320	28.50	49.34
20	38.257	2.66		26.76	
21	51.308	8.63	1.49700	27.08	81.61
22	-26.655	d22		27.08	
23	247.923	2.14	1.85025	21.84	30.05
24	-99.447	1.00	1.66680	21.20	33.05
25	19.800	d25		19.22	
26	29.883	5.18	1.59282	23.16	68.63
27	-53.477	11.00		23.16	
28	CG	4.11	1.51633	22.90	64.14
29	CG	2.05		22.90	
[aspherical data]
3	36.526	0	6.39453E-06	-5.82819E-08	1.46593E-10
4	14.421	-0.828	2.81137E-05	-6.66953E-08	2.46322E-13
19	81.029	0	-3.96187E-07	1.84354E-08	-1.16042E-10
20	38.257	0	1.87054E-05	8.61743E-08	-4.73479E-11
21	51.308	0	1.05728E-05	7.42740E-08	-4.38814E-11
22	-26.655	0	1.35526E-05	-2.20924E-08	-2.06785E-11
[figure]
source	Data/US010073255_Figure04P.png
originX	15.61
originY	329.94
ppmm	16.157
[notes]
Bill: Patent AD checks nicely.
Aperture Diameter(m)	28.964
