[descriptive data]
title	US 10,571,651 Example 1 (Canon TS-E50mm f2.8L Macro)
[constants]
[variable distances]
Focal Length	51.40	50.30
Angle of View	66.40	66.40
F-Number	2.88	4.00
Image Height	67.26	67.26
Total Length	153.42	178.54
Magnification	0	-0.5
d0	Infinity	94.30
d6	1.01	6.84
d10	7.61	1.78
Bf	55.96	81.07
[lens data]
1	53.017	2.60	1.59270	49.6	35.3
2	24.876	13.45		40.9	
3	-140.440	2.20	1.59270	40.2	35.3
4	46.402	5.97		38.6	
5	49.736	9.35	1.74950	39.6	35.3
6	-124.558	d6		39.8	
7	71.410	2.00	1.65412	38.8	39.7
8	28.981	6.90		32.3	
9	33.591	5.00	1.85478	32.0	24.8
10	83.690	d10		31.0	
11	79.836	8.40	1.49700	28.3	81.5
12	-25.138	1.90	1.80000	27.8	29.8
13	-37.507	0.20		28.1	
14	40.000	7.20	1.61800	25.5	63.4
15	-40.000	1.30	1.65412	23.5	39.7
16	30.497	4.44		20.8	
17	AS	6.53		29.8	
18	-19.525	1.20	1.95375	17.6	32.3
19	139.306	5.50	1.49700	18.6	81.5
20	-20.756	0.40		21.0	
21	-477.536	4.30	2.00100	25.5	29.1
22	-43.800	Bf		27.1	
[figure]
source	Data/US010571651_Figure01P.png
originX	81.54
originY	128.38
ppmm	2.176
[notes]	
Bill: Patent diameters. d0 measured.
