[descriptive data]
title	US 10,191,246 Example 1 (Fujifilm Fujinon GF32-64mm F4 R LM WR)
[metadata]
[constants]
AsphericalOddCount	7
[variable distances]
Focal Length	32.93	45.27	62.24
Angle of View	79.4	61.0	46.4
F-Number	4.12	4.12	4.12
Image Height	54.78	54.78	54.78
Total Length	undefined	undefined	undefined
Magnification	0	0	0
d0	Infinity	Infinity	Infinity
d3	0.63	7.56	21.06
d11	13.58	6.61	1.73
d21	2.11	3.56	4.97
d25	1.00	10.85	18.98
Bf	0	0	0
Aperture Diameter	14.930	17.587	19.969
[lens data]
1	72.8512	1.7000	1.89286	64.60	20.36
2	50.7400	7.9000	1.83481	60.76	42.72
3	169.0838	d3		55.06	
4	91.2814	1.3500	1.81600	45.20	46.62
5	20.5810	0.4900	1.51876	35.15	54.04
6	18.5803	13.2600		35.15
7	-69.4164	1.2400	1.54072	28.40	47.23
8	34.4260	5.3800	1.85478	30.74	24.80
9	-196.2662	7.2745		30.74	
10	-39.5658	1.2000	1.63930	25.68	44.87
11	-103.4169	d11		20.80	
12	22.2321	6.0800	1.43875	24.32	94.66
13	-49.9058	1.9073		24.32	
14	AS	3.9900		14.930
15	-162.4825	1.9600	1.58313	23.76	59.38
16	263.0760	2.5200		23.76	
17	Infinity	1.3000	1.69895	23.36	30.13
18	51.9325	3.1846		19.20	
19	50.4139	1.4200	1.53172	26.08	48.84
20	28.2600	8.2600	1.49700	26.08	81.54
21	-20.8423	d21		22.88	
22	78.5812	4.8500	1.58313	31.06	59.38
23	37.6117	13.4200		24.24	
24	-17.4832	1.2000	1.85026	29.02	32.27
25	-26.0440	d25		33.52	
26	-100.9926	5.2700	1.91082	51.40	35.25
27	-47.4212	25.8035		51.40	
28	CG	3.2500	1.51680	57.42	64.20
29	CG	0.0000		57.42	
[aspherical data]
6	18.5803	-0.36085393	0	-3.9131873E-06	4.5804164E-06	-3.1297225E-06	9.4449056E-07	-1.5568669E-07	1.4171414E-08	-5.7106822E-10	-7.9068908E-12	1.1114447E-12	5.8869099E-14	-8.6533992E-15	3.3406257E-16	-4.5375705E-18
15	-162.4825	1.0444902	0	-5.2024485E-05	-2.7661214E-06	7.5084016E-07	1.2757000E-08	-2.0219615E-08	2.7042830E-09	-7.6987177E-11	-1.4247514E-11	2.2494370E-12	-3.0551706E-13	3.2364995E-14	-1.7933891E-15	3.8285431E-17
16	263.0760	-5.8176737	0	-8.6421047E-06	-1.6968009E-06	1.3758671E-07	2.3656995E-07	-4.9230907E-08	8.3812853E-10	1.1346146E-09	-1.7021691E-10	3.7163422E-12	1.5386536E-12	-1.9495772E-13	1.0133432E-14	-2.0715032E-16
22	78.5812	-4.5044309	0	7.4535777E-06	-9.1821053E-07	-2.4598177E-08	2.3689478E-08	3.7426690E-10	-3.6042983E-10	1.7103438E-13	6.4767682E-12	-8.0354289E-13	4.7122771E-14	-1.2339622E-15	-4.4927986E-18	6.6243103E-19
23	37.6117	-0.60980294	0	1.1844063E-05	-2.2795946E-06	2.0258403E-07	4.9969989E-08	-1.4814706E-08	1.3215336E-09	8.2362757E-11	-2.5026104E-11	1.3313954E-12	6.5305118E-14	-9.6886207E-15	3.6316399E-16	-4.4122167E-18
[figure]
source	Data/US010191246_Figure01WP.png
originX	6.34
originY	151.55
ppmm	2.772
[notes]
Bill: Patent supplies di3, di7, di11, di18, di21, and di23.
