[descriptive data]
title	US 10,107,992 Example 4 (Olympus M.Zuiko ED 300mm F4.0 IS Pro)
[constants]
[variable distances]
Focal Length	291.00	undefined
F-Number	4.08	undefined
Angle of View	4.27	undefined
Image Height	21.64	21.64
Total Length	242.64	242.64
Magnification	0	-0.23746
S	Infinity	1400
d0	Infinity	1156
d12	20.300	37.137
d15	23.990	7.153
Bf	32.890	32.890
[lens data]
1	84.042	10.54	1.48749	72.98	70.23
2	355.169	45.98		72.98	
3	117.315	3.20	1.73400	55.06	51.47
4	50.625	9.17	1.43875	52.00	94.93
5	436.317	1.00		52.00	
6	62.921	10.37	1.43875	49.08	94.93
7	-126.963	3.06	1.80610	47.90	40.92
8	220.101	23.97		47.90	
9	77.092	2.61	1.73400	36.98	51.47
10	39.084	7.18	1.54814	35.60	45.79
11	-608.540	3.53		35.60	
12	AS	d12		31.053
13	785.048	2.10	1.80810	21.10	22.76
14	-97.884	0.80	1.71300	20.48	53.87
15	30.770	d15		19.44	
16	35.022	5.52	1.43875	22.76	94.93
17	-88.540	3.94		22.76	
18	272.276	2.45	1.92286	20.58	20.88
19	-57.482	0.90	1.61800	20.40	63.40
20	22.993	3.96		20.40	
21	-35.578	0.90	1.69680	20.40	55.53
22	47.710	3.28		20.40	
23	55.325	8.11	1.74951	24.28	35.33
24	-23.482	1.80	1.92286	24.28	20.88
25	-79.458	0.30		25.48	
26	55.293	8.49	1.59551	26.54	39.24
27	-27.707	2.30	1.92286	26.54	20.88
28	-47.799	29.45		27.30	
29	CG	4.00	1.51633	30.90	64.14
30	CG	0.80		30.90	
[figure]
source	Data/US010107992_Figure02BP.png
originX	104.19
originY	86.88
ppmm	1.733
[notes]
Bill: Compute d0 from S and measure m.
