[descriptive data]
title	US 10,247,926 Example 6 (Canon EF16-35mm f4L IS USM)
[constants]
[variable distances]
Focal Length	16.48	23.72	34.13
Angle of View	105.4	84.74	64.74
F-Number	4.10	4.10	4.10
Image Height	43.28	43.28	43.28
Total Length	155.12	149.11	153.61
Magnification	0	0	0
d0	Infinity	Infinity	Infinity
d8	27.61	11.87	1.95
d15	1.48	4.36	7.45
d23	7.16	4.27	1.18
d29	0.00	9.74	24.16
Bf	39.00	39.00	39.00
Aperture Diameter	13.532	16.057	20.117
[lens data]
1	238.186	3.00	1.69350	48.16	53.18
2	18.288	8.96		35.38	
3	-283.923	2.00	1.85135	33.96	40.10
4	45.762	6.08		29.26	
5	-48.208	1.20	1.59282	29.48	68.63
6	54.748	0.15		29.80	
7	39.219	7.34	1.66565	30.46	35.64
8	-49.667	d8		30.46	
9	34.186	1.00	1.91082	20.62	35.25
10	18.284	5.10	1.67003	20.62	47.23
11	-472.910	6.15		20.62	
12	AS	1.84		13.532
13	32.593	1.00	1.84666	21.82	23.93
14	22.764	5.26	1.48749	21.82	70.23
15	-61.448	d15		21.82	
16	FS	1.51		18.25
17	63.346	2.24	1.84666	18.34	23.78
18	-68.675	0.80	1.88300	18.34	40.76
19	25.377	3.18		16.42	
20	-21.957	0.80	1.91082	16.42	35.25
21	-72.073	0.15		18.28	
22	77.379	2.10	1.80810	19.16	22.76
23	-89.198	d23		19.16	
24	23.686	7.76	1.43875	27.56	94.66
25	-80.530	0.15		27.56	
26	48.782	1.20	2.00100	27.82	29.13
27	22.277	8.80	1.49700	27.82	81.54
28	-46.752	2.10	1.85400	27.82	40.39
29	-66.921	d29		27.82	
30	FS	Bf		27.82	
[aspherical data]
1	238.186	0	1.26751E-05	-2.77055E-08	5.49428E-11	-5.55796E-14	2.69150E-17
2	18.288	-0.587708	-7.77802E-06	-1.13780E-08	-1.16266E-10	1.36206E-13	
3	-283.923	0	-2.54676E-06	-4.53702E-08	2.11119E-10	-2.53349E-13	
4	45.762	-12.4896	3.51162E-05	-6.21387E-08	3.34084E-10	-9.25407E-14	
29	-66.921	13.1413	2.29275E-05	3.23228E-08	1.42688E-10	-4.37782E-13	2.70504E-15
[figure]
source	Data/US010247926_Figure11AP.png
originX	36.45
originY	125.02
ppmm	2.816
[notes]
Bill: r23 sign was reversed. d12 is not variable; reapired using Total Length.
