[descriptive data]
title	US 10,545,321 Example 4 (Tamron SP 150-600mm F/5-6.3 Di VC USD)
[constants]
[variable distances]
Focal Length	152.1633	297.4851	582.5200	undefined	undefined	undefined
Angle of View	15.8872	8.1420	4.1564	undefined	undefined	undefined
F-Number	4.99224	5.87742	6.53711	undefined	undefined	undefined
Image Height	43.2	43.2	43.2	43.2	43.2	43.2
Total Length	undefined	undefined	undefined	undefined	undefined	undefined
Magnification	0	0	0	-0.05879	-0.11063	-0.21045
d0	Infinity	Infinity	Infinity	2399.28	2352.02	2320.84
d6	64.0000	111.2643	142.4400	64.0000	111.2643	142.4400
d16	34.0551	23.2139	2.0400	34.0551	23.2139	2.0400
d29	27.7980	17.1857	24.0639	26.1916	13.2535	12.8804
d36	13.6386	8.2816	2.5000	15.2450	12.2138	13.6835
d42	51.0000	77.8106	97.8880	51.0000	77.8106	97.8880
Bf	0	0	0	0	0	0
[lens data]
1	426.3567	3.0000	1.83400	93.70	37.34
2	159.9066	0.0200	1.56732	93.70	42.84
3	159.9066	10.0500	1.49700	93.70	81.61
4	-684.4955	0.3000		93.70	
5	140.0775	9.1000	1.49700	90.72	81.61
6	8733.4134	d6		90.72	
7	558.1944	4.4000	1.80518	37.16	25.46
8	-61.1413	0.0100	1.56732	37.16	42.84
9	-61.1413	1.6000	1.72916	37.16	54.67
10	177.9802	2.6000		37.16	
11	583.7869	1.5000	1.80450	33.96	39.64
12	50.6562	0.0100	1.56732	33.96	42.84
13	50.6562	3.4000	1.80518	33.96	25.46
14	142.9473	3.7000		33.96	
15	-73.8510	1.5000	1.90366	33.12	31.31
16	515.2175	d16		33.12	
17	432.7323	4.1000	1.49700	34.86	81.61
18	-112.9310	0.2000		34.86	
19	73.5789	5.2184	1.48749	34.30	70.44
20	-95.0713	0.2000		34.30	
21	87.0854	5.1506	1.48749	33.22	70.44
22	-66.1655	0.0100	1.56732	33.22	42.84
23	-66.1655	1.5000	1.90366	33.22	31.31
24	-710.1255	12.5500		33.22	
25	-236.4657	0.9000	1.74400	28.84	44.79
26	27.5546	0.0100	1.56732	28.84	42.84
27	27.5546	4.1589	1.80610	28.84	33.27
28	99.2354	4.5500		28.84	
29	AS	d29		24.880
30	65.1174	4.1342	1.51742	26.26	52.15
31	-65.1174	0.2000		26.26	
32	50.5972	5.4000	1.51823	25.84	58.96
33	-48.1430	0.0100	1.56732	25.84	42.84
34	-48.1430	1.3000	1.90366	25.84	31.31
35	1899.0359	d36		25.84	
37	113.8672	2.2800	1.83481	23.82	42.72
38	25.8597	6.9561		23.82	
39	-55.4034	1.3000	1.48749	27.48	70.44
40	29.6386	0.0100	1.56732	27.48	42.84
41	29.6386	5.9000	1.72047	27.48	34.71
42	-175.0744	d42		27.48	
43	CG	2.0000	1.51680	45.72	64.20
44	CG	1.0000		45.72	
[figure]
source	Data/US010545321_Figure13P.svg
originX	42.07
originY	255.45
ppmm	4.493
[notes]
Bill: Magnification measured. Removed superfluous s36
