[descriptive data]
title	US 10,690,896 Example 1 (Nikon AF-P DX Nikkor 18-55mm f/3.5-5.6G VR)
[constants]
[variable distances]
Focal Length	18.50	35.00	53.40
Angle of View	80.60	45.84	30.70
F-Number	3.64	4.62	5.88
Image Height	28.50	28.50	28.50
Total Length	134.86	128.74	136.72
Magnification	0	0	0
d0	Infinity	Infinity	Infinity
d6	33.51	11.32	3.41
d8	6.23	7.18	7.40
d10	2.96	2.00	1.78
d16	1.70	5.67	9.57
d19	9.07	5.10	1.20
Bf	43.85	59.92	75.82
Aperture Diameter	13.647	15.039	15.787
[lens data]
1	80.72	2.00	1.58913	40.06	61.22
2	18.88	0.17	1.56093	32.18	36.64
3	17.05	9.35		31.72
4	240.48	1.40	1.62299	31.42	58.12
5	17.63	5.00	1.84666	27.28	23.80
6	32.74	d6		27.28
7	164.19	1.65	1.48749	17.16	70.31
8	-48.23	d8		17.16
9	-30.49	0.80	1.77250	15.46	49.62
10	-87.64	d10		15.46	
11	46.43	3.05	1.48749	16.92	70.31
12	-31.99	0.10		16.92	
13	25.50	4.20	1.48749	16.96	70.31
14	-25.50	0.80	1.84666	16.68	23.80
15	-60.79	0.75		16.68
16	AS	d16		13.647
17	-43.88	2.27	1.75520	13.72	27.57
18	-13.90	0.80	1.70154	13.72	41.02
19	38.98	d19		13.72	
20	81.93	1.30	1.52444	14.48	56.21
21	91.62	1.60		14.48	
22	-179.92	2.30	1.51680	15.46	63.88
23	-21.95	Bf		15.46	
[aspherical data]
3	17.05	-1	1.43618E-05	3.23919E-08	-6.25295E-11	2.95784E-13
21	91.62	-1	2.43150E-05	-6.35221E-09	2.24760E-10	-3.95108E-12
[figure]
source	Data/US010690896_Figure01P.png
originX	10.98
originY	166.88
ppmm	5.157
[notes]
Bill: Construction diagram is intermediate focal length focused closer than infinity.
