[descriptive data]
title	US 10,168,507 Example 4 (Fujifilm Fujinon XF50mm F2 R WR)
[constants]
AsphericalOddCount	9
[variable distances]
Focal Length	48.52	47.79
Angle of View	32.2	31.4
F-Number	2.06	2.10
Image Height	28.4	28.4
Magnification	0	-0.04861
d0	Infinity	1000
d12	1.80	3.51
d14	9.73	8.02
Bf	0	0
[lens data]
1	37.768	4.10	1.74400	28.04	44.9
2	-413.561	0.61		23.21
3	25.981	3.64	1.74400	24.00	44.9
4	47.487	1.25		21.58
5	Infinity	1.05	1.63980	22.00	34.5
6	16.956	4.48		18.42	
7	AS	2.31		17.459
8	927.947	3.31	1.49710	20.05	81.6
9	-26.222	0.90		20.05
10	-20.050	2.01	1.68893	18.02	31.2
11	20.050	5.62	1.88300	19.96	39.2
12	-25.848	d12		19.96	
13	715.279	0.90	1.48749	19.16	70.2
14	18.627	d14		15.52	
15	-164.932	1.18	1.54072	19.68	47.2
16	24.218	5.97	1.72916	23.90	54.7
17	-44.857	20.28		23.90	
18	CG	2.85	1.51742	40.18	52.4
19	CG	1.10		40.18	
[aspherical data]
8	927.947	0	0	3.83019E-05	-3.64486E-05	1.04932E-05	-1.02376E-06	-6.02244E-08	9.16082E-09	1.10921E-09	4.80971E-12	-1.36186E-11	-1.27980E-12	-5.10890E-14	1.52556E-14	2.19198E-15	9.42675E-17	-1.52178E-17	-4.11781E-18	2.98266E-19
9	-26.222	0	0	6.01013E-05	-3.54957E-05	1.12054E-05	-1.44317E-06	1.67985E-09	1.14919E-08	4.60187E-10	-6.26534E-11	-1.10665E-11	-2.78187E-13	3.65356E-14	1.31258E-14	2.00085E-16	1.33604E-17	-8.90148E-18	-1.06155E-18	9.96009E-20
[figure]
source	Data/US010168507_Figure04P.png
originX	114.61
originY	163.50
ppmm	6.257
[notes]
Bill: Magnification measured.
