[descriptive data]
title	US 10,191,254 Example 10 (Sony FE 28mm F2)
[constants]
[variable distances]
Focal Length	28.2
Angle of View	76.54
F-Number	2.06
Image Height	43.26
Magnification	0
d0	Infinity
Bf	0
[lens data]
1	72.567	1.400	1.487489	28.36	70.4
2	15.271	10.231		21.84
3	-17.441	0.800	1.581440	18.66	40.9
4	-1782.041	0.200		20.42	
5	36.075	1.000	1.846663	23.82	23.8
6	26.243	6.348	1.496997	23.82	81.6
7	-27.198	0.200		23.82	
8	33.775	5.458	1.772502	25.14	49.5
9	-39.765	2.300		22.60	
10	AS	2.300		20.588
11	44.681	1.000	1.583130	21.02	59.5
12	18.127	8.871		18.32	
13	-44.784	3.142	1.583130	21.46	59.5
14	-19.714	2.428		19.10	
15	-137.164	5.845	1.496997	25.74	81.6
16	-19.682	5.367		25.74	
17	-32.556	1.300	1.846663	23.32	23.8
18	250.000	15.309		28.14	
19	CG	2.500	1.516798	44.90	64.2
20	CG	1.000		44.90	
[aspherical data]
8	33.775	0	-4.52E-06	-4.73E-08	4.64E-10	-3.50E-13
9	-39.765	0	1.82E-05	-6.29E-08	5.57E-10	-6.15E-13
11	44.681	0	-5.29E-05	3.38E-07	-1.35E-09	
12	18.127	0	-5.19E-05	3.65E-07	-1.30E-09	-3.70E-12
13	-44.784	0	0	3.09E-07	-8.76E-10	1.10E-12
14	-19.714	0	2.68E-05	2.47E-07		
[figure]
source	Data/US010191254_Figure10P.png
originX	21.95
originY	178.92
ppmm	5.303
[notes]
Bill: Repaired a13 A4 0.00E+00->-5.61E-05 but that didn't converge. Angle of View is off.
