[descriptive data]
title	US 2011/0286106 Example 1 (Sony E PZ 18-200 mm F3.5-6.3 OSS)
[constants]
[variable distances]
Focal Length	18.4671	69.9995	193.7966	18.1576	60.2317	105.9540
Angle of View	78.47	undefined	8.20	undefined	undefined	undefined
F-Number	3.57	5.60	6.47	3.58	5.71	7.22
Image Height	28.4	28.4	28.4	28.4	28.4	28.4
Magnification	0	0	0	-0.04497	-0.16030	-0.34913
d0	Infinity	Infinity	Infinity	384.980	349.241	310.197
d5	1.0000	34.0712	64.3105	1.0000	34.0712	64.3105
d14	25.4255	6.3450	1.7000	25.4255	6.3450	1.7000
d25	1.4000	4.7187	1.4999	1.6487	6.5210	9.1651
d29	9.5946	6.2759	9.4947	9.3459	4.4736	1.8296
Bf	18.3076	40.0562	53.5093	18.3076	40.0562	53.5093
[lens data]
1	140.6286	1.5000	1.90366	53.28	31.31
2	72.7778	7.2029	1.49700	51.90	81.61
3	-395.7178	0.2000		51.90	
4	61.5306	5.5571	1.61800	50.68	63.39
5	221.7716	d5		50.68	
6	90.6266	0.2000	1.51460	25.14	49.96
7	60.6266	1.2000	1.90366	25.14	31.31
8	13.8208	7.5749		19.56	
9	-21.7485	0.9000	1.83481	17.92	42.72
10	240.9339	0.2000		17.92	
11	52.2290	3.5618	1.92286	17.92	20.88
12	-28.3941	1.5245		17.92	
13	-17.8390	0.8000	1.83481	17.92	42.72
14	-33.0000	d14		17.92	
15	AS	1.0000		14.721
16	18.4782	4.0353	1.61881	15.86	63.85
17	-48.5651	0.7167		15.86	
18	41.8835	0.9000	1.77250	15.32	49.62
19	22.8773	2.9125		15.32	
20	33.2873	3.3000	1.59201	14.52	67.02
21	-25.5242	0.8000	1.84666	14.52	23.78
22	-41.3225	0.5260		15.42	
23	265.5713	0.8000	1.90366	14.62	31.31
24	14.7745	4.4219	1.51742	13.86	52.15
25	-21.3443	d25		13.86	
26	-1799.6857	2.2000	1.72825	13.10	28.32
27	-20.2692	0.7000	1.69680	12.34	55.46
28	16.8599	0.2500	1.51460	12.34	49.96
29	18.1394	d29		12.34	
30	24.6924	4.7278	1.48749	18.72	70.44
31	-34.7332	0.5818		18.72	
32	-25.1727	1.0000	1.83481	18.72	42.72
33	-195.8334	Bf		19.90	
[aspherical data]
6	90.6266	0	2.00246E-05	-4.07575E-08	1.35108E-10	2.54007E-13
16	18.4782	-1.6765	1.73663E-05	-1.78587E-09	1.55565E-09	5.28154E-12
17	-48.5651	0	4.00586E-05	-8.57830E-08	2.49011E-09	-1.89872E-13
20	33.2873	0	-1.59299E-05	4.84995E-08	-1.30605E-09	9.03492E-12
29	18.1394	0	-2.10416E-05	1.08897E-07	-6.52540E-09	5.29800E-11
[figure]
source	Data/US20110286106_Figure01WP.png
originX	18.63
originY	67.64
ppmm	1.685
[notes]
Bill: Measured Magnification.
