[descriptive data]
title	US 2014/0133036 Example 1 (Fujifilm Fujinon 7.1-28.4mm F2.0-2.8 Super EBC (X10))
[constants]
AsphericalOddCount	5
[variable distances]
Focal Length	7.34	14.25	27.68
Angle of View	79.65	41.74	21.99
F-Number	2.05	2.36	2.89
Image Height	11.00	11.00	11.00
Magnification	0	0	0
d0	Infinity	Infinity	Infinity
d3	0.40	9.03	16.30
d9	19.85	8.57	1.70
d19	6.77	10.00	18.20
d21	4.10	5.55	4.65
d23	0.61	0.61	0.63
Bf(p)	6.12	7.57	6.69
Bf	0	0	0
[lens data]
1	38.6302	1.11	1.945945	28.22	17.98
2	26.9760	4.30	1.834807	26.36	42.72
3	371.8467	d3		26.36	
4	66.7099	1.00	1.882997	19.36	40.76
5	8.4132	4.80		13.68
6	-19.0605	1.00	1.583129	13.68	59.37
7	55.6768	0.40		14.02	
8	24.9067	2.50	1.922860	14.56	20.88
9	-499.8687	d9		14.56	
10	AS	0.85		9.763
11	14.2177	2.50	1.803603	12.82	40.28
12	-250.1461	0.10		12.82	
13	10.0090	3.41	1.592824	10.74	68.62
14	-20.8840	0.70	1.698947	11.40	30.13
15	7.4062	2.10		8.06
16	-10.0000	0.90	1.803603	8.06	40.28
17	-20.4609	0.10		8.06
18	27.8958	2.90	1.496999	10.42	81.54
19	-10.0111	d19		10.42	
20	14.4956	2.80	1.487490	14.02	70.24
21	34.9421	d21		14.02	
22	CG	2.14	1.516798	11.40	64.20
23	CG	0.61		11.40	
[aspherical data]
6	-19.0605	-5.148111	1.150223E-03	-6.585878E-04	1.685927E-04	-1.904884E-06	-5.155217E-06	4.256246E-08	1.426374E-07	-1.188533E-08		
7	55.6768	-10.950295	9.646437E-04	-4.885791E-04	1.432608E-04	-3.875323E-06	-4.241185E-06	9.597971E-08	1.081173E-07	-9.188089E-09		
11	14.2177	2.660046	-4.036084E-05	-5.899152E-05	-3.723504E-05	1.055957E-05	-9.760767E-07	-4.976513E-07	1.682713E-07	-2.503631E-08	2.157418E-09	-1.060850E-10
16	-10.0000	-9.971192	-7.781902E-04	-8.305061E-04	-2.230827E-05	-1.358257E-05	1.334413E-05	2.007369E-06	-1.003647E-06	-1.949607E-07	8.686077E-08	-7.236734E-09
17	-20.4609	-6.65845	-8.424122E-04	7.988741E-04	-2.765325E-04	4.453843E-05	2.895206E-06	3.897227E-07	-7.739047E-07	1.551732E-07	-1.172742E-08	3.933323E-10
[figure]
source	Data/US20140133036_Figure01P.png
originX	9.75
originY	70.11
ppmm	4.679
[notes]
