[descriptive data]
title	US 2019/0086648 Example 2 (TH Swiss Irix 11mm f/4.0)
[constants]
[variable distances]
Focal Length	11.4752	undefined
Angle of View	125.776	123.040
F-Number	4.010	4.307
Image Height	43.4	43.4
Total Length	undefined	undefined
Magnification	0	-0.07533
d0	Infinity	132.3182
d15	4.1385	1.8175
d27	38.0127	40.3337
d29	0.5410	0.4449
d30	-0.0410	0.0551
Bf	0	0
[lens data]
1	51.085	4.50	1.51680	77.62	64.20
2	35.751	1.98		61.12
3	37.644	4.00	1.84666	61.96	23.78
4	25.400	10.31		47.24
5	50.872	4.50	1.51680	49.19	64.20
6	21.453	1.08		34.82
7	22.800	3.00	1.68900	36.33	52.80
8	10.381	15.15		28.37	
9	38.762	3.00	1.68900	22.12	52.80
10	22.614	4.51		16.89
11	22.404	5.00	1.59270	13.43	35.45
12	-10.328	1.50	1.77250	13.43	49.62
13	23.944	3.40	1.71736	13.93	29.50
14	-124.212	2.00		14.36
15	AS	d15		8.934
16	54.249	1.50	1.90366	13.12	31.31
17	11.817	5.30	1.71736	13.12	29.50
18	-12.523	1.50	1.90366	13.57	31.31
19	Infinity	0.10		15.36	
20	31.365	5.90	1.68900	18.32	52.80
21	-14.263	0.18		18.32
22	-43.893	1.60	1.90366	18.62	31.31
23	26.242	5.40	1.43875	23.24	94.96
24	-235.496	0.10		22.12
25	53.239	1.60	1.90366	26.74	31.31
26	24.371	10.60	1.45650	26.22	90.27
27	-20.310	d27		26.22	
28	CG	2.50	1.51680	45.06	64.20
29	CG	0.50		45.06	
[aspherical data]
8	10.381	-1.16357				
9	38.762	2.91586	-6.96482E-05	1.07311E-06	-5.11962E-09	5.49903E-12
10	22.614	0.055	-5.63447E-05	1.17687E-06	-6.04906E-09	-3.52658E-11
20	31.365	2.76265	-2.69072E-05	2.03146E-07	-2.62322E-09	7.12078E-12
21	-14.263	-2.67095	-5.35187E-05	2.89171E-07	-9.97322E-10	-4.96553E-12
[figure]
source	Data/US20190086648_Figure02P.png
originX	89.42
originY	233.61
ppmm	5.378
[notes]
