[descriptive data]
title	US 2014/0132830 Example 1 (Panasonic Lumix G X Vario PZ 45-175mm F4.0-5.6 Asph Power OIS)
[constants]
[variable distances]
Focal Length	45.1684	87.7062	167.2377
Angle of View	27.0738	13.7986	7.2604
F-Number	4.15704	5.44688	5.83639
Image Height	21.6300	21.6300	21.6300
Total Length	107.5269	107.5266	107.5268
Magnification	0	0	0
d0	Infinity	Infinity	Infinity
d5	1.9704	15.2517	26.9947
d10	25.7814	12.5001	0.7571
d19	2.9764	6.2268	2.1414
d21	23.0885	17.7935	19.9087
d23	1.6369	3.6816	5.6518
Bf	14.60331	14.60288	14.60312
Aperture Diameter	16.008	12.198	10.798
[lens data]
1	44.277	4.20	1.48749	31.76	70.4
2	Infinity	0.20		31.76	
3	38.426	1.20	1.80100	29.66	35.0
4	23.093	6.00	1.49700	27.38	81.6
5	139.112	d5		27.38	
6	400.000	0.60	1.80450	15.24	39.6
7	12.142	2.00	1.92286	13.94	20.9
8	25.500	1.81		13.94	
9	-43.775	0.60	1.80420	13.40	46.5
10	67.773	d10		13.32	
11	17.735	4.20	1.80755	18.56	40.9
12	-396.274	2.00		18.56	
13	AS	1.70		16.008
14	75.477	0.60	1.90366	15.86	31.3
15	11.835	3.20	1.49700	15.06	81.6
16	55.716	0.76		15.06	
17	21.353	3.60	1.58250	14.80	59.4
18	-21.353	0.60	1.75520	14.46	27.5
19	-34.727	d19		14.46	
20	44.246	0.50	1.72916	11.90	54.7
21	15.083	d21		11.90	
22	-16.274	0.70	1.72916	16.92	54.7
23	-74.534	d23		16.92	
24	-147.971	3.00	1.84666	20.64	23.8
25	-23.425	Bf		20.64	
[aspherical data]
11	17.735	0	-8.98800E-06	-4.12000E-08	1.29600E-10	-1.17900E-11
12	-396.274	0	1.41500E-05	-1.88800E-08	-1.01700E-09	-3.78100E-12
17	21.353	0	-1.87500E-05	-7.53000E-08	2.31200E-10	1.93800E-13
[figure]
source	Data/US20140132830_Figure01aP.png
originX	22.30
originY	188.07
ppmm	5.546
[notes]
