[descriptive data]
title	US 2017/0315337 Example 1 (Nikon AF-S Nikkor 70-200mm f/4G ED VR)
[constants]
[variable distances]
Focal Length	71.4	135.0	194.0
Angle of View	34.8	17.8	12.4
F-Number	4.1	4.1	4.1
Image Height	43.2	43.2	43.2
Total Length	218.3	218.3	218.3
Magnification	0	0	0
d0	Infinity	Infinity	Infinity
d7	2.435	27.748	37.096
d15	25.093	13.529	1.423
d18	15.877	2.127	4.886
Bf	63.693	63.693	63.693
[lens data]
1	140.3879	3.25	1.48749	56.06	70.31
2	399.4846	16.2331		56.06	
3	151.1551	2.00	1.90366	54.42	31.27
4	77.3360	6.20	1.49782	49.62	82.57
5	-417.8459	0.10		49.62	
6	72.3229	5.20	1.49782	48.42	82.57
7	810.3397	d7		48.42	
8	-398.4538	1.30	1.83481	27.24	42.73
9	49.6681	3.90		26.46	
10	-83.0944	1.25	1.61800	27.24	63.34
11	54.6110	2.55	1.84666	27.24	23.80
12	399.8540	1.45		27.24	
13	-70.8083	1.25	1.72916	28.66	54.61
14	84.0230	2.15	1.84666	26.80	23.80
15	Infinity	d15		26.80	
16	204.9027	5.20	1.71700	28.46	47.98
17	-32.6310	1.40	1.90366	28.46	31.27
18	-73.6790	d18		28.46	
19	AS	0.40		27.843
20	49.2393	3.75	1.77250	29.68	49.62
21	Infinity	0.30		29.68	
22	35.5052	4.90	1.49782	27.50	82.57
23	-162.2410	1.85	1.90366	27.50	31.27
24	41.9940	14.35		25.72	
25	FS	0.50		24.08	
26	85.3575	4.00	1.80518	24.08	25.45
27	-47.5520	1.20	1.60311	23.14	60.69
28	54.4401	4.00		24.36	
29	-254.0256	1.20	2.00069	24.36	25.46
30	63.7889	3.90		24.38	
31	81.7216	4.00	1.58913	28.58	61.22
32	-81.7216	0.70		28.58	
33	77.7312	4.20	1.71999	29.02	50.27
34	-77.7312	6.50		29.02	
35	-41.7728	2.00	1.83400	27.44	37.18
36	-200.4805	Bf		28.74	
[figure]
source	Data/US20170315337_Figure01P.png
originX	9.22
originY	57.98
ppmm	1.411
[notes]
