[descriptive data]
title	US 2022/0011542 Example 1 (Fujifilm Fujinon XF18mm F1.4 R LM WR)
[constants]
AsphericalOddCount	7
[variable distances]
Focal Length	17.90	17.65
Angle of View	78.6	76.0
F-Number	1.44	1.54
Image Height	28.4	28.4
Magnification	0	-0.14624
d0	Infinity	109.90
d12	6.58	4.08
d22	6.72	9.22
Bf	0	0
[lens data]
1	42.5066	2.26	1.58313	37.26	59.46
2	14.3565	11.0287		28.48	
3	-100.1648	1.02	1.58313	27.34	59.46
4	18.6299	7.05	1.89190	24.76	37.13
5	-75.4980	0.97	1.48749	23.90	70.42
6	42.5062	4.8671		23.90	
7	-20.6733	3.28	1.58313	20.44	59.46
8	-13.9817	1.66	2.00069	20.44	25.43
9	-31.4975	0.30		24.40	
10	89.0372	4.11	1.95375	25.34	32.32
11	-38.4770	3.139		25.34	
12	AS	d12		22.938
13	28.6629	8.18	1.59282	24.04	68.62
14	-19.7999	0.91	1.85451	24.04	25.15
15	Infinity	0.4007		24.04	
16	Infinity	5.85	1.77250	22.14	49.61
17	-15.4540	1.09	1.85451	22.14	25.15
18	-209.9846	0.1389		22.96	
19	45.3596	4.16	2.00272	23.40	19.32
20	-45.3596	0.40		23.40	
21	16.1711	1.3856	1.80610	23.74	40.73
22	11.0173	d22		20.56	
23	363.2443	2.28	1.60300	23.70	65.46
24	-62.1067	0.92	1.84667	23.70	23.79
25	Infinity	8.4141		25.50	
26	CG	2.85	1.51680	28.76	64.20
27	CG	1.10		28.76
[aspherical data]
1	42.5066	2.8510739	0	8.2101298E-05	-9.5739997E-06	5.9588626E-07	-3.0455959E-08	-1.9480492E-09	4.0864450E-10	-1.4919699E-11	-1.8257720E-13	-2.7147724E-14	3.4618551E-15	-2.7227826E-18	-6.6705344E-18	1.4994304E-19
2	14.3565	-5.3296751	0	3.1069943E-04	-1.0193003E-05	-9.9029127E-07	7.4165898E-09	5.8171636E-09	1.7037688E-10	-1.6321215E-11	-1.4903567E-12	-2.8746210E-13	5.1753338E-14	-2.5285882E-15	4.0808858E-17	-8.7993111E-21
7	-20.6733	-4.0025899	0	-5.9789840E-05	4.0272162E-07	-1.2393722E-06	3.9428093E-07	-3.5102283E-08	-2.4364513E-09	3.7344047E-10	3.9820245E-11	-6.3260902E-12	-2.0073400E-13	7.3073525E-14	-4.4848603E-15	9.4036412E-17
21	16.1711	-6.0000027	0	-1.5689881E-05	-6.5802732E-06	-6.9255100E-07	1.4479909E-08	1.4122715E-08	-3.4964926E-10	-7.5590845E-11	6.1173246E-12	-9.6603698E-13	7.7251258E-14	1.1107596E-15	-3.0214962E-16	7.8465436E-18
22	11.0173	-2.4211109	0	3.0065970E-05	-1.9431301E-05	3.3138973E-06	-4.3716353E-07	2.8105186E-08	1.7441042E-09	-1.5417488E-10	-2.3068826E-11	1.2815061E-12	2.3110962E-13	-2.7371328E-14	1.2010839E-15	-2.1499728E-17
[figure]
source	Data/US20220011542_Figure01P.png
originX	31.53
originY	162.53
ppmm	3.941
[notes]
Bill: Measured Magnification and d0.
