[descriptive data]
title	US 2010/0194930 Example 2 (Panasonic Lumix G Vario 7-14mm F4.0 Asph)
[constants]
[variable distances]
Focal Length	7.2052	9.9040	13.6166
Angle of View	118.3526	97.5750	76.3306
F-Number	4.00224	3.85285	4.09430
Image Height	21.6300	21.6300	21.6300
Total Length	95.5329	90.8882	89.8292
Magnification	0	0	0
d0	Infinity	Infinity	Infinity
d9	19.1344	9.1208	1.8888
d13	1.9956	2.0689	1.2998
d23	2.5108	2.0100	1.8500
d25	5.1707	10.9634	18.0525
Bf	15.38680	15.39045	15.40348
P	19.8352	18.7716	17.6109
P'	-50.5737	-67.7646	-84.7428
H	26.2533	27.4959	29.3761
H'(p)	88.3277	80.9842	76.2125
H'	8.1816	5.4865	1.7868
Aperture Diameter	5.577	6.415	6.855
[lens data]
1	32.4702	2.0000	1.80420	48.97	46.5
2	20.0318	6.2737		36.01
3	28.5986	1.8000	1.80420	37.11	46.5
4	16.5700	2.7009		28.09
5	20.5213	1.7000	1.80800	30.27	40.9
6	11.4455	8.0725		23.43
7	-100.7502	1.0000	1.49700	25.56	81.6
8	19.5801	4.0041	1.80610	21.34	33.3
9	92.8867	d9		20.28	
10	18.8595	0.7000	1.74330	7.64	49.2
11	6.7434	2.2504	1.67270	7.64	32.2
12	116.2534	1.8956		7.64	
13	AS	d13		5.577
14	595.9506	0.7000	1.84666	9.06	23.8
15	13.8268	2.3462	1.51680	9.06	64.2
16	-21.1265	1.3208		9.72
17	-9.7039	0.8000	1.51680	8.66	64.2
18	20.9908	2.8726	1.49700	11.41	81.6
19	-15.7188	0.2000		12.49
20	-58.6471	1.9785	1.49700	12.67	81.6
21	-20.6227	0.2000		14.08
22	41.4694	3.2380	1.49700	15.03	81.6
23	-20.8236	d23		15.03
24	26.6475	0.8000	1.51823	18.11	59.0
25	17.5329	d25		16.00
26	81.8202	0.9000	1.80518	19.83	25.5
27	27.2707	3.5813	1.52300	19.83	70.1
28	-40.3793	Bf		20.54
[aspherical data]
6	11.4455	-0.393507	-2.91092E-05	-9.83771E-08	-1.09494E-09	7.89710E-12	-4.73408E-14
28	-40.3793	0	5.27176E-05	2.51049E-07	-5.97520E-09	8.53715E-11	-4.07934E-13
[figure]
source	Data/US20100194930_Figure03aP.png
originX	40.42
originY	178.62
ppmm	4.955
[notes]
Bill: H' adjusted to last vertex.
