[descriptive data]
title	US 2014/0368926 Example 4 (Fujifilm Fujinon XF23mm F1.4 R)
[constants]
AsphericalOddCount	9
[variable distances]
Focal Length	23.74
Angle of View	61.7
F-Number	1.45
Image Height	28.40
Total Length	undefined
Magnification	0
d0	Infinity
Bf(p)	12.60
Bf	0
[lens data]
1	96.198	1.42	1.48749	36.20	70.2
2	39.135	4.00		33.58	
3	181.440	1.30	1.61293	32.48	37.0
4	27.399	11.93		29.70	
5	36.435	4.08	2.00069	27.62	25.5
6	-1126.300	1.94		27.62	
7	22.894	5.15	1.88300	22.01	40.8
8	-76.171	3.50	1.80810	20.89	22.8
9	13.753	0.25		16.74	
10	14.851	2.06	1.71300	16.74	53.9
11	23.690	2.65		16.74	
12	AS	7.13		15.082
13	-8.922	1.27	1.80348	13.02	40.4
14	-11.386	0.15		14.28	
15	155.260	5.81	1.88300	19.14	40.8
16	-13.316	1.21	1.68893	19.14	31.1
17	59.524	5.56	1.88300	22.82	40.8
18	-25.586	0.90		23.52	
19	-91.051	1.20	1.80810	24.02	22.8
20	249.640	10.00		24.02	
21	CG	2.80	1.51680	28.17	64.2
22	CG	0.76		28.17
[aspherical data]
13	-8.922	-0.9	1.6085859E-04	3.1604165E-04	1.3528598E-04	-1.9524496E-04	8.4990030E-05	-5.8469037E-06	-5.8141716E-06	1.2818564E-06	1.8591384E-07	-8.3124906E-08	2.8662325E-10	2.7277112E-09	-2.2027007E-10	-4.1473274E-11	6.4318314E-12	6.6823865E-14	-5.4568937E-14	2.5445767E-15
14	-11.386	-0.9	-3.8031887E-05	9.1351152E-04	-6.7979931E-04	4.1157887E-04	-1.4922693E-04	2.7143660E-05	1.5049108E-06	-1.9425352E-06	3.5630785E-07	4.2682107E-09	-1.0368272E-08	1.1746916E-09	5.4804383E-11	-2.0635550E-11	1.1008282E-12	7.1694592E-14	-9.6542271E-15	2.8985477E-16
[figure]	
source	Data/US20140368926_Figure04P.png
originX	33.62
originY	127.65
ppmm	5.240
[notes]
