[descriptive data]
title	US 2008/0158689 Example 1 (Sony DT 18-200mm F3.5-6.3)
[constants]
[variable distances]
Focal Length	18.5	50.3	194.0
Angle of View	undefined	undefined	undefined
F-Number	3.49	4.85	6.35
Image Height	29.0	29.0	29.0
Magnification	0	0	0
d0	Infinity	Infinity	Infinity
d5	1.6740	22.9426	47.3034
d14	21.4522	10.6385	0.9536
d22	8.3768	4.4818	2.3768
Bf(p)	undefined	undefined	undefined
Bf	39.46	62.43	85.98
[lens data]
1	102.0000	1.5	1.84666	49.81	23.78
2	57.3039	7.0	1.49700	49.81	81.61
3	-1637.2725	0.2		49.81
4	57.3980	5.0	1.77250	47.36	49.60
5	206.1032	d5		47.36
6	120.0000	0.2	1.51460	25.73	49.96
7	72.0000	1.2	1.88300	25.73	40.78
8	14.2700	5.0		18.50	
9	-28.5441	1.0	1.80400	18.50	46.58
10	33.8586	0.8		19.75
11	30.9343	4.5	1.84666	19.36	23.78
12	-23.8690	0.55		19.36
13	-18.7953	0.9	1.83481	17.30	42.72
14	-104.1144	d14		19.72
15	AS	0.9		14.279
16	40.2000	0.2	1.51460	17.40	49.96
17	40.2000	3.6	1.48749	17.40	70.21
18	-40.2000	0.2		17.40
19	25.7051	3.8	1.49700	19.09	81.61
20	150.0000	1.7		15.82
21	-21.8899	1.0	1.83400	15.82	37.17
22	-109.7447	d22		19.52
23	24.8862	5.5	1.51633	20.32	64.15
24	-26.1016	0.2		20.32
25	289.9935	4.0	1.48749	19.03	70.21
26	-16.4651	1.0	1.80400	19.03	46.58
27	-63.0556	0.4167		19.61
28	154.3072	1.0	1.80400	19.57	46.58
29	31.3635	1.6414		19.57
30	48.8300	0.2	1.51460	20.68	49.96
31	75.0000	4.0	1.48749	20.68	70.21
32	-230.0000	Bf		20.68
[aspherical data]
6	120.0000	0	1.71156E-05	-4.42209E-08	2.17233E-10	7.38429E-14
16	40.2000	0	1.19086E-05	2.09858E-08	1.23071E-11	1.03042E-13
30	48.8300	0	-4.00000E-05	-5.55462E-08	-4.97082E-10	1.44868E-12
[figure]
source	Data/US20080158689_Figure01P.png
originX	49.88
originY	133.80
ppmm	3.203
[notes]
Bill: Repaired r9 -58.5441 -> -28.5441 and patent incorrectly has s31 as aspherical but it should be s30.
