[descriptive data]
title	US 2010/0238560 Example 1 (Nikon AF-S Nikkor 16-35mm f4G ED VR)
[constants]
[variable distances]
Focal Length	16.48	24.00	33.94
Angle of View	108	84	63
F-Number	4.1	4.1	4.1
Image Height	43.28	43.28	43.28
Total Length	169.18	160.72	165.24
Magnification	0	0	0
d0	Infinity	Infinity	Infinity
d9	28.97	11.94	2.09
d14	3.26	6.00	8.50
d22	12.46	5.96	1.21
Bf	38.60	50.93	67.55
Aperture Diameter	12.852	14.710	17.973
[lens data]
1	64.361	3.00	1.76690	48.28	46.85
2	14.627	11.25		34.20	
3	-118.914	1.55	1.88300	34.30	40.76
4	261.338	2.85		28.96	
5	-57.268	1.50	1.88300	29.06	40.76
6	52.742	0.40	1.55389	33.86	38.09
7	96.287	1.50		33.86	
8	42.407	6.40	1.69895	29.82	30.13
9	-65.202	d9		29.82	
10	36.176	1.05	1.84666	21.20	23.78
11	19.297	4.95	1.60342	21.08	38.01
12	-121.274	4.70		21.08	
13	65.310	3.10	1.51823	20.76	58.93
14	-65.310	d14		20.76	
15	AS	3.26		12.852
16	-137.621	2.10	1.70154	17.56	41.17
17	-31.799	1.00	1.88300	18.60	40.76
18	35.395	2.90		17.86
19	-24.463	0.80	1.88300	17.86	40.76
20	-40.108	0.15		18.68	
21	75.282	2.70	1.84666	20.34	23.78
22	-61.234	d22		20.34	
23	29.863	8.00	1.49782	30.26	82.51
24	-43.301	1.10	1.83400	30.26	37.16
25	75.908	5.95	1.49782	30.26	82.51
26	-47.092	0.15		30.26
27	39.817	1.10	1.88300	30.16	40.76
28	20.500	12.15	1.48749	30.16	70.41
29	-40.025	1.60	1.80610	30.16	40.77
30	-72.448	Bf		30.16	
[aspherical data]
1	64.361	0	-8.262E-06	1.472E-08	-1.057E-11	7.575E-15	-2.361E-18
2	14.627	-0.983	-6.389E-06	-3.010E-08	8.699E-11		
7	96.287	7.352	1.862E-05	1.672E-08	-3.678E-11		
30	-72.448	11.401	1.208E-05	1.539E-08	-2.918E-11	1.594E-13	4.038E-18
[figure]
source	Data/US20100238560_Figure01P.png
originX	10.96
originY	78.87
ppmm	1.809
[notes]
Bill: Example 4 is also a very close match to the production lens.
