[descriptive data]
title	US 2018/0100988 Example 1 (Fujifilm Fujinon GF110mm F2 R LM WR)
[constants]
[variable distances]
Focal Length	108.47	undefined
Angle of View	29.8	25.2
F-Number	2.06	2.33
Image Height	55	55
Magnification	0	-0.12407
S	Infinity	1100
d0	Infinity	952.61
d11	4.70	13.31
d14	18.19	9.58
Bf	0	0
[lens data]
1	98.0201	3.95	1.95375	56.56	32.32
2	265.8358	0.1		56.56	
3	106.1474	5.32	1.55032	53.14	75.50
4	-625.6445	0.36		53.14	
5	Infinity	1.73	1.56732	53.56	42.81
6	49.3830	5.98	1.88300	47.68	39.22
7	192.1886	1.49		47.68	
8	Infinity	1.7	1.63980	47.68	34.49
9	30.7780	10.1	1.55032	42.90	75.50
10	Infinity	6.01		42.90	
11	AS	d11		37.056
12	-380.4254	3.07	1.95906	36.76	17.47
13	-70.6290	1.22	1.85150	36.76	40.78
14	51.2612	d14		32.52	
15	-230.3817	5.18	1.55032	35.40	75.50
16	-39.2300	1.63	1.68893	35.40	31.16
17	-102.2608	0.1		37.86	
18	48.4494	8.75	1.59282	41.26	68.62
19	-82.6540	1.8	1.76182	41.26	26.61
20	82.6540	9.96		41.26	
21	119.8382	7.04	2.00100	45.90	29.13
22	-96.6341	19.51		45.90	
23	-37.7586	1.47	1.51680	43.62	64.21
24	-163.9992	23.8566		47.38	
25	CG	3.2	1.51680	56.47	64.20
26	CG	1.0003		56.47
[figure]
source	Data/US20180100988_Figure01P.png
originX	98.60
originY	163.47
ppmm	2.823
[notes]
Bill: Magnification and d0 measured.
