[descriptive data]
title	US 2003/0156333 Example 1 (Tamron AF 28-300mm F3.5-6.3 XR Di LD Aspherical [IF] Macro A061)
[constants]
[variable distances]
Focal Length	29.00	92.21	289.53
Angle of View	76	25.4	8.2
F-Number	3.50	5.37	6.50
Image Height	43.2	43.2	43.2
Magnification	0	0	0
d0	Infinity	Infinity	Infinity
d5	1.698	32.301	57.566
d14	20.845	10.646	0.991
d22	6.685	2.574	1.117
Bf(p)	undefined	undefined	undefined
Bf	40.05	71.21	89.65
[lens data]
1	178.94	1.5	1.84666	51.80	23.8
2	80.58	6.5	1.49700	49.92	81.6
3	-246.99	0.2		49.92	
4	60.84	4.0	1.77250	47.02	49.6
5	157.24	d5		47.02	
6	112.15	0.2	1.53610	27.56	41.2
7	68.35	0.8	1.83481	29.28	42.7
8	15.90	5.8		21.05
9	-31.95	0.8	1.69680	21.05	55.5
10	89.30	0.1		23.46	
11	32.92	4.8	1.84666	21.60	23.8
12	-32.92	0.8		21.60	
13	-22.39	0.9	1.83481	19.86	42.7
14	475.95	d14		19.20	
15	AS	0.9		19.305
16	30.74	0.2	1.53610	23.84	41.2
17	30.74	4.1	1.61800	23.84	63.4
18	1234.19	0.1		23.84
19	29.65	3.9	1.49700	23.00	81.6
20	-4488.15	0.9		23.00
21	-100.35	0.8	1.84666	23.00	23.8
22	128.33	d22		23.00
23	19.39	6.2	1.48749	22.81	70.2
24	-104.58	0.2		22.81
25	71.24	0.8	1.77250	21.94	49.6
26	16.56	0.8		19.81
27	20.87	5.0	1.51823	21.08	59.0
28	-68.00	0.2	1.53610	21.08	41.2
29	-68.00	0.2		21.08
30	66.30	7.2	1.54072	19.04	47.2
31	-11.31	0.8	1.77250	19.04	49.6
32	101.58	Bf		20.40	
[aspherical data]
6	112.15	33.6256	5.4214E-06	9.4135E-09	-7.1737E-11	5.5352E-13
16	30.74	-2.118	-2.1353E-07	4.2228E-10	1.1064E-10	-8.5380E-13
29	-68.00	27.3693	1.5617E-05	-5.4643E-09	2.2611E-10	-7.2888E-12
[figure]
source	Data/US20030156333_Figure01.png
originX	169.99
originY	280.45
ppmm	8.444
[figure]
source	Data/US20030156333_Figure01P.png
originX	51.79
originY	252.26
ppmm	5.909
[notes]
