[descriptive data]
title	US 2020/0018936 Example 1 (Fujifilm Fujinon XF200mm F2 R LM OIS WR with Fujifilm Fujinon XF1.4X TC F2 WR)
[metadata]
[constants]
AsphericalOddCount	7
[variable distances]
Focal Length	271.54
Angle of View	6.8
F-Number	2.88
Image Height	30.80
Total Length	undefined
Magnification	0
d0	Infinity
Bf	14.45
[lens data]
1	430.7013	7.07	1.67270	97.00	32.10
2	-727.3321	0.4562		97.00	
3	165.9720	10.75	1.43875	93.80	94.66
4	-1120.2835	20.2132		93.80	
5	105.9369	13.91	1.49700	77.54	81.54
6	-218.3400	3.16	1.83481	77.54	42.74
7	775.7212	1.6106		77.54	
8	91.4829	11.02	1.49700	67.14	81.54
9	-267.5300	2.72	1.91082	67.14	35.25
10	141.8275	22.215		60.74	
11	266.7587	4.11	1.80809	49.00	22.76
12	-266.7587	0.3002		49.00	
13	266.7635	2.00	1.80000	48.74	29.84
14	47.2925	9.4871		42.60	
15	AS	18.6296		40.730
16	61.1684	1.81	1.54814	40.46	45.78
17	39.3800	6.60	1.69680	37.54	55.53
18	Infinity	4.92		37.54	
19	36.1305	2.30	1.60342	29.56	38.03
20	23.9164	7.90		25.64	
21	415.3848	2.28	1.95906	24.44	17.47
22	-91.4760	1.51	1.73400	24.44	51.47
23	42.9219	1.89		22.98
24	-217.2372	1.40	1.80100	22.98	34.97
25	66.6268	3.2077		24.86	
26	51.5518	3.11	1.90366	25.20	31.31
27	Infinity	1.0602		25.20	
28	-77.9583	1.40	1.80809	25.20	22.76
29	145.8634	4.4301		27.60	
30	133.6002	4.28	1.80610	31.10	40.93
31	-60.7409	0.6043		31.10	
32	53.2520	8.63	1.65412	31.64	39.73
33	-53.2520	1.90	1.80000	31.64	29.84
34	154.3014	4.2900		33.50	

35	80.6062	0.93	1.88300	23.52	39.22
36	22.9970	6.03	1.64769	22.40	33.84
37	-42.1232	3.27		22.40
38	-29.2310	0.93	1.88300	20.24	39.22
39	29.2310	6.49	1.72825	23.59	28.32
40	-29.2310	0.93	1.88300	23.59	39.22
41	75.0001	0.10		23.59
42	43.0957	6.63	1.51633	24.78	64.06
43	-34.2796	1.10		24.78
44	-48.6590	1.00	1.95906	24.78	17.47
45	-108.7770	12.5726		26.74

46	CG	2.85	1.51680	30.80	64.20
47	CG	0.00		30.80	
[aspherical data]
42	43.0957	0	0	-4.0069027E-06	-4.0116511E-06	1.9322476E-06	-3.0556474E-07	1.5084145E-08	5.3417505E-10	-2.9150133E-11	-3.4316109E-12	2.7309242E-14	1.0843229E-14	3.4115327E-16	-4.2858995E-17	7.6873928E-19
43	-34.2796	0	0	-2.9797401E-05	5.0678274E-06	-1.4104856E-06	2.5633878E-07	-2.0298979E-08	-2.9461048E-10	9.2188992E-11	3.0094687E-12	-3.1391599E-13	-2.6925527E-14	3.5621021E-16	1.7401064E-16	-6.1116557E-18
[figure]
source	Data/US20200018936_Figure03P.png
originX	5.47
originY	137.29
ppmm	1.945
[notes]
