[descriptive data]
title	US 2013/0335617 Example 4 (Panasonic Lumix G Vario 45-150mm F4.0-5.6 Asph Mega OIS)
[constants]
[variable distances]
Focal Length	45.4004	80.8563	144.0003	undefined	undefined	undefined
Angle of View	26.8776	15.0764	8.5478	undefined	undefined	undefined
F-Number	4.16038	5.2426	5.75634	undefined	undefined	undefined
Image Height	21.63	21.63	21.63	21.63	21.63	21.63
Total Length	91.9007	107.1967	129.9016	91.9007	107.1967	129.9016
Magnification	0	0	0	-0.04893	-0.08778	-0.15811
S	Infinity	Infinity	Infinity	1000	1000	1000
d0	Infinity	Infinity	Infinity	908.0993	892.8033	870.0984
d3	6.1809	21.4764	44.1811	6.1809	21.4764	44.1811
d8	17.4060	7.6009	0.6869	17.4060	7.6009	0.6869
d16	1.5348	4.3295	2.3574	2.4002	6.5154	7.8103
d18	17.1221	16.7857	20.4688	16.2567	14.5998	15.0159
d20	0.4500	7.7966	12.9996	0.4500	7.7966	12.9996
Bf	18.9311	18.9311	18.9311	18.9311	18.9311	18.9311
[lens data]
1	56.7320	1.1000	1.80610	28.12	33.30
2	35.0922	4.0230	1.56384	27.32	60.80
3	-333.4923	d3		27.32	
4	-158.7620	0.7000	1.80610	15.42	33.30
5	16.1697	2.2053	1.94595	15.42	18.00
6	49.7377	1.1474		15.42	
7	-58.5099	0.7000	1.72825	15.42	28.30
8	77.0265	d8		15.42	
9	20.7792	3.0547	1.80998	15.92	40.90
10	-114.8753	0.6336		15.92	
11	13.9442	3.5050	1.72916	14.54	54.70
12	-116.7351	1.4505	2.00100	13.40	29.10
13	11.2704	3.6496		11.48	
14	AS	2.2246		10.421
15	22.3752	2.3917	1.51760	11.84	63.50
16	-83.7427	d16		11.84	
17	39.0639	0.6000	1.77250	9.66	49.60
18	17.2183	d18		9.66	
19	-21.5451	0.7000	1.48749	15.86	70.40
20	-46.1035	d20		15.86	
21	-65.3760	2.1896	1.84666	21.44	23.80
22	-27.5587	Bf		21.44	
[aspherical data]
10	-114.8753	0	1.25359E-05	-8.52468E-09	-9.66856E-11	2.43778E-13
16	-83.7427	0	1.30246E-05	-2.51365E-07	9.13729E-09	-1.07104E-10
[figure]
source	Data/US20130335617_Figure13aP.png
originX	19.34
originY	176.07
ppmm	5.403
[notes]
Bill: Magnification measured.
