[descriptive data]
title	US 2019/0086645 Example 1 (Fujifilm Fujinon GF250mm F4 R LM OIS WR with Fujifilm Fujinon GF1.4X TC WR)
[metadata]
[constants]
[variable distances]
Focal Length	339.58
Angle of View	9.8
F-Number	5.77
Image Height	57.30
Total Length	undefined
Magnification	0
d0	Infinity
Bf	41.03
[lens data]
1	437.9481	4.34	1.48749	67.18	70.24
2	-437.9481	0.23		67.18	
3	88.2356	9.23	1.49700	64.12	81.54
4	-318.6800	1.95	1.65160	66.50	58.62
5	184.2906	1.05		61.04	
6	52.2197	2.06	1.51742	58.32	52.43
7	35.0700	10.60	1.49700	53.02	81.54
8	99.3624	10.11		53.02	
9	58.2609	4.38	1.90366	47.74	31.31
10	128.2200	1.95	1.80610	47.04	40.93
11	34.8158	16.62		41.76	
12	41.4281	2.32	1.56732	39.72	42.82
13	29.5030	7.11	1.43875	36.46	94.66
14	439.0296	8.52		36.46	
15	AS	3.71		27.381
16	356.6297	1.03	1.85150	28.80	40.78
17	50.9986	2.89		26.48
18	-79.3300	0.90	1.72916	26.48	54.09
19	34.9710	3.28	1.84666	28.36	23.78
20	109.9049	6.41		28.36	
21	130.5900	2.63	1.89286	32.84	20.36
22	45.9840	7.61	1.67003	30.76	47.20
23	-108.5346	20.15		30.76	
24	129.0771	5.69	1.60342	39.58	38.03
25	-82.4767	16.42		39.58	
26	-104.7176	1.75	1.72916	37.80	54.68
27	-1000.2365	16.4997		40.40

28	425.3981	1.70	1.71299	39.39	53.87
29	53.7890	6.97	1.59551	37.29	39.24
30	-88.1371	6.85		37.29
31	-91.6290	1.70	1.88300	41.05	39.22
32	43.0030	11.20	1.62588	41.92	35.74
33	-43.0030	1.70	1.75500	41.92	52.32
34	173.8058	0.20		41.92
35	57.9507	8.15	1.65412	44.11	39.68
36	-151.5200	1.73	2.00272	46.12	19.32
37	898.0469	38.9201		46.12
	
38	CG	3.20	1.51680	58.56	64.20
39	CG	0.00		58.56	
[figure]
source	Data/US20190086645_Figure02P.png
originX	15.61
originY	302.95
ppmm	4.000
[notes]
Bill: Note Image Height of 57.30mm based on Angle of View of ML exceeds required 54.78mm
