[descriptive data]
title	US 2003/0072086 Example 7 (Olympus 9-36mm f2-2.4 AF (E-10))
[constants]
[variable distances]
Focal Length	9.172	18.399	35.299
Angle of View	67.4	35.4	19.0
F-Number	2.00	2.15	2.49
Image Height	11.80	11.80	11.80
Magnification	0	0	0
d0	Infinity	Infinity	Infinity
d5	1.18	18.24	28.42
d12	29.73	12.67	2.50
d13	12.41	9.05	2.67
d19	6.77	7.11	9.47
d26	5.81	8.82	12.85
Bf	1.24	1.24	1.24
[lens data]
1	95.8620	2.5000	1.84666	54.30	23.78
2	58.6730	7.0900	1.61800	51.24	63.33
3	1197.2780	0.2000		51.24	
4	44.5430	5.5900	1.60311	47.20	60.64
5	111.9820	d5		47.20	
6	83.7350	1.8500	1.75700	29.06	47.82
7	12.6830	6.3300		21.64	
8	-443.9130	1.3000	1.84666	20.10	23.78
9	40.5350	2.9900		20.10	
10	-91.2430	1.2000	1.48749	20.10	70.21
11	18.9500	4.2300	1.80518	20.10	25.42
12	-716.0670	d12		20.10	
13	AS	d13		11.818
14	40.2530	2.1000	1.84666	15.14	23.78
15	126.1020	2.3400		15.14	
16	18.7700	3.0000	1.69350	14.96	53.20
17	-352.7540	0.1500		14.96	
18	29.2370	1.1200	1.80518	13.70	25.42
19	14.0390	d19		13.70	
20	-12.2380	1.1000	1.80518	16.16	25.42
21	-39.6500	3.2900	1.61800	16.16	63.33
22	-13.8200	0.1500		17.38	
23	66.9720	3.2800	1.49700	18.36	81.54
24	-39.7390	0.1500		18.36	
25	85.0050	2.7000	1.69350	18.42	53.20
26	-90.0040	d26		18.42	
27	Infinity	17.0000	1.51633	17.36	64.14
28	Infinity	1.0000		17.36	
29	Infinity	1.6000	1.54771	13.86	62.84
30	Infinity	1.0000		13.86	
31	Infinity	0.7500	1.52300	13.86	55.00
32	Infinity	Bf		13.86	
[aspherical data]
16	18.7700	0	-1.3998E-05	-3.59212E-08	2.09088E-10	-1.47843E-12
26	-90.0040	0	6.5075E-06	-7.1109E-09	8.5443E-11	-9.4142E-13
[figure]
source	Data/US20030072086_Figure07aP.png
originX	8.48
originY	293.43
ppmm	4.143
[notes]
Bill: I think the construction diagram is both telephoto and closest focus.
