[descriptive data]
title	US 2018/0059384 Example 1 (Fujifilm Fujinon GF120mm F4 R LM OIS WR Macro)
[constants]
[variable distances]
Focal Length	116.362	84.311
Angle of View	26.4	16.8
F-Number	4.12	5.94
Image Height	55.0	55.0
Magnification	0	-0.50113
d0	Infinity	280.75
d7	3.232	16.729
d12	20.862	7.364
d16	24.855	12.408
d21	26.884	39.331
Bf	0	0
Aperture Diameter	27.316	20.248
[lens data]
1	92.1548	4.75	1.48749	44.76	70.24
2	-227.3084	0.15		44.76	
3	45.4634	6.55	1.49700	39.64	81.54
4	-145.5600	1.30	1.74950	39.64	35.28
5	39.0618	0.60		33.62	
6	47.5155	3.87	1.85150	33.62	40.78
7	429.8550	d7		33.62	
8	-204.5566	1.30	1.83481	26.96	42.72
9	34.0165	4.00		26.33
10	-67.3306	1.31	1.51742	26.33	52.43
11	33.7600	5.39	1.80000	29.80	29.84
12	-133.9022	d12		29.80	
13	AS	2.00		27.316
14	99.9712	6.45	1.49700	32.64	81.54
15	-35.4650	1.30	1.72000	32.64	43.69
16	-70.4954	d16		32.64	
17	-120.6601	2.74	1.70154	30.70	41.24
18	-50.7517	1.50		30.70	
19	154.1487	4.98	1.49700	30.26	81.54
20	-37.8880	1.30	1.62588	30.26	35.70
21	-202.2613	d21		31.84	
22	-51.3729	1.31	1.80400	31.36	46.58
23	39.4480	5.38	1.83400	36.88	37.16
24	Infinity	36.746		36.88	
25	CG	3.20	1.51680	55.74	64.20
26	CG	1.022		55.74
[figure]
source	Data/US20180059384_Figure01INFP.png
originX	111.47
originY	162.99
ppmm	2.553
[notes]
Bill: Magnification measured.
