[descriptive data]
title	US 2018/0095255 ML (Canon EF400mm f2.8L IS II USM)
[constants]
[variable distances]
Focal Length	392.18
Angle of View	6.32
F-Number	2.90
Image Height	43.28
Total Length	371.76
Magnification	0
d0	Infinity
Bf	44.00
[lens data]
1	292.465	15.81	1.48749	139.32	70.45
2	-517.524	29.13		139.32	
3	145.749	21.85	1.43387	120.66	95.10
4	-310.360	0.08		119.32	
5	-309.759	4.30	1.65412	119.32	39.68
6	260.211	26.17		113.46	
7	90.793	15.28	1.43387	101.18	95.10
8	529.656	0.25		101.18	
9	67.742	6.00	1.48749	87.06	70.23
10	52.993	29.99		78.26	
11	807.025	6.60	1.80810	68.38	22.76
12	-149.923	3.20	1.83400	68.38	37.16
13	132.030	81.82		63.32	
14	AS	3.43		40.052
15	365.029	6.38	1.65160	40.62	58.55
16	-64.603	2.18	1.84666	40.62	23.78
17	-140.611	4.43		40.62	
18	88.023	4.87	1.84666	37.04	23.78
19	-141.829	1.70	1.69680	37.04	55.53
20	40.372	5.33		35.81	
21	-141.777	1.70	1.83481	35.81	42.71
22	95.226	3.39		36.36	
23	99.547	5.56	1.80400	39.76	46.57
24	-250.416	10.03		39.76	
25	59.528	7.72	1.74951	44.20	35.33
26	-105.426	2.00	1.80810	44.20	22.76
27	107.015	4.26		44.20	
28	Infinity	2.20	1.51633	42.32	64.14
29	Infinity	22.09		42.32	
30	FS	Bf		60.00	
[figure]	
source	Data/US20180095255_Figure01P.png
originX	25.38
originY	91.49
ppmm	1.031
[notes]
