[descriptive data]
title	US 2006/0023317 Example 1 (Canon EF-S17-85mm f4-5.6 IS USM)
[constants]
[variable distances]
Focal Length	17.55	35.00	82.48
Angle of View	75.7	undefined	18.8
F-Number	4.11	4.45	5.77
Image Height	27.30	27.30	27.30
Magnification	0	0	0
d0	Infinity	Infinity	Infinity
d5	2.15	14.60	29.74
d13	14.25	8.92	2.92
d14	4.28	1.72	1.74
d20	0.80	5.17	8.72
d25	8.51	4.14	0.59
Bf(p)	undefined	undefined	undefined
Bf	38.08	45.27	50.86
Aperture Diameter	9.272	10.937	9.751
[lens data]
1	103.770	1.40	1.8467	52.98	23.9
2	47.288	7.75	1.6031	49.04	60.6
3	Infinity	0.12		49.04	
4	42.152	5.60	1.7340	45.22	51.5
5	133.136	d5		38.46	
6	154.643	1.20	1.7725	24.36	49.6
7	10.222	5.02		16.16	
8	-92.741	1.00	1.8830	17.92	40.8
9	26.583	0.15		15.74	
10	16.820	5.50	1.8052	16.72	25.4
11	-42.034	0.05		15.84	
12	-39.123	1.00	1.8040	15.84	46.6
13	52.275	d13		15.84	
14	AS	d14		9.272
15	47.384	0.80	1.7200	12.12	50.2
16	13.423	2.85	1.4875	12.12	70.2
17	-69.538	0.15		12.12	
18	22.286	4.30	1.4875	12.90	70.2
19	-11.903	0.90	1.6889	12.90	31.1
20	-18.297	d20		13.12	
21	-64.282	2.00	1.8467	13.12	23.9
22	-17.706	0.80	1.7620	13.12	40.1
23	79.572	8.70		13.76	
24	-17.203	1.20	1.6031	15.74	60.6
25	-31.365	d25		18.24	
26	45.342	8.25	1.5831	26.40	59.4
27	-18.940	2.01		26.40	
28	-28.057	3.50	1.4875	24.72	70.2
29	-17.051	2.10	1.8467	24.72	23.9
30	-34.364	Bf		26.56	
[aspherical data]
26	45.342	2.291	-7.384E-06	9.674E-09	-1.371E-10	2.396E-13	8.332E-16
27	-18.940	-0.1619	1.514E-05	3.849E-08	-1.638E-10	3.147E-13	1.097E-15
[figure]
source	Data/US20060023317_Figure01P.png
originX	38.05
originY	152.09
ppmm	2.829
[notes]
