[descriptive data]
title	US 2014/0347522 Example 3 (Tamron 14-150mm F/3.5-5.8 Di III)
[constants]
[variable distances]
Focal Length	14.43	57.85	145.40	undefined	undefined	undefined
Angle of View	74.204	21.302	7.342	undefined	undefined	undefined
F-Number	3.6708	5.4085	5.9148	undefined	undefined	undefined
Image Height	21.6	21.6	21.6	21.6	21.6	21.6
Total Length	undefined	undefined	undefined	undefined	undefined	undefined
Magnification	0	0	0	-0.01562	-0.06065	-0.13715
d0	Infinity	Infinity	Infinity	901.52	876.67	857.15
d6	1.1330	24.2823	41.7003	1.1330	24.2823	41.7003
d15	21.7353	5.4909	1.7000	21.7353	5.4909	1.7000
d28	1.4374	6.0872	3.6419	1.5087	6.7510	6.5503
d32	12.1029	7.4531	9.8984	12.0316	6.7893	6.9900
d34	1.0300	19.1189	24.8250	1.0300	19.1189	24.8250
Bf	0	0	0	0	0	0
[lens data]
1	109.0553	1.5000	1.90366	39.75	31.31
2	52.5697	0.0100	1.56732	37.37	42.84
3	52.5697	5.5700	1.49700	37.37	81.61
4	-146.2327	0.2000		37.37
5	39.5728	3.9700	1.61800	35.19	63.39
6	112.3407	d6		35.19
7	79.0234	0.2000	1.51460	20.00	49.96
8	65.0676	0.9000	1.91082	20.00	35.25
9	12.3717	4.1854		15.62	
10	-23.8730	0.7500	1.91082	15.62	35.25
11	42.3962	0.4930		15.62	
12	28.5426	3.3730	1.92286	15.66	20.88
13	-24.6589	1.0150		15.66
14	-14.8587	0.7500	1.77250	15.51	49.62
15	-49.5781	d15		16.33
16	AS	1.5000		11.150
17	13.2954	3.2480	1.58313	13.32	59.46
18	-32.0948	0.2000		13.32	
19	62.5251	0.6200	1.86188	13.91	42.08
20	15.8491	2.0200		13.12	
21	61.7390	2.8500	1.58313	13.76	59.46
22	-15.2253	0.0100	1.56732	13.76	42.84
23	-15.2253	0.6000	1.90766	13.76	33.41
24	-25.8791	1.0200		14.20
25	109.2068	0.5800	1.91082	14.13	35.25
26	20.0859	0.0100	1.56732	13.94	42.84
27	20.0859	3.7247	1.61882	13.94	64.32
28	-16.2282	d28		13.94
29	51.3428	1.6830	1.80518	13.00	25.46
30	-75.7267	0.0100	1.56732	13.00	42.84
31	-75.7267	0.6000	1.80420	13.00	46.50
32	15.6073	d32		11.80	
33	-18.5559	0.9000	1.80518	14.82	25.46
34	-28.5021	d34		15.52	
35	-152.2485	2.3543	1.72916	22.29	54.67
36	-38.5471	11.0000		22.29
37	CG	4.2000	1.51680	24.52	64.20
38	CG	1.0000		24.52	
[aspherical data]
7	79.0234	0	1.19556E-05	-5.12224E-08	4.21707E-10	2.89639E-12
17	13.2954	0	-4.81203E-05	-6.04617E-07	2.40398E-08	-4.15344E-10
18	-32.0948	0	1.17843E-04	-9.32847E-07	2.61092E-08	-4.24829E-10
21	61.7390	0	-5.75515E-06	-1.80638E-07	2.44731E-09	-5.43340E-12
[figure]
source	Data/US20140347522_Figure09P.svg
originX	155.24
originY	386.00
ppmm	11.619
[notes]
Bill: Magnification measured. Image Height from Angle of View. Angle of Views inconsistent.
