[descriptive data]
title	US 2017/0003486 Example 5 (Canon EF70-300mm f4-5.6 IS II USM)
[constants]
[variable distances]
Focal Length	72.00	144.00	290.00
Angle of View	33.44	17.08	8.54
F-Number	4.16	5.06	5.83
Image Height	43.28	43.28	43.28
Total Length	188.00	227.83	258.00
Magnification	0	0	0
d0	Infinity	Infinity	Infinity
d5	1.99	41.81	71.99
d13	29.22	17.55	2.44
d19	37.95	25.64	22.47
d25	11.85	5.73	2.42
d28	9.52	39.63	61.21
Bf	37.80	37.80	37.80
P	53.71	137.98	225.97
P'	-57.77	-64.56	-72.95
H	71.47	79.40	-243.42
H'	-34.20	-106.20	-252.20
[lens data]
1	108.686	5.15	1.48749	52.00	70.2
2	Infinity	0.15		51.48	
3	117.701	2.10	1.83400	50.37	37.2
4	64.332	7.00	1.49700	48.66	81.5
5	740.701	d5		47.82	
6	-866.644	4.65	1.53172	32.96	48.8
7	-43.671	1.65	1.51823	31.97	58.9
8	-349.361	4.88		29.48	
9	-163.831	1.10	1.77250	24.85	49.6
10	26.373	3.20	1.85478	23.15	24.8
11	70.182	2.33		22.93	
12	-59.794	1.05	1.77250	22.93	49.6
13	497.341	d13		23.32	
14	AS	0.98		24.44	
15	85.803	3.25	1.66672	25.03	48.3
16	-85.803	0.15		25.12	
17	55.992	4.65	1.48749	24.90	70.2
18	-55.992	1.25	2.00100	24.51	29.1
19	-496.530	d19		24.60	
20	111.592	1.30	2.00100	25.89	29.1
21	46.446	1.28		25.68	
22	122.313	3.90	1.48749	25.74	70.2
23	-63.603	0.15		26.12	
24	40.018	4.10	1.67790	27.60	55.3
25	-682.473	d25		27.51	
26	-129.824	2.50	1.80809	26.17	22.8
27	-52.519	1.15	1.51742	26.21	52.4
28	39.368	d28		25.86	
29	-54.446	1.55	1.48749	31.02	70.2
30	-109.719	0.20		31.80	
31	FS	Bf		32.20	
[figure]
source	Data/US20170003486_Figure09P.png
originX	13.87
originY	88.79
ppmm	2.118
[notes]
Bill: Patent diameters.
