[descriptive data]
title	US 2005/0286139 Example 5 (Canon EF-S10-22mm f3.5-4.5 USM)
[constants]
[variable distances]
Focal Length	10.3	15.0	21.4
Angle of View	105.8	undefined	65.0
F-Number	3.5	4.0	4.6
Image Height	27.20	27.20	27.20
Magnification	0	0	0
d0	Infinity	Infinity	Infinity
d7	25.15	12.57	4.73
d13	1.03	5.32	9.62
d17	10.23	5.94	1.64
Bf(p)	undefined	undefined	undefined
Bf	35.27	41.96	51.95
Aperture Diameter	10.925	11.057	11.493
[lens data]
1	15000.000	3.50	1.583126	51.52	59.4
2	18.867	14.03		33.47
3	-226.498	1.30	1.772499	30.12	49.6
4	18.212	0.06	1.524210	25.73	51.4
5	16.990	2.72		25.73
6	21.759	5.25	1.728250	26.04	28.5
7	74.984	d7		26.04	
8	57.846	1.25	1.834807	12.10	42.7
9	15.171	3.5	1.517417	12.10	52.4
10	-331.383	1.54		12.10	
11	AS	1.10		10.925
12	31.100	2.55	1.518229	13.22	58.9
13	-31.100	d13		13.22	
14	-29.031	0.80	1.804000	13.04	46.6
15	48.270	0.94		13.04	
16	35.215	2.18	1.846660	13.88	23.9
17	-1475.794	d17		13.88	
18	20.163	5.77	1.496999	20.36	81.5
19	-118.970	1.00	1.834000	20.36	37.2
20	34.753	0.05		20.36	
21	35.934	4.15	1.438750	20.36	95.0
22	-48.578	0.15		20.36	
23	42.917	1.00	1.834000	21.56	37.2
24	15.239	7.51	1.484560	21.56	70.0
25	-33.295	Bf		21.56	
[aspherical data]
1	15000.000	0	2.33700E-05	-4.61000E-08	7.45700E-11	-6.90700E-14	2.82500E-17
5	16.990	0	3.82416E-06	-1.84863E-07	1.59788E-10	1.36095E-12	-7.62240E-15
25	-33.295	0	2.79907E-05	9.77159E-08	-1.24882E-10	2.46435E-12	1.04886E-14
[figure]
source	Data/US20050286139_Figure09P.png
originX	32.55
originY	121.53
ppmm	2.708
[notes]
Bill: Repair missing d9 from JP2006-039531
