[descriptive data]
title	US 2019/0302431 Example 1 (Fujifilm Fujinon XF8-16mm F2.8 R LM WR)
[constants]
AsphericalOddCount	9
[variable distances]
Focal Length	8.238	15.516	8.195	15.327
Angle of View	125.8	82.4	126.0	82.8
F-Number	2.88	2.88	2.85	2.87
Image Height	28.60	28.60	28.60	28.60
Total Length	undefined	undefined	undefined	undefined
Magnification	0	0	-0.02127	-0.03842
S	Infinity	Infinity	500	500
d0	Infinity	Infinity	366.14	382.92
d9	29.531	2.986	29.531	2.986
d18	3.357	2.809	3.357	2.809
d26	2.100	6.601	2.222	6.900
d32	3.447	9.257	3.325	8.958
Bf	0	0	0	0
Aperture Diameter	12.276	14.016	12.276	14.016
[lens data]
1	41.94034	2.100	1.85150	57.56	40.78
2	24.28157	6.178		43.61
3	75.00000	2.500	1.69259	45.00	53.07
4	18.47265	7.784		33.54
5	36.29274	2.100	1.85108	36.40	40.12
6	17.10000	8.354		27.52	
7	-46.41263	1.120	1.43875	27.52	94.66
8	26.32000	5.100	1.95375	27.66	32.32
9	366.77570	d9		27.66	
10	AS	1.311		12.276
11	26.26117	4.880	1.69350	17.68	53.18
12	-35.28129	0.203		17.68	
13	-57.42580	0.820	1.75500	17.60	52.32
14	19.66700	2.800	1.59522	16.56	67.73
15	137.14630	1.893		16.56	
16	-277.24752	0.790	1.81600	17.36	46.62
17	29.77900	2.800	1.64769	15.58	33.79
18	-67.77760	d18		15.58	
19	-155.86052	0.810	1.81600	18.20	46.62
20	20.41300	4.360	1.59282	17.70	68.62
21	-35.61991	2.100		17.70	
22	42.02719	1.010	1.85150	20.00	40.78
23	18.24500	4.990	1.43875	18.82	94.66
24	-56.85949	0.150		18.82	
25	25.78476	5.800	1.43875	20.12	94.66
26	-25.78476	d26		20.12	
27	-64.12560	2.690	1.85343	20.22	40.56
28	-21.45850	0.100		20.22	
29	Infinity	0.890	1.88300	19.50	40.76
30	12.20900	5.680	1.49700	18.62	81.54
31	-177.03000	0.810	1.88300	18.62	39.22
32	27.74373	d32		18.00	
33	155.15267	2.500	1.94595	25.44	17.98
34	-99.58637	8.949		25.44	
35	CG	2.850	1.51680	29.80	64.20
36	CG	1.000		29.80
[aspherical data]
3	75.00000	0	0	1.8160996E-04	-1.1335952E-05	-1.4335425E-06	1.6657704E-07	3.7176528E-09	-1.1789882E-09	1.6846045E-11	4.9683664E-12	-1.6509787E-13	-1.2889391E-14	5.7379998E-16	2.0021309E-17	-1.0471255E-18	-1.6950892E-20	1.0001019E-21	5.9701858E-24	-3.9636710E-25
4	18.47265	0	0	1.8468610E-04	-1.2145091E-05	-1.2166255E-06	7.3739848E-09	1.1634818E-08	1.7527294E-09	-2.3439242E-10	-2.0890135E-11	2.6854226E-12	1.1950808E-13	-1.6261627E-14	-3.8891310E-16	5.3876680E-17	6.9841033E-19	-9.2860078E-20	-5.4301162E-22	6.5318111E-23
5	36.29274	0	0	-3.5121597E-05	-1.7847803E-05	2.3507898E-06	2.6791047E-07	-4.7251861E-08	-2.3578362E-09	5.0985133E-10	1.3769111E-11	-3.4119027E-12	-5.0951086E-14	1.4344945E-14	1.0991901E-16	-3.6564916E-17	-1.2242734E-19	5.1534781E-20	5.2084646E-23	-3.0822936E-23
6	17.10000	0	0	-5.1194646E-05	-1.8058170E-05	3.5437269E-06	1.0407126E-07	-6.5002915E-08	1.5980818E-09	9.6469129E-10	-1.1394206E-10	-3.5085860E-12	1.5437474E-12	-4.8263251E-14	-8.5442321E-15	4.8212604E-16	2.0638114E-17	-1.5464338E-18	-1.7486813E-20	1.6996115E-21
11	26.26117	0	0	3.4130173E-05	-2.6217914E-05	9.8676344E-06	-4.8898264E-07	-7.2967595E-07	1.9381422E-07	1.5648615E-09	-6.6656712E-09	4.6499647E-10	1.2073678E-10	-1.2738591E-11	-1.4421479E-12	1.7978446E-13	1.0435769E-14	-1.3885918E-15	-3.2975909E-17	4.4854674E-18
12	-35.28129	0	0	6.2420625E-05	-2.1062733E-05	8.4905269E-06	-1.1036213E-06	-2.5485692E-07	1.1852547E-07	-1.3534098E-08	-1.6863962E-09	6.5309998E-10	-4.1165896E-11	-9.2191136E-12	1.4785823E-12	2.0460884E-14	-1.6419747E-14	6.1368314E-16	6.4961582E-17	-4.1335786E-18
27	-64.12560	0	0	-6.0807770E-05	3.6227550E-05	-2.5310378E-05	9.4296047E-06	-1.6820493E-06	-6.1219487E-10	5.3585618E-08	-7.2268338E-09	-2.3410749E-10	1.2768330E-10	-6.9388519E-12	-6.7668240E-13	8.4897976E-14	-9.8085392E-16	-2.5071105E-16	1.3030111E-17	-1.9352472E-19
28	-21.45850	0	0	2.9716437E-05	7.6242490E-07	-1.7092045E-06	4.5860772E-07	1.4557727E-08	-2.5304394E-08	1.6289649E-09	6.6338124E-10	-6.7515269E-11	-9.9334783E-12	1.2373518E-12	8.6500487E-14	-1.2293866E-14	-4.0666189E-16	6.4330812E-17	7.9572817E-19	-1.3910445E-19
[figure]
source	Data/US20190302431_Figure02WP.png
originX	87.94
originY	171.64
ppmm	3.152
[notes]
Bill: No Image Height. d0 computed and Magnification measured.
