[descriptive data]
title	US 2013/0222925 Example 4 (Ricoh HD Pentax-D FA645 90mm F2.8 ED AW SR Macro)
[constants]
[variable distances]
Focal Length	90.12	undefined
Angle of View	42.2	undefined
F-Number	2.85	4.06
Image Height	69.70	69.70
Total Length	171.88	207.25
Magnification	0	-0.50
d0	Infinity	205.61
d15	5.680	11.958
Bf	69.09	98.18
[lens data]
1	313.004	2.00	1.83481	49.24	42.7
2	42.890	11.70		45.64	
3	56.534	7.54	1.80610	46.84	33.3
4	1344.027	5.18		46.84	
5	70.142	7.26	1.49700	41.70	81.6
6	-126.482	7.85		41.70	
7	-253.610	1.45	1.63980	35.70	34.6
8	33.519	4.75	1.80518	35.70	25.5
9	74.839	6.13		33.40	
10	AS	6.64		31.850
11	-38.315	1.40	1.72825	32.86	28.3
12	58.634	9.66	1.49700	34.69	81.6
13	-35.914	0.75		34.69
14	58.416	7.25	1.80610	35.30	40.7
15	-183.734	d15		35.30	
16	2478.431	1.55	1.63980	33.98	34.6
17	49.802	4.90		33.98	
18	126.215	5.57	1.80610	35.38	33.3
19	-69.406	4.08		35.38	
20	-65.521	1.45	1.56883	35.72	56.0
21	146.337	Bf		35.72	
[aspherical data]
15	-183.734	0	1.173E-06
[figure]	
source	Data/US20130222925_Figure025P.png
originX	108.14
originY	68.51
ppmm	1.074
[notes]
Bill: Measured d0.
