[descriptive data]
title	US 2003/0011895 Example 4 (Hasselblad HC 3.5 50 (Fujinon))
[constants]
Scaled	50	1
[variable distances]
Focal Length	50
Angle of View	69.4
F-Number	3.5
Image Height	70
Magnification	0
d0	Infinity
Bf	64.965
[lens data]
1	65.765	2.685	1.80610	59.64	40.9
2	32.540	8.340		48.90
3	109.760	2.285	1.80610	51.46	40.9
4	35.195	11.635		48.46	
5	105.535	8.910	1.78470	51.32	26.3
6	-185.450	2.985		51.32	
7	51.355	4.970	1.80810	45.72	22.8
8	34.230	13.510	1.71300	41.48	53.9
9	-70.405	3.170		41.48	
10	306.940	2.345	1.51742	29.06	52.4
11	34.480	5.320		23.34	
11.4	FS	6.810		18.95
11.5	AS	9.815		18.377
11.6	FS	2.585		19.10	
12	-116.945	3.180	1.77250	25.36	49.6
13	-39.160	1.980		25.36	
14	-20.395	1.590	1.63980	23.65	34.5
15	-691.925	1.490		31.66	
16	-68.115	5.120	1.61800	29.70	63.3
17	-28.500	0.200		31.66	
18	-254.730	8.105	1.49700	39.18	81.5
19	-32.085	Bf		39.18	
[figure]
source	Data/US20030011895_Figure04P.png
originX	24.13
originY	95.60
ppmm	2.291
[notes]
