[descriptive data]
title	US 2005/0013015 Example 5 (Nikon AF-S DX Zoom-Nikkor 17-55mm f/2.8G IF-ED)
[constants]
[variable distances]
Focal Length	17.55	31.43	52.70
Angle of View	83.30	50.04	31.16
F-Number	2.89	2.90	2.91
Image Height	30	30	30
Magnification	0	0	0
d0	Infinity	Infinity	Infinity
d5	42.3175	14.6473	1.7500
d12	1.3500	13.2558	26.8816
d18	19.8298	14.0455	5.7725
Bf(p)	undefined	undefined	undefined
Bf	38.60	42.75	51.92
Aperture Diameter	16.075	17.420	21.221
[lens data]
1	68.8329	2.5000	1.74443	55.76	49.55
2	23.7109	22.4287		45.43
3	-58.4517	1.3000	1.51860	38.22	69.98
4	70.0469	2.9936	1.80518	40.00	25.43
5	243.9094	d5		40.00
6	140.0441	3.4072	1.67790	32.76	55.34
7	-118.9794	0.1000		32.76	
8	124.6930	1.0000	1.84666	32.88	23.78
9	34.2030	5.1696	1.61800	32.88	63.38
10	-189.4107	4.8624		32.88
11	53.9597	5.3000	1.73993	35.68	49.25
12	-211.8800	d12		35.68
13	AS	1.2000		16.075
14	172.5088	4.0000	1.84666	22.26	23.78
15	-28.2347	1.0000	1.80400	23.15	46.58
16	89.6343	1.9000		20.22
17	-39.5906	1.0000	1.80400	20.22	46.58
18	99.5109	d18		23.15
19	-134.6632	2.9801	1.49782	25.58	82.52
20	-28.2015	0.1000		25.58
21	217.9857	4.0048	1.61800	26.90	63.38
22	-73.2014	0.1000		26.90
23	52.8039	5.0164	1.49782	27.90	82.52
24	-32.8433	1.0000	1.84666	27.90	23.78
25	-316.9872	Bf		27.90
[aspherical data]
2	23.7109	-1	4.4061E-06	-5.8929E-11	1.1253E-11	-1.8542E-14	1.3297E-17
6	140.0441	0	-1.9290E-06	2.7118E-10	2.5089E-12		
11	53.9597	0	1.5661E-06	-1.5382E-10	-4.1712E-13	-6.2541E-16	
[figure]
source	Data/US20050013015_Figure21WP.png
originX	9.87
originY	80.36
ppmm	1.723
[notes]
