[descriptive data]
title	US 2020 0166730 Example 1 (Fujifilm Fujinon GF50mm F3.5 R LM WR)
[constants]
AsphericalOddCount	9
[variable distances]
Focal Length	48.57	undefined
Angle of View	60.4	undefined
F-Number	3.56	undefined
Image Height	55	55
Magnification	0	-0.02435
d0	Infinity	2000
d4	6.76	6.03
d12	5.46	6.19
Bf(p)	22.01	22.01
Bf	0	0
[lens data]
1	80.042	1.03	1.64769	20.09	33.84
2	16.036	3.44	1.87070	16.56	40.73
3	90.657	3.21		16.56	
4	AS	d4		13.10	
5	-29.212	1.01	1.61293	13.70	37.01
6	21.196	3.89	1.88300	16.63	39.22
7	-30.375	1.00		16.97	
8	-16.556	1.05	1.54814	15.77	45.83
9	45.149	5.26	1.65160	20.09	58.55
10	-18.741	1.19		20.45	
11	-22.131	1.50	1.77250	21.71	49.50
12	-25.008	d12		23.78	
13	-24.341	3.63	1.84667	25.47	23.79
14	-117.508	4.62		32.18	
15	Infinity	4.86	2.00100	43.09	29.13
16	-62.542	18.83		43.09	
17	CG	2.85	1.51680	60.21	64.20
18	CG	1.31		60.21	
[aspherical data]
11	-22.131	0	0	6.9329378E-05	-1.1194555E-05	1.0209655E-06	4.7100190E-08	-4.7484147E-09	-3.7046349E-10	-1.6184739E-11	2.1199506E-12	1.9561961E-13	5.5631129E-15	-2.0998957E-16	1.0517148E-16	-1.6198261E-17	-3.1633953E-18	3.6331743E-19	-8.3331366E-21	2.3412194E-23
12	-25.008	0	0	9.3215004E-05	-1.5152273E-05	1.6898484E-06	1.1019899E-08	-5.9591306E-09	-3.7120650E-10	8.5503067E-12	2.0154094E-12	2.1470193E-13	5.7714951E-15	-8.4918900E-16	-1.6311106E-16	-5.2589862E-18	-2.6370718E-20	-1.6585141E-20	2.6087053E-20	-1.4985752E-21
[figure]
source	Data/US20200166730_Figure01P.png
originX	76.00
originY	367.52
ppmm	14.925
[notes]
Bill: Magnification and d18 measured. Image Height from Angle of View.
