[descriptive data]
title	US 2015/0168694 Example 1 (Fujifilm Fujinon XF14mm F2.8 R)
[constants]
AsphericalOddCount	9
[variable distances]
Focal Length	14.47
Angle of View	89.0
F-Number	2.88
Image Height	28.4
Total Length	undefined
Magnification	0
d0	Infinity
Bf	13.30
[lens data]
1	45.470	1.28	1.57135	26.94	53.0
2	13.366	5.87		20.40	
3	34.115	2.50	1.58312	18.32	59.4
4	8.652	4.36		15.16	
5	19.242	9.35	1.88299	14.82	40.8
6	-15.365	1.04	1.59270	11.76	35.3
7	65.976	3.50		11.76	
8	AS	4.00		8.402
9	-135.660	0.81	1.54072	9.48	47.2
10	10.267	3.56	1.49700	9.48	81.5
11	310.980	0.15		10.90	
12	16.670	4.58	1.59522	15.48	67.7
13	-38.648	3.48		15.48	
14	-31.646	3.99	1.58312	16.02	59.4
15	-14.923	0.15		16.02	
16	-24.453	1.05	1.67300	16.36	38.1
17	21.331	8.08	1.49700	17.38	81.5
18	-21.331	9.96		21.38	
19	CG	2.80	1.51680	27.92	64.2
20	CG	1.50		27.92	
[aspherical data]
3	34.115	-1	1.0465349E-03	-1.4397107E-03	1.0398983E-03	-3.1920537E-04	9.8764948E-06	2.0049033E-05	-4.5234440E-06	-1.2044515E-07	1.6644987E-07	-1.5441504E-08	-2.0089199E-09	4.2314856E-10	-4.4798993E-12	-4.0229593E-12	2.6771169E-13	8.8641130E-15	-1.4680780E-15	4.1786408E-17
4	8.652	-1	-2.0064589E-04	8.7627361E-04	-4.6280566E-04	5.4357538E-05	5.3965805E-05	-1.8881007E-05	-1.2980213E-06	1.4300798E-06	-9.8782930E-08	-4.7407088E-08	6.8759162E-09	6.8689587E-10	-1.7107481E-10	-1.2623540E-12	1.9335761E-12	-6.5410638E-14	-8.3761467E-15	4.7807633E-16
14	-31.646	-1	6.6209788E-04	-3.0527109E-04	-3.7260454E-04	5.0663981E-04	-2.4264898E-04	3.8450732E-05	9.5922739E-06	-4.7789385E-06	4.4093736E-07	1.0955244E-07	-2.6889472E-08	5.1554995E-10	4.1805549E-10	-4.3160704E-11	-6.5726519E-13	3.3491667E-13	-1.8401488E-14	2.8240933E-16
15	-14.923	-1	1.8582591E-03	-2.2581890E-03	1.3297504E-03	-2.6424215E-04	-5.0654566E-05	2.8177517E-05	-8.5212341E-07	-1.1794696E-06	1.0703228E-07	3.2734368E-08	-4.4313123E-09	-5.5463438E-10	1.0524468E-10	4.0137487E-12	-1.3923536E-12	2.3442922E-14	7.1987544E-15	-3.4821496E-16
[figure]
source	Data/US20150168694_Figure01P.png
originX	4.96
originY	148.44
ppmm	5.699
[notes]
Bill: Standard Fujifilm XF Image Height assumed. Adjusted d18 by 1.50mm to match the figure.
