[descriptive data]
title	US 2017/0059832 Example 4 (Panasonic Lumix G 25mm F1.7 Asph)
[variable distances]
Focal Length	25.8784	26.0073	26.0867
Angle of View	47.2648	46.2464	42.232
F-Number	1.76012	1.79041	1.91463
Image Height	21.63	21.63	21.63
Total Length	71.0046	71.0088	71.0046
Magnification	0	-0.02745	-0.14403
S	Infinity	1011	246
d0	Infinity	939.5121	175
d10	2.35	3.4869	8.6131
d12	9.5295	8.3965	3.2651
Bf(p)	0.00461	0.00488	0.00594
Bf	0	0	0
P	19.8824	19.8824	19.8824
P'	-65.2371	-63.269	-54.0287
H	35.3363	34.9025	32.1589
H'	-25.8783	-26.7205	-29.8449
[lens data]
1	23.8785	4.3000	2.00069	25.14	25.5
2	127.8616	1.5265		25.14	
3	183.8699	0.7000	1.51742	20.12	52.1
4	10.0557	7.3268		15.82	
5	-14.1493	2.7700	1.75211	15.64	25.0
6	22.4277	5.1500	1.72916	17.76	54.7
7	-18.5200	0.6000		18.72	
8	AS	1.7000		16.905
9	36.6880	5.5000	1.80420	19.86	46.5
10	-51.7984	d10		19.86	
11	253.2104	2.5000	1.53380	17.58	55.6
12	22.1105	d12		17.58	
13	31.3591	6.5000	1.53380	21.88	55.6
14	-20.3491	3.5472		20.08
15	-30.6242	1.0000	1.58144	21.18	40.9
16	-82.3348	10.8000		21.18	
17	CG	4.2000	1.51680	23.96	64.2
18	CG	1.0000		23.96	
[aspherical data]
11	253.2104	0	1.61276E-05	-5.81668E-07	-2.09502E-09	7.71341E-10	-2.10800E-11	2.38633E-13	-1.00673E-15
12	22.1105	0	1.81047E-05	1.27838E-06	-1.03829E-07	3.56865E-09	-6.09424E-11	5.06181E-13	-1.58084E-15
13	31.3591	0	1.78062E-05	2.01697E-07	-9.59188E-09	2.58013E-10	-3.40082E-12	2.22992E-14	-5.27487E-17
14	-20.3491	0	4.87160E-05	-1.55628E-07	3.63235E-09	-5.25127E-11	9.47811E-13	-9.91324E-15	4.47375E-17
[figure]
source	Data/US20170059832_Figure07P.png
originX	33.75
originY	185.87
ppmm	5.670
[notes]
Bill: H' adjusted for last vertex. P' adjusted for Bf. Magnification measured.
