[descriptive data]
title	US 2018/0074300 Example 2 (Canon EF-M18-150mm f3.5-6.3 IS STM)
[constants]
[variable distances]
Focal Length	18.56	48.87	145.41
Angle of View	72.70	31.24	10.74
F-Number	3.60	5.56	6.49
Image Height	27.32	27.32	27.32
Total Length	103.26	118.62	145.33
Magnification	0	0.00	0.00
d0	Infinity	Infinity	Infinity
d5	0.60	15.03	39.50
d13	24.58	9.87	1.94
d18	2.75	2.30	2.95
d21	1.54	1.99	1.34
d24	1.40	3.27	1.40
d27	12.39	10.52	12.39
d29	0.80	16.44	26.62
Bf	10.65	10.65	10.65
[lens data]
1	98.040	1.60	1.91082	40.78	35.3
2	49.070	5.79	1.49700	38.00	81.5
3	-423.769	0.15		37.77	
4	45.509	4.82	1.59522	36.59	67.7
5	332.437	d5		35.87	
6	86.952	1.10	1.95375	23.34	32.3
7	13.484	5.75		18.51	
8	-31.460	0.80	1.77250	17.99	49.6
9	70.614	0.15		17.75	
10	28.240	4.95	1.84666	17.78	23.9
11	-32.556	0.70		17.12	
12	-21.847	0.85	1.69680	16.95	55.5
13	-120.000	d13		16.49	
14	AS	0.70		13.12	
15	13.204	4.34	1.58313	13.74	59.4
16	-61.870	0.99		13.16	
17	25.887	1.13	1.83481	12.21	42.7
18	12.752	d18		11.37	
19	23.617	0.60	1.90366	11.20	31.3
20	12.334	3.07	1.69680	10.90	55.5
21	-186.310	d21		10.64	
22	-407.535	3.18	1.51633	11.05	64.1
23	-11.485	0.79	2.00069	11.40	25.5
24	-16.338	d24		11.89	
25	69.672	1.63	1.89286	12.10	20.4
26	-69.673	0.70	1.74951	12.05	35.3
27	15.570	d27		11.92	
28	-13.580	1.80	1.53160	16.54	55.8
29	-20.993	d29		18.70	
30	-66.048	2.96	1.76200	26.44	40.1
31	-31.014	Bf		27.00	
[aspherical data]
15	13.204	0	-3.70870E-05	-9.06300E-08	1.50901E-09	8.60362E-12
16	-61.87	0	4.21568E-05	-3.28652E-08	2.46762E-09	5.11535E-12
28	-13.58	0	-4.90424E-05	-2.47272E-07	3.25583E-09	
29	-20.993	0	-4.47195E-05	-1.49024E-07	2.93480E-09	-9.51658E-12
[figure]
source	Data/US20180074300_Figure03AP.png
originX	18.52
originY	125.44
ppmm	3.316
[notes]
Bill: Patent diameters.
