[descriptive data]
title	US 2011/0102905 Example 1 (Nikon AF-S DX Nikkor 55-300mm f/4.5-5.6G ED VR)
[constants]
[variable distances]
Focal Length	56.09	129.95	293.90
Angle of View	29.52	12.32	5.54
F-Number	4.63	4.91	5.88
Image Height	29.00	29.00	29.00
Total Length	166.62	194.87	208.59
Magnification	0	0	0
d0	Infinity	Infinity	Infinity
d5	4.35	43.24	55.74
d10	39.77	24.45	2.35
d20	17.20	17.20	17.20
d23	3.20	3.20	3.20
Bf	40.20	44.88	68.20
Aperture Diameter	21.332	21.405	23.155
[lens data]
1	267.2708	4.40	1.51680	53.24	64.10
2	-267.2701	0.20		53.24	
3	76.5471	2.00	1.78472	51.68	25.68
4	52.6873	8.20	1.49700	50.36	81.54
5	1207.6009	d5		50.36	
6	-246.6847	1.20	1.74100	24.23	52.67
7	19.6258	3.80	1.84666	23.47	23.78
8	44.5733	3.40		23.47	
9	-41.2120	1.20	1.80400	23.47	46.57
10	-357.8603	d10		23.47	
11	AS	1.80		21.332
12	70.0435	3.10	1.69680	25.97	55.52
13	-211.0000	0.20		25.97	
14	69.6788	3.10	1.69680	26.35	55.52
15	-230.0000	0.20		26.35	
16	52.6910	4.80	1.49700	25.20	81.54
17	-52.6889	1.20	1.90366	24.05	31.27
18	43.1764	0.20		24.05	
19	29.0997	4.60	1.56384	23.65	60.67
20	-547.7122	d20		23.65	
21	522.7391	1.10	1.77250	16.63	49.61
22	17.9430	1.90	2.00069	16.31	25.46
23	28.0061	d23		16.31	
24	49.1627	4.50	1.64769	16.47	33.80
25	-28.8622	3.00	1.72000	16.47	50.23
26	-52.2713	2.80		17.24	
27	-26.8616	4.00	1.48749	17.24	70.41
28	-15.4005	1.00	1.80100	17.24	34.96
29	-36.4531	Bf		18.47	
[figure]	
source	Data/US20110102905_Figure01P.png
originX	15.18
originY	82.45
ppmm	1.842
[notes]
