[descriptive data]
title	US 2018/0246292 Example 1 (Fujifilm Fujinon XF80mm F2.8 R LM OIS WR Macro)
[constants]
[variable distances]
Focal Length	78.79	undefined
Angle of View	20.2	5.0
F-Number	2.88	3.99
Image Height	28.40	28.40
Magnification	0	-1.0
d0	Infinity	106.31
d8	2.34	17.69
d13	20.39	5.04
d14	19.53	3.58
d19	6.50	22.45
Bf	0	0
[lens data]
1	119.8423	5.44	1.72916	43.70	54.67
2	-119.8423	0.80		43.70	
3	59.8966	5.67	1.49700	35.56	81.54
4	-101.2948	0.71		35.56	
5	-67.2399	1.25	1.62588	33.06	35.70
6	27.2189	0.80		28.84	
7	25.2054	8.70	1.58313	28.92	59.46
8	-75.3450	d8		28.92	
9	-115.0082	1.00	1.58913	24.82	61.13
10	21.8873	3.20		21.20
11	-168.1721	0.96	1.67300	24.72	38.15
12	22.3200	3.54	2.00069	22.64	25.46
13	95.1317	d13		22.64	
14	AS	d14		19.534
15	75.2429	3.52	1.43875	24.08	94.66
16	-48.6919	0.10		24.08	
17	51.9815	4.34	1.49700	22.88	81.54
18	-33.6900	1.10	1.84666	22.88	23.78
19	-60.0019	d19		23.32	
20	-94.7357	2.57	2.00272	23.42	19.32
21	-33.8670	0.91	1.69700	23.42	48.52
22	33.8670	1.56		21.19
23	395.2263	0.90	1.53775	21.19	74.70
24	31.3496	3.60		22.12	
25	37.5229	3.41	1.95375	26.70	32.32
26	709.7839	0.10		26.70	
27	59.0208	4.90	1.51680	26.16	64.20
28	-43.1090	1.07	1.95906	26.16	17.47
29	-528.8086	27.42		26.70	
30	CG	2.85	1.51680	28.62	64.20
31	CG	1.00		28.62	
[aspherical data]
7	25.2054	0	-3.4416765E-06	-1.0271248E-08	7.8474028E-11	-1.3012707E-12	5.9808897E-15	1.5649754E-17	-3.3871063E-19	1.5229577E-21	-2.5292727E-24
8	-75.3450	0	-5.6320686E-07	-7.1694496E-09	5.3448304E-11	-8.2554920E-13	2.0690520E-15	8.6700401E-18	-2.1215378E-20	-2.8133141E-22	7.4217077E-25
[figure]	
source	Data/US20180246292_Figure01P.png
originX	24.57
originY	141.60
ppmm	3.205
[notes]
Bill: d0 measured.
