[descriptive data]
title	US 2011/0157719 Example 4 (Samsung 50-200mm F4-5.6 ED OIS III)
[constants]
[variable distances]
Focal Length	51.91	80.12	193.21	undefined	undefined	undefined
Angle of View	undefined	undefined	undefined	undefined	undefined	undefined
F-Number	4.12	4.70	5.77	undefined	undefined	undefined
Image Height	28.50	28.50	28.50	28.50	28.50	28.50
Total Length	undefined	undefined	undefined	undefined	undefined	undefined
Magnification	0	0	0	-0.058	-0.089	-0.200
d0	Infinity	Infinity	Infinity	855.513	832.081	798.982
d5	3.998	27.415	60.536	3.998	27.415	60.536
d12	21.801	15.717	1.500	21.801	15.717	1.500
d20	8.630	6.980	8.672	8.630	6.980	8.672
d23	1.696	1.696	1.696	3.063	4.248	12.983
d27	14.826	14.826	14.826	13.459	12.273	3.538
d31	17.656	25.390	37.916	17.656	25.390	37.916
Bf	0	0	0	0	0	0
[lens data]
1	682.727	1.30	1.80518	44.70	25.5
2	190.659	3.90	1.48749	44.70	70.4
3	-178.208	0.10		44.70	
4	67.542	3.71	1.49700	44.18	81.6
5	222.157	d5		44.18	
6	-195.946	1.20	1.83481	22.50	42.7
7	25.905	1.44		19.28	
8	27.146	2.68	1.84666	21.46	23.8
9	67.921	4.37		21.46	
10	-52.368	1.20	1.88300	21.38	40.8
11	57.368	2.23	1.84666	22.34	23.8
12	-630.280	d12		22.34	
13	58.642	2.83	1.83400	24.96	37.3
14	-87.116	0.10		24.96	
15	24.325	3.27	1.49700	23.74	81.6
16	116.244	3.18		23.74	
17	23.587	3.78	1.48749	20.06	70.4
18	-50.181	1.00	1.84666	20.06	23.8
19	23.263	2.74		15.80	
20	AS	d20		14.612
21	158.968	3.67	1.74950	17.00	35.0
22	-12.330	0.80	1.83400	17.00	37.3
23	-38.046	d23		17.00	
24	-30.423	1.60	1.69895	17.32	30.1
25	-18.589	2.82		17.32	
26	-17.901	0.80	1.83481	15.14	42.7
27	-92.802	d27		16.88	
28	-20.790	1.20	1.61800	20.92	63.4
29	-57.361	0.10		23.66	
30	403.359	2.53	1.80610	25.74	33.3
31	-53.208	d31		25.74	
32	CG	2.80	1.51680	32.50	64.2
33	CG	0.53		32.50	
[figure]
source	Data/US20110157719_Figure07WP.png
originX	92.95
originY	505.03
ppmm	12.882
[notes]
