[descriptive data]
title	US 2010/0220400 Example 2 (Nikon AF-S Nikkor 28-300mm f/3.5-5.6G ED VR)
[constants]
[variable distances]
Focal Length	28.79	100.00	292.00	undefined	undefined	undefined
Angle of View	76.52	23.32	8.16	undefined	undefined	undefined
F-Number	3.57	5.34	5.96	undefined	undefined	undefined
NA	undefined	undefined	undefined	0.14	0.09	0.08
Image Height	43.2	43.2	43.2	43.2	43.2	43.2
Total Length	159.888	205.193	232.653	undefined	undefined	undefined
Magnification	0	0	0	-0.03333	-0.03333	-0.03333
d0	Infinity	Infinity	Infinity	812.44	2795.19	7015.03
d5	2.534	37.442	63.214	1.853	36.751	59.870
d13	30.341	13.263	1.585	31.022	13.954	4.929
d22	2.961	6.701	7.803	2.961	6.701	7.803
d28	6.152	2.412	1.310	6.152	2.412	1.310
Bf(p)	38.422	65.896	79.261	undefined	undefined	undefined
Bf	38.422	65.896	79.261	38.22	65.81	79.15
Aperture Diameter	20.224	20.156	21.079	20.224	20.156	21.079
[lens data]
1	125.8687	2.000	1.90366	64.61	31.27
2	68.2116	9.300	1.49782	59.86	82.56
3	-1478.5570	0.100		59.86
4	68.1452	6.700	1.60300	56.48	65.47
5	484.4905	d5		56.48	
6	590.8560	1.300	1.76546	33.55	46.73
7	18.5437	7.000		25.08	
8	-38.3401	1.000	1.80400	25.08	46.58
9	-310.1534	0.100		25.08	
10	38.1237	4.850	1.84666	23.55	23.78
11	-44.8791	0.950		23.55
12	-29.4340	1.000	1.80400	21.92	46.58
13	99.9238	d13		21.92
14	AS	0.500		20.224
15	53.3960	3.400	1.72916	23.16	54.66
16	-92.1030	0.100		23.16	
17	39.7508	5.000	1.49782	23.16	82.56
18	-41.4651	1.000	1.84666	22.58	23.78
19	-356.7126	0.100		22.58	
20	32.9053	1.400	1.81600	22.58	46.63
21	15.5333	6.600	1.51823	21.50	58.89
22	-67.2953	d22		21.50	
23	-79.1792	1.000	1.77250	17.12	49.61
24	15.8779	3.000	1.85026	16.70	32.34
25	51.8482	4.888		16.70	
26	-23.4054	0.190	1.55389	17.80	38.09
27	-23.4054	1.200	1.72916	17.80	54.66
28	-47.5480	d28		17.80	
29	83.9836	5.600	1.56384	24.92	60.69
30	-26.4280	0.300		24.92	
31	59.3963	6.900	1.54814	25.18	45.79
32	-21.2296	1.100	1.90366	25.18	31.27
33	-43.5914	1.600		25.18	
34	-28.9812	1.300	1.82080	25.04	42.64
35	-136.6351	Bf		25.98	
[aspherical data]
6	590.8560	-10.1146	6.3564E-06	-7.7687E-09	-2.5438E-11	1.9354E-13
13	99.9238	0	1.0045E-06	-1.4086E-08	9.7383E-12	
27	-23.4054	-1.2178	1.5514E-06	2.9382E-08	1.0938E-10	
35	-136.6351	0	-8.5226E-06	1.1090E-08	-4.8097E-11	1.4630E-13
[figure]
source	Data/US20100220400_Figure04P.png
originX	35
originY	320
ppmm	7.185
[notes]
Bill: Total Length off by 2.302, 2.303, 2.304mm. G4 focal length wrong.
Adjusted S25 from 2.586 to 4.888 which fixed G4 focal length and made Total Length better.
G1	1	109.348
G2	6	-17.324
G3	14	25.755
G4	23	-25.979
G5	29	43.376
