[descriptive data]
title	US 2020/0333569 Example 1 (Fujifilm Fujinon 23mm F2.0 II Super EBC (X100V))
[constants]
AsphericalOddCount	9
[variable distances]
Focal Length	23.689
Angle of View	62.0
F-Number	2.06
Total_Length	38.35
Image Height	28.40
Magnification	0
d0	Infinity
Bf	0
[lens data]
1	30.98019	0.59	1.71736	19.98	29.51
2	12.42900	2.67	1.88300	13.77	39.22
3	64.17602	1.57		13.77
4	AS	5.88		10.544
5	-10.58606	0.61	1.69895	11.39	30.05
6	42.29500	4.35	1.77250	16.73	49.61
7	-15.33039	0.20		16.73
8	34.72225	5.00	1.80780	20.00	40.86
9	-33.47682	1.10		19.22	
10	666.57127	2.84	1.51633	20.97	64.06
11	135.03773	5.86		19.96	
12	-15.17144	0.74	1.69895	20.37	30.05
13	Infinity	0.10		24.45
14	82.50113	1.98	1.88300	26.51	39.22
15	Infinity	3.504		26.51
16	CG	1.30	1.51680	28.00	64.20
17	CG	0.50		28.00
[aspherical data]
8	34.72225	0	-1.5217964E-04	2.4706739E-04	-1.9986864E-04	1.0534079E-04	-3.4430391E-05	6.9668708E-06	-8.2587997E-07	4.6910827E-08	-5.7981580E-10	2.2371123E-10	-6.8464232E-11	7.0551541E-12	-3.2955028E-13	6.0646736E-15	-3.1163867E-18	-7.1851751E-19	1.1695193E-20	1.8644650E-21
9	-33.47682	0	4.6707088E-04	-1.0166693E-04	3.6407193E-05	-1.3756074E-05	5.1076177E-06	-1.2536522E-06	1.9023164E-07	-1.5587710E-08	2.8140078E-10	3.2636450E-11	5.0343516E-12	-1.2681241E-12	8.7906193E-14	-2.0482602E-15	-4.9884016E-19	5.2732620E-19	-1.8316881E-19	8.4138980E-21
10	666.57127	0	6.9988571E-04	-7.8490068E-05	-2.3476671E-05	1.7123418E-05	-4.1267936E-06	5.0213388E-07	-1.9486235E-09	-8.2542881E-09	1.0151630E-09	-3.1786078E-11	-2.6828331E-12	1.9590923E-13	6.6935119E-15	-8.5735230E-16	-4.4918245E-18	1.6151998E-18	8.0183252E-20	-8.8086271E-21
11	135.03773	0	-2.3771611E-04	1.7211189E-04	-4.3702546E-06	-1.5476285E-05	5.2884500E-06	-6.7258964E-07	1.3917510E-09	1.0109269E-08	-1.2035642E-09	5.9393956E-11	-3.9309708E-12	6.5830604E-13	-5.2709876E-14	1.1668344E-15	2.1822742E-17	3.5346850E-19	3.5695647E-19	-3.5705496E-20
[figure]
source	Data/US20200333569_Figure02P.png
originX	4.54
originY	89.18
ppmm	6.455
[notes]
