[descriptive data]					
title	US 2015/0192839 Example 5 (Panasonic Leica DG Nocticron 42.5mm F1.2 Asph Power OIS)
[constants]			
[variable distances]					
Focal Length	41.6508	41.8044	42.1822
Angle of View	29.4146	28.9786	26.5368
F-Number	1.2840	1.2997	1.3947
Image Height	21.63	21.63	21.63
Total Length	92.4997	92.4997	92.4997
Magnification	0	-0.01497	-0.10866
S	Infinity	3000	500
d0	Infinity	2907.5000	407.5000
d15	1.6489	2.3293	6.5938
d17	7.2205	6.5401	2.2756
Bf	-0.00016	-0.00018	-0.00019
P	41.2669	41.2669	41.2669
P'	-63.0615	-62.3743	-57.3321
H	55.4082	54.7818	49.9063
H'(p)	50.8490	50.0969	46.0323
H'	-41.6507	-42.4028	-46.4674
[lens data]					
1	77.5508	5.7078	2.00069	46.56	25.50
2	-407.4695	0.4000		46.56	
3	23.7493	4.0893	1.91082	30.92	35.20
4	26.6173	3.1943		28.12	
5	104.0316	0.8500	1.71736	30.30	29.50
6	21.7306	6.8715		25.40	
7	-41.7509	0.8500	1.74077	26.46	27.80
8	32.1161	6.0810	1.72916	25.16	54.70
9	-44.9242	2.1267		25.16	
10	-23.7707	1.1332	1.73800	25.44	32.30
11	555.7835	5.7337	1.91082	29.44	35.20
12	-32.9039	0.7000		29.44	
13	AS	1.2000		28.124
14	35.5272	4.8570	1.77010	29.74	49.70
15	-251.6466	d15		29.74	
16	357.6009	0.8000	1.64769	26.74	33.80
17	24.4410	d17		24.86	
18	21.8767	2.3888	1.49700	24.78	81.60
19	26.4049	2.4748		24.78	
20	31.6608	3.2800	1.77010	22.46	49.70
21	350.8878	0.6781		22.46	
22	41.3662	1.0176	1.58144	23.54	40.90
23	19.2335	3.2914		21.90	
24	48.2590	4.9831	1.91082	22.38	35.20
25	-29.5653	0.9000	1.72047	22.38	34.70
26	125.0004	14.8222		23.96	
27	CG	4.2000	1.51680	22.46	64.20
28	CG	1.0000		22.46	
[aspherical data]
14	35.5272	-0.632271	-1.42435E-07	4.80045E-10	-4.47091E-11	6.57429E-13	-4.36493E-15	1.40294E-17	-1.77567E-20
20	31.6608	-1.19401	2.50312E-06	-6.28166E-09	2.11966E-10	-3.72303E-12	2.97405E-14	-1.15161E-16	1.74070E-19
[figure]
source	Data/US20150192839_Figure09P.png
originX	36.37
originY	175.48
ppmm	4.680
[notes]
Bill: Patent H' adjusted for last vertex.
