[descriptive data]
title	US 2015/0177500 Example 1 (Fujifilm Fujinon XF18-55mm F2.8-4 R LM OIS)
[metadata]
[constants]
AsphericalOddCount	9
[variable distances]
Focal Length	18.56	31.50	53.46
Angle of View	79.4	47.6	28.6
F-Number	2.89	3.52	4.13
Image Height	28.40	28.40	28.40
Total Length	undefined	undefined	undefined
Magnification	0	0	0
d0	Infinity	Infinity	Infinity
d3	0.60	12.50	25.01
d9	13.80	6.91	1.58
d18	3.82	1.98	1.52
d23	3.30	12.03	20.41
Bf	0	0	0
Aperture Diameter	11.638	11.386	11.235
[lens data]
1	51.5416	1.35	1.92286	41.52	18.90
2	35.0700	6.59	1.83481	38.34	42.73
3	209.5025	d3		38.34	
4	125.0732	1.00	1.62041	27.86	60.29
5	10.6516	7.00		19.19	
6	-135.8461	1.05	1.69098	18.36	52.95
7	35.9134	0.10		18.36
8	28.4414	2.20	1.92286	18.07	18.90
9	82.7316	d9		18.07
10	AS	1.30		11.638
11	20.0172	2.80	1.80348	13.88	40.44
12	-112.9886	0.41		13.22
13	-46.0437	0.70	1.67270	13.22	32.10
14	16.7820	4.01	1.49700	12.56	81.54
15	-16.7820	2.30		12.56	
16	-25.3157	2.20	1.88300	14.54	40.76
17	-12.6840	0.71	1.63930	15.62	44.87
18	37.9929	d18		15.62	
19	26.9327	4.00	1.69098	16.38	52.95
20	-29.4415	3.80		16.38	
21	-143.2379	0.80	1.83400	18.58	37.16
22	17.9890	2.92	1.48749	18.58	70.23
23	52.4550	d23		18.58	
24	56.9749	3.70	1.76200	29.06	40.10
25	-260.0272	11.83		29.06	
26	CG	2.85	1.51680	28.30	64.20
27	CG	2.42		28.30	
[aspherical data]
6	-135.8461	0	2.8680435E-04	-3.9606900E-04	9.6790033E-05	-1.0299938E-05	-4.7183893E-08	4.8830620E-08	2.8165954E-09	-7.8456146E-11	-1.9153122E-11	-1.6490387E-12	-2.8876807E-14	-3.1702830E-15	-7.1431744E-16	-4.2397046E-17	-1.1404544E-17	5.7084738E-18	5.4911330E-19	-7.6120916E-20
7	35.9134	0	1.4710535E-05	-2.5234353E-04	4.6561754E-05	-1.8863447E-06	-6.6117816E-07	8.2982647E-09	8.5750395E-09	6.6105996E-10	-2.5092683E-11	-1.1264706E-11	-1.2106212E-12	-1.1330751E-14	1.2237835E-14	1.9833659E-15	9.1340677E-17	-1.8548064E-17	-3.0052754E-18	2.3872349E-19
11	20.0172	0	7.3438711E-05	-9.4826486E-05	4.8179429E-05	-8.0733758E-06	-1.8747216E-06	9.2289795E-07	-1.0322294E-07	2.4327727E-09	-9.9236793E-10	1.2442535E-11	3.1439069E-11	3.7267059E-12	-3.3950388E-13	-7.3787814E-14	-1.5506159E-14	1.7800306E-16	6.1454204E-16	-4.1314580E-17
12	-112.9886	0	1.5350520E-04	-1.1234510E-05	-2.7955827E-05	2.5344483E-05	-5.7895894E-06	2.7149949E-07	-7.7087474E-09	1.9673684E-08	-3.2960969E-10	-4.9795800E-10	-7.1976033E-11	7.4278993E-12	6.0588979E-12	-8.0903072E-13	-1.5774630E-14	-1.1585061E-15	1.3703794E-15	-8.5615323E-17
19	26.9327	0	1.2573913E-04	-1.3483498E-04	4.5494707E-05	-7.5505829E-06	5.5708415E-07	-7.0799306E-08	2.4324572E-08	-2.5318801E-09	3.1163560E-11	-2.5903722E-11	5.8337715E-12	-9.3756335E-14	-3.8335644E-14	2.2295140E-15	2.0027372E-17	-1.9289346E-18	-9.9096954E-19	6.9998913E-20
20	-29.4415	0	1.1028933E-04	-4.2533206E-05	1.8296780E-05	-4.0469416E-06	1.1053299E-06	-1.8753429E-07	7.5019091E-09	7.7102039E-10	3.0528520E-10	-4.8459994E-11	-2.5038094E-12	-2.2579873E-13	1.8387367E-13	-1.3190284E-14	-8.0764066E-17	6.5915836E-18	1.4602602E-18	-3.2280458E-20
[figure]
source	Data/US20150177500_Figure01WP.png
originX	5.57
originY	146.52
ppmm	4.741
[notes]
