[descriptive data]
title	US 2020/0341238 Example 3 (Leica Elmarit-TL 18mm F2.8 Asph)
[constants]
[variable distances]
Focal Length	18.4556
Angle of View	75.8042
F-Number	2.90444
Image Height	26.4000
Total Length	38.9660
Magnification	0
d0	Infinity
Bf	15.26634
P	6.5973
P'	-25.4382
H	16.6850
H'	-3.1893
[lens data]
1	11.5048	1.6587	2.00100	12.65	29.1
2	16.0605	0.4000		11.48
3	9.1135	0.6000	1.69384	9.84	53.1
4	5.7177	3.8530		8.12
5	AS	2.2075		5.758
6	-58.8092	2.5278	1.83481	6.04	42.7
7	-5.4706	0.0050	1.56732	7.10	42.8
8	-5.4706	0.4500	1.84666	7.10	23.8
9	-20.1424	1.1630		8.26
10	-8.3145	0.5000	1.69895	9.07	30.0
11	69.1883	0.0050	1.56732	11.20	42.8
12	69.1883	3.4076	2.00100	11.20	29.1
13	-10.7881	2.6130		12.40
14	-33.9521	2.3591	1.77200	14.69	50.0
15	-14.0739	1.3000		15.60
16	-18.9964	0.6500	1.80809	16.19	22.8
17	-33.4056	Bf		16.90
[aspherical data]
3	9.1135	0	-1.61457E-04	7.00707E-06	-1.73998E-07	1.71888E-09		
4	5.7177	-0.531488	1.83770E-04	9.56358E-06	2.36100E-07	4.57222E-09		
14	-33.9521	0	-3.34972E-05	-1.35259E-06	4.18710E-08	-6.42356E-10		
15	-14.0739	-2.04613	-5.18764E-05	-2.72762E-07	-7.09851E-09	6.26453E-10	-1.31377E-11	5.97116E-14
[figure]
source	Data/US20200341238_Figure05P.png
originX	35.52
originY	373.95
ppmm	40.189
[notes]
Bill: H' adjusted to last lens vertex.
