[descriptive data]
title	US 2017/0090163 Example 1 ML (Fujifilm Fujinon XF50-140mm F2.8 R LM OIS WR)
[metadata]
[constants]
[variable distances]
Focal Length	51.52	83.69	135.96
Angle of View	30.6	18.8	11.6
F-Number	2.88	2.89	2.88
Image Height	28.40	28.40	28.40
Total Length	undefined	undefined	undefined
Magnification	0	0	0
d0	Infinity	Infinity	Infinity
d7	1.39	19.54	31.16
d15	14.30	9.95	2.69
d20	27.99	14.19	9.82
Bf	29.41	29.41	29.41
[lens data]
1	314.4308	2.29	1.80100	60.32	34.97
2	80.8630	7.40	1.49700	55.20	81.54
3	-411.8253	0.20		55.20	
4	70.8095	7.10	1.43875	55.04	94.94
5	Infinity	0.20		55.04	
6	69.9388	5.24	1.49700	53.50	81.54
7	243.2625	d7		53.50	
8	97.3350	6.28	1.72047	34.56	34.71
9	-44.4430	1.54	1.62230	34.56	53.17
10	24.5106	5.60		25.34	
11	-67.3261	1.41	1.49700	28.74	81.54
12	26.8210	4.00	1.84661	25.16	23.88
13	128.9145	3.13		24.73
14	-31.5621	1.20	1.91082	24.73	35.25
15	268.8915	d15		28.06	
16	-454.7411	2.85	1.80100	25.50	34.97
17	-44.3534	0.10		25.50	
18	73.4584	4.26	1.61800	25.50	63.33
19	-43.2070	1.17	1.80518	25.50	25.42
20	Infinity	d20		29.26	
21	AS	1.30		24.511
22	27.8674	7.05	1.49700	28.78	81.54
23	-58.7589	0.15		28.78	
24	34.5685	2.57	1.65412	24.18	39.68
25	84.5573	1.80		21.16
26	-50.7158	1.10	1.90366	21.16	31.31
27	23.9830	5.21	1.49700	21.68	81.54
28	-62.4364	2.80		21.68	
29	452.2104	3.76	1.80518	21.12	25.42
30	-23.3710	0.96	1.58913	21.24	61.13
31	39.4316	2.48		19.80
32	-40.8960	1.00	1.80100	19.80	34.97
33	60.1440	3.97		21.46	
34	53.0700	5.36	1.80000	26.36	29.84
35	-37.6531	4.95		26.36	
36	49.5305	6.46	1.48749	25.84	70.24
37	-26.0930	1.31	1.80518	25.84	25.42
38	-92.8937	4.40		29.42	
39	-27.4751	1.26	1.91082	27.22	35.25
40	-40.9228	26.4281		29.32	
41	CG	2.85	1.51680	29.74	64.20
42	CG	1.10		29.74	
[figure]
source	Data/US20170090163_Figure02MLP.png
originX	5.95
originY	148.48
ppmm	2.734
[notes]
