[descriptive data]
title	US 2012/0002298 Example 6 (Ricoh smc Pentax-DA 18-135mm F3.5-5.6ED AL[IF] DC WR)
[constants]
[variable distances]
Focal Length	18.60	70.08	131.83
Angle of View	76.70	22.32	12.02
F-Number	3.60	5.20	5.81
Image Height	28.48	28.48	28.48
Total Length	116.95	153.43	168.45
Magnification	0	0	0
d0	Infinity	Infinity	Infinity
d5	2.500	32.793	44.107
d14	19.392	6.640	1.946
d21	7.397	2.442	1.900
Bf	36.820	60.709	69.652
[lens data]
1	139.583	1.800	1.84666	49.84	23.8
2	61.443	7.709	1.51680	49.84	64.2
3	-439.811	0.150		49.84	
4	50.391	5.008	1.77250	44.16	49.6
5	149.603	d5		44.16	
6	5919.346	0.200	1.52972	22.86	42.7
7	187.094	1.250	1.83481	22.86	42.7
8	12.540	5.270		16.96	
9	-39.288	1.220	1.83481	16.64	42.7
10	49.013	0.500		16.64	
11	29.258	3.680	1.84666	15.44	23.8
12	-29.258	0.685		15.44	
13	-19.620	1.250	1.77250	15.12	49.6
14	-111.613	d14		15.12	
15	AS	0.700		13.381
16	57.787	2.282	1.48749	14.34	70.4
17	-57.787	0.500		14.34	
18	22.604	3.437	1.48749	14.90	70.4
19	-186.802	0.657		14.90	
20	-40.215	1.300	1.70154	14.90	41.2
21	267.580	d21		14.90	
22	20.484	5.317	1.49700	16.20	81.6
23	-43.744	1.916		16.20	
24	-168.751	1.500	1.80440	15.84	39.6
25	14.905	4.514	1.58913	15.84	61.2
26	-144.920	Bf		15.84	
[aspherical data]
6	5919.346	0	3.278E-05	-8.984E-08	2.257E-10	-1.012E-13
26	-144.920	0	5.045E-05	1.998E-07	5.180E-10	
[figure]	
source	Data/US20120002298_Figure34P.png
originX	143.03
originY	141.03
ppmm	3.182
[notes]
