[descriptive data]
title	Nikon AF-S DX VR Zoom-Nikkor 18-200mm f/3.5-5.6G IF-ED (US 2010/0220400 Example 4)
[constants]
[variable distances]
Focal Length	18.50	70.24	195.00	undefined	undefined	undefined
Angle of View	79.78	22.88	8.44	undefined	undefined	undefined
F-Number	3.58	5.11	5.89	undefined	undefined	undefined
NA	undefined	undefined	undefined	0.14	0.10	0.08
Image Height	29.0	29.0	29.0	29.0	29.0	29.0
Total Length	141.720	183.030	207.403	undefined	undefined	undefined
Magnification	0	0	0	-0.03333	-0.03333	-0.03333
d0	Infinity	Infinity	Infinity	553.95	2001.85	5012.44
d5	2.070	38.000	60.000	3.280	37.822	58.174
d14	29.400	11.000	1.800	28.189	11.177	3.625
d25	7.500	2.000	0.400	7.500	2.000	0.400
Bf(p)	38.000	67.280	80.450	undefined	undefined	undefined
Bf	38.000	67.280	80.450	38.10	67.84	84.29
Aperture Diameter	14.838	14.812	14.823	14.838	14.812	14.823
[lens data]
1	131.6264	2.000	1.850260	59.02	32.35
2	64.5215	8.800	1.497000	57.58	81.61
3	-502.5306	0.100		57.58	
4	60.4775	6.300	1.603000	54.92	65.47
5	295.9384	d5		54.92	
6	757.8898	0.150	1.553890	29.94	38.09
7	150.0000	1.200	1.816000	29.94	46.63
8	14.7418	6.500		21.88
9	-37.4285	1.000	1.816000	21.88	46.63
10	855.9338	0.100		21.88	
11	36.4002	4.800	1.846660	21.88	23.78
12	-38.2802	0.900		21.88	
13	-25.9865	1.000	1.788000	21.88	47.38
14	250.1396	d14		21.88
15	AS	0.500		14.838	
16	39.9769	3.000	1.603000	16.82	65.47
17	-39.9769	0.100		16.82	
18	27.0291	3.600	1.497000	16.62	81.61
19	-30.9025	1.000	1.850260	15.80	32.35
20	15022.6378	3.000		15.80	
21	-47.6472	0.100	1.553890	16.20	38.09
22	-54.8674	1.000	1.772500	16.20	49.61
23	28.9153	1.800	1.805180	16.20	25.43
24	77.8261	2.600		16.20	
25	FS	d25		18.06	
26	74.7506	4.400	1.676974	21.32	54.52
27	-32.8683	0.600		21.32	
28	113.7229	4.000	1.487490	21.32	70.24
29	-31.3823	1.400	1.834000	21.32	37.17
30	57.5744	1.500		20.72	
31	-127.9425	3.300	1.516800	20.72	64.12
32	-27.8519	Bf		22.36	
[aspherical data]
6	757.8898	0	1.85064E-05	-5.88122E-08	1.30157E-10	-1.19816E-13
14	250.1396	0	6.90787E-07	-1.55867E-08	-1.21063E-10	7.07360E-13
21	-47.6472	0	8.67713E-06	2.45288E-09		
26	74.7506	0	-1.85346E-05	3.98364E-09		
[figure]
source	Data/US20100220400_Figure10P.png
originX	31
originY	285
ppmm	6.904
[notes]
