[descriptive data]
title	US 2015/0097989 Example 2 (Panasonic Lumix G Vario 12-32mm F3.5-5.6 Asph Mega OIS)
[variable distances]
Focal Length	12.4800	19.5303	30.7200
Angle of View	89.8470	59.9566	38.2808
F-Number	3.62286	4.70493	5.83562
Image Height	21.63	21.63	21.63
Total Length	65.3658	63.3359	63.6079
Magnification	0	0	0
d0	Infinity	Infinity	Infinity
d6	18.2733	8.9425	1.7736
d13	4.9675	8.6184	16.0093
d15	4.6258	8.2758	8.3258
Bf	14.1992	14.1992	14.1992
P	10.6761	8.7730	6.3908
P'	-27.9972	-51.8418	-68.7119
H	19.4651	22.5276	25.7285
H'	1.7191	-5.3311	-16.5208
Aperture Diameter	8.686	8.208	8.203
[lens data]
1	25.1140	0.8000	1.90366	19.82	31.3
2	9.3220	5.1500		15.98	
3	-100.0000	0.6500	1.80755	15.44	40.9
4	29.4810	0.7000		15.44	
5	20.4400	2.0000	1.94595	15.26	18.0
6	79.7700	d6		15.26	
7	AS	1.0000		8.686
8	11.8880	2.0000	1.80755	10.12	40.9
9	130.0720	2.9200		10.12	
10	97.9930	0.6000	1.90366	9.16	31.3
11	7.4520	0.0100	1.56732	8.90	42.8
12	7.4520	2.8000	1.59282	8.90	68.6
13	-16.3480	d13		8.90	
14	-35.2450	0.8000	1.54360	11.94	56.0
15	18.9740	d15		11.94	
16	38.2070	3.8700	1.61800	20.16	63.4
17	-38.2070	Bf		20.16	
[aspherical data]
3	-100.0000	0	1.40550E-04	-1.58941E-06	6.43519E-09	-1.87697E-11	
4	29.4810	0.586836	1.15112E-04	-1.97769E-06	6.16703E-09	-4.93618E-11	
8	11.8880	0	3.20964E-06	2.93568E-06	-1.57598E-07	3.09974E-09	
9	130.0720	0	8.54042E-05	2.80481E-06	-1.72924E-07	3.57409E-09	
14	-35.2450	0	-2.30192E-04	9.60767E-06	-1.56985E-07	9.91907E-10	
15	18.9740	0	-1.70128E-04	7.65291E-06	-8.80044E-08	-1.19460E-09	2.87826E-11
[figure]
source	Data/US20150097989_Figure03aP.png
originX	15.51
originY	133.74
ppmm	4.497
[notes]
Bill: Adjust H' for last vertex.
