[descriptive data]
title	US 2009/0290227 Example 1 (Sony DT 18-55mm F3.5-5.6 SAM II)
[constants]
[variable distances]
Focal Length	18.50	31.52	53.50
Angle of View	undefined	undefined	undefined
F-Number	3.59	4.59	5.75
Image Height	28.40	28.40	28.40
Magnification	0	0	0
d0	Infinity	Infinity	Infinity
d6	42.3200	17.6311	3.2187
Bf(p)	38.5029	undefined	undefined
Bf	38.5029	52.77	76.84
Aperture Diameter	13.595	13.602	14.989
[lens data]
1	83.2208	1.7000	1.772500	41.00	49.6
2	18.3028	0.5748		30.60	
3	18.5265	2.2000	1.529962	31.92	55.8
4	12.1167	9.8036		28.88
5	24.2439	3.3268	1.846663	29.48	23.7
6	35.4625	d6		27.2
7	FS	1.5000		15.40
8	18.5569	4.3840	1.518230	19.60	58.9
9	-508.1872	3.0000		19.60
10	AS	1.0000		13.595
11	26.2270	4.5698	1.496997	16.13	81.6
12	-22.9507	1.0000	1.834001	16.13	37.3
13	37.4662	1.7579		13.72
14	-133.1549	1.4617	1.529962	13.48	55.8
15	-67.0595	2.6193		13.48	
16	-28.1119	2.0388	1.487489	13.70	70.4
17	-15.9169	Bf		15.16
[aspherical data]
3	18.5265	0	3.4217E-05	-3.1163E-07	1.2238E-09	-2.1322E-12
4	12.1167	-0.8204	5.1410E-05	-4.4479E-07	1.9674E-09	-4.0118E-12
15	-67.0595	0	6.0513E-05	1.7083E-07	-5.7691E-10	1.0419E-11
[figure]
source	Data/US20090290227_Figure01P.png
originX	22.71
originY	70.54
ppmm	1.829
[notes]			
