[descriptive data]
title	US 2007/0070521 Example 6 (Nikon AF-S DX Zoom-Nikkor 18-135mm f/3.5-5.6G IF-ED)
[constants]
[variable distances]
Focal Length	18.5	50.0	131.0
Angle of View	80.7	32.0	12.6
F-Number	3.6	4.9	5.9
Image Height	28.8	28.8	28.8
Magnification	0	0	0
d0	Infinity	Infinity	Infinity
d5	1.90	24.96	49.71
d14	22.13	9.88	3.31
d14AS	21.38	9.13	2.56
d19	2.56	10.38	14.27
d23	12.81	4.99	1.10
Bf(p)	undefined	undefined	undefined
Bf	38.07	53.87	66.54
Aperture Diameter	12.648	13.395	14.104
[lens data]
1	223.8523	2	1.80100	55.36	35.0
2	55.2795	8.1	1.48749	49.94	70.5
3	-337.1774	0.1		49.94
4	58.3431	5.1	1.69680	45.05	55.5
5	612.9255	d5		45.05
6	62.8256	0.15	1.55389	30.90	38.1
7	59.8339	1.2	1.77250	30.90	49.6
8	13.3582	6.5		20.31
9	-30.3165	1	1.78590	20.36	44.2
10	63.2494	0.3		20.36
11	32.1581	4.3	1.84666	20.36	23.8
12	-32.1581	0.4		20.36
13	-25.5055	1	1.79952	18.96	42.2
14	2360.3162	d14AS		20.36
14AS	AS	0.75		12.648
15	49.7499	2.7	1.64000	16.23	60.1
16	-34.8250	0.1		16.23
17	27.6293	3.7	1.48749	16.37	70.5
18	-27.6293	1	1.84666	16.37	23.8
19	-539.4372	d19		16.37
20	-36.7502	1	1.77250	16.66	49.6
21	23.2312	0.09		16.66
22	23.8870	2.1	1.84666	16.66	23.8
23	92.1856	d23		16.66
24	106.3941	4.6	1.49782	23.22	82.6
25	-24.6292	0.1		23.22	
26	53.6511	5.2	1.48749	23.44	70.5
27	-25.5245	1.2		23.44	
28	-24.8022	0.09	1.55389	23.56	38.1
29	-23.6209	1.2	1.80100	23.56	35.0
30	-113.9655	Bf		25.31
[aspherical data]
6	62.8256	0	7.2110E-06	-2.4658E-08	4.8081E-11	-4.1934E-14
28	-24.8022	0	-1.1950E-05	-1.9057E-09	-1.2060E-10	6.8160E-13
[figure]
source	Data/US20070070521_Figure11P.png
originX	8.48
originY	78.87
ppmm	1.995
[notes]
