[descriptive data]
title	US 2021/0294073 Example 1 (Fujifilm Fujinon GF80mm F1.7 R WR)
[constants]
AsphericalOddCount	9
[variable distances]
Focal Length	78.68	undefined
Angle of View	38.0	undefined
F-Number	1.75	undefined
Image Height	54.70	54.70
Total Length	103.58	103.58
Magnification	0	-0.14005
S	Infinity	700
d0	Infinity	596.42
d4	16.340	1.932
d15	2.320	16.728
Bf	0	0
[lens data]
1	82.3255	4.6600	1.79952	58.33	42.25
2	206.9226	2.7500		55.13
3	-420.0742	1.6800	1.72825	55.13	28.31
4	227.5627	d4		55.70	
5	41.3284	7.0200	1.75500	45.07	52.34
6	285.6388	0.2000		45.07	
7	28.5038	8.2100	1.43875	38.00	94.66
8	329.0440	1.6300	1.57099	40.22	50.80
9	17.9857	9.8099		29.80	
10	AS	6.0118		25.543
11	-40.9786	5.4200	1.43875	26.07	94.66
12	-17.3114	1.2000	1.67270	26.97	32.18
13	-62.5410	6.0100		30.21	
14	-146.6394	7.2600	1.81000	40.02	41.00
15	-33.0799	d15		40.02	
16	145.6170	8.6700	1.88300	44.88	39.22
17	-48.3190	1.9400	1.59270	44.88	35.31
18	Infinity	2.3300		47.79	
19	-105.4941	1.3000	1.51680	44.08	64.21
20	Infinity	2.8900		47.79	
21	-86.5553	1.3000	1.64769	44.26	33.84
22	Infinity	20.1247		47.40	
23	CG	3.2000	1.51680	54.30	64.20
24	CG	1.0500		54.30
[aspherical data]
14	-146.6394	0	0	-1.0088242E-06	-2.6513493E-07	1.7071672E-08	8.2564362E-10	-1.0054449E-12	-1.7643417E-11	6.0868319E-13	4.7629976E-14	1.3561314E-17	-1.9007385E-16	5.4134773E-18	-6.3292092E-19	6.8084206E-21	4.8308631E-21	-1.8685654E-22	-3.6580337E-24	1.8806460E-25
15	-33.0799	0	0	1.3965451E-07	-2.3150181E-07	1.5432308E-08	4.7477332E-10	-8.1934546E-11	-8.2435003E-13	1.5740720E-13	1.2547704E-14	-9.8161787E-16	-1.6440179E-17	3.9921882E-18	-7.9972791E-20	-7.0611745E-21	1.5944044E-22	3.8876927E-24	5.0171611E-25	-2.1180317E-26
[figure]
source	Data/US20210294073_Figure02P.png
originX	110.53
originY	206.46
ppmm	3.428
[notes]
Bill: d0 computed and Magnification measured.
