[descriptive data]
title	US 2016/0054550 Example 1 (Leica DC Vario-Summilux 10.9-34mm F1.7-2.8 ASPH (Panasonic LX100M2))
[constants]
[variable distances]
Focal Length	11.2612	19.1449	32.5307
Angle of View	82.7876	54.2452	33.0386
F-Number(p)	1.76551	2.51390	2.91140
F-Number	1.76551	2.25390	2.91140
Image Height	17.058	18.878	19.616
Total Length	75.3118	81.0817	93.9812
Magnification	0	0	0
d0	Infinity	Infinity	Infinity
d2	0.7165	7.7275	16.6911
d4	13.7558	6.9790	4.0594
d10	1.6811	2.9900	3.6811
d15	11.4515	6.1943	1.3700
d21	5.0978	13.6054	24.7534
d23	12.6772	13.6458	13.5187
Bf	0.8218	0.8298	0.7974
P	15.1332	25.0216	44.0940
P'	-81.6753	-94.8085	-257.8680
H	24.8572	40.3341	72.5336
H'(p)	64.0506	61.9367	61.4505
H'	-10.4394	-18.3152	-31.7333
[lens data]
1	40.7214	4.2249	1.59282	30.40	68.6
2	-1385.6544	d2		30.40	
3	-112.9266	1.1000	1.80500	22.92	41.0
4	13.1195	d4		18.36
5	-42.5513	0.5000	1.80518	11.72	25.5
6	27.4462	0.0100	1.56732	11.72	42.8
7	27.4462	2.0764	1.91082	11.72	35.3
8	-27.4462	1.3010		11.72	
9	-25.4603	0.5000	1.68826	11.66	31.1
10	-69.4222	d10		11.66	
11	-19.5955	0.5000	1.58332	12.58	59.3
12	121.9154	0.0100	1.56732	12.58	42.8
13	121.9154	1.9221	2.00272	12.58	19.3
14	-29.9134	0.5100		13.06	
15	AS	d15		13.099
16	18.8036	6.0000	1.55343	17.44	71.5
17	-24.3593	0.1500		17.44	
18	24.7292	3.5866	1.77250	17.04	49.6
19	-41.5809	0.0100	1.56732	17.04	42.8
20	-41.5809	0.9796	1.84666	17.04	23.8
21	13.9152	d21		16.32	
22	19.6390	4.6295	1.55343	23.26	71.5
23	9746.5098	d23		23.26	
24	CG	1.1000	1.51680	20.20	64.2
25	CG	Bf		20.20	
[aspherical data]
3	-112.9266	0	4.0433E-05	-5.9245E-08	-1.8029E-09	1.4134E-11	-3.2710E-14
4	13.1195	0	5.6907E-07	8.1196E-07	-1.2441E-08	5.4883E-11	
10	-69.4222	0	8.1895E-05	4.9538E-07	-3.4272E-09	1.0566E-10	
11	-19.5955	0	7.4326E-05	3.7329E-07	-5.1129E-09	1.3184E-10	
16	18.8036	0	-3.7648E-05	1.0731E-07	-1.3894E-09	1.8161E-11	
17	-24.3593	0	2.3088E-05	9.8026E-09	-7.6788E-10	1.9366E-11	
22	19.6390	0	-4.6411E-06	1.8613E-07	-1.8639E-09	6.6953E-12	
23	9746.5098	0	1.6745E-05	2.0018E-07	-2.1929E-09	7.8158E-12	
[figure]
source	Data/US20160054550_Figure01aP.png
originX	34.51
originY	148.51
ppmm	8.546
[notes]
