[descriptive data]
title	US 2015/0168697 Example 4 (Olympus M.Zuiko ED 40-150mm F2.8 Pro)
[constants]
[variable distances]
Focal Length	40.81	77.27	147.00	undefined	undefined	undefined
Angle of View	30.86	15.95	8.30	undefined	undefined	undefined
F-Number	2.88	2.88	2.88	undefined	undefined	undefined
Image Height	21.64	21.64	21.64	21.64	21.64	21.64
Total Length	179.90	179.90	179.90	179.90	179.90	179.90
Magnification	0	0	0	-0.07093	-0.12265	-0.21479
S	Infinity	Infinity	Infinity	700	700	700
d0	Infinity	Infinity	Infinity	520.10	520.10	520.10
d5	2.56328	30.41889	53.87892	2.56328	30.41889	53.87892
d11	53.22784	25.37230	1.91217	53.22784	25.37230	1.91217
d19	2.50000	4.62391	3.89046	3.12034	6.98082	12.71907
d22	17.30858	14.85531	16.19460	17.25696	13.14454	6.51353
d24	3.06837	3.39767	2.79195	2.50000	2.75153	3.64447
Bf	29.50	29.50	29.50	29.50	29.50	29.50
Aperture Diameter	24.567	24.659	24.825	24.567	24.659	24.825
[lens data]
1	137.0268	2.6	1.78470	57.54	26.29
2	86.6508	7.76	1.49700	56.46	81.61
3	-321.6069	0.15		56.46	
4	96.8154	5.26	1.43875	54.52	94.93
5	624.2467	d5		54.52	
6	-227.2066	3.37	1.80810	34.10	22.76
7	-59.4074	1.60	1.48749	35.42	70.23
8	30.8341	2.75	1.80000	30.06	29.84
9	39.2048	4.99		30.06	
10	-49.6375	1.50	1.83481	27.00	42.73
11	458.1191	d11		27.00	
12	AS	1.80		24.567	
13	39.4392	5.76	1.49700	30.40	81.61
14	-87.6954	7.98		30.40	
15	70.3121	1.50	1.84666	29.58	23.78
16	32.8253	6.58	1.59282	27.56	68.63
17	-51.5148	0.15		27.56	
18	129.4168	3.10	1.49700	27.22	81.61
19	-94.0670	d19		27.22	
20	789.7458	2.00	1.92286	19.84	18.90
21	-86.5458	1.00	1.74320	19.84	49.29
22	21.6608	d22		16.20	
23	-356.0768	1.00	1.62004	23.26	36.26
24	28.8000	d24		20.24	
25	31.6086	9.58	1.80610	27.18	40.88
26	-24.0000	1.30	1.64769	27.18	33.79
27	Infinity	26.0632		27.18	
28	CG	4.00	1.51633	28.68	64.14
29	CG	0.80		28.68	
[aspherical data]
13	39.4392	0	-3.1251E-06	-3.8756E-10	5.5927E-11	-1.4099E-13
14	-87.6954	0	1.0047E-05	-3.0390E-10	5.4533E-11	-1.3296E-13
22	21.6608	-0.0326	-2.5854E-06	2.4119E-09	-7.1028E-11	1.4991E-13
25	31.6086	-0.7171	7.9298E-07	-2.8322E-09	2.5344E-12	
[figure]
source	Data/US20150168697_Figure04AP.png
originX	12.31
originY	67.72
ppmm	1.451
[notes]
Bill: Magnification measured. First 3 elements are missing from the production figure.
