[descriptive data]
title	US 2015/0077859 Example 4 (Sony FE 28-70mm F3.5-5.6 OSS)
[constants]
[variable distances]
Focal Length	28.82	44.26	67.90
Angle of View	73.80	52.10	35.34
F-Number	3.59	4.50	5.74
Image Height	43.26	43.26	43.26
Magnification	0	0	0
d0	Infinity	Infinity	Infinity
d6	28.6680	11.7040	1.2000
d14	2.9900	8.0850	14.4200
d16	4.9590	8.4770	16.1150
Bf	0	0	0
[lens data]
1	34.0816	1.500	1.8348	36.06	42.72
2	18.3083	8.527		29.51
3	-130.0576	1.000	1.7440	32.18	44.72
4	47.1173	1.619		28.37
5	31.3904	2.503	1.9229	29.06	20.88
6	57.9296	d6		28.22	
7	21.2750	3.573	1.5831	19.84	59.46
8	-91.5125	3.432		19.84	
9	AS	1.200		15.602
10	22.7124	3.075	1.4970	16.42	81.61
11	-50.8068	0.900	1.6398	16.42	34.57
12	16.8378	3.965		13.36	
13	29.9134	2.500	1.5831	15.72	59.46
14	-58.0071	d14		15.72	
15	-275.9198	0.800	1.6935	16.36	53.20
16	27.6960	d16		16.36	
17	-41.2519	3.120	1.7495	26.70	35.04
18	-27.9283	30.521		28.08
19	CG	2.500	1.5168	49.22	64.20
20	CG	1.000		49.22	
[aspherical data]
7	21.2750	0	-3.9838E-06	-5.7993E-08	4.3052E-10
8	-91.5125	0	1.0032E-05	-4.1269E-08	3.3939E-10
13	29.9134	0	2.6364E-05	-3.3141E-07	1.1083E-08
14	-58.0071	0	3.6874E-05	-3.7657E-07	1.2713E-08
16	27.6960	0	2.0087E-05	-1.5375E-07	6.5454E-10
[figure]
source	Data/US20150077859_Figure13WP.png
originX	23.53
originY	75.53
ppmm	1.925
[notes]			
Bill: Construction figure is intermediate Focal Length.
