[descriptive data]
title	US 2012/0307129 Example 1 (Sony DT 16-50mm F2.8 SSM)
[constants]
[variable distances]
Focal Length	16.48	28.28	48.50
Angle of View	85.5	54.3	33.0
F-Number	2.89	2.89	2.89
Image Height	28.80	28.80	28.80
Magnification	0	0	0
d0	Infinity	Infinity	Infinity
d5	2.43	14.09	25.76
d15	13.35	6.08	1.10
d22	7.54	3.11	1.00
Bf	37.34	47.98	59.87
Aperture Diameter	14.086	16.676	19.754
[lens data]
1	546.110	1.50	1.84666	65.20	23.7
2	87.316	6.50	1.80420	60.78	46.5
3	-1328.700	0.15		60.78	
4	46.384	4.98	1.80420	48.82	46.5
5	107.566	d5		45.24	
6	94.010	0.20	1.53420	31.42	41.7
7	50.611	0.90	1.91082	31.42	35.2
8	14.013	7.27		22.34
9	-37.640	1.00	1.88300	22.34	40.8
10	52.394	0.30		22.72	
11	34.200	4.50	1.64769	21.00	33.8
12	-34.200	2.19		21.00	
13	-16.454	0.90	1.77250	21.00	49.6
14	126.010	3.10	1.84666	19.46	23.8
15	-34.252	d15		19.46
16	AS	1.30		14.086
17	42.385	4.29	1.80611	24.08	40.7
18	-58.895	0.20		24.08	
19	32.060	3.62	1.49700	25.53	81.6
20	341.362	2.49		25.53
21	-38.864	1.00	1.83481	26.97	42.7
22	43.518	d22		23.17
23	26.197	7.00	1.49700	24.76	81.6
24	-38.110	0.50		24.76	
25	-379.680	2.00	1.90366	24.08	31.3
26	80.008	0.30	1.53420	24.08	41.7
27	231.713	2.45		24.08	
28	-79.730	0.90	1.84666	25.10	23.8
29	40.000	5.02	1.49700	25.10	81.6
30	-49.830	0.20		25.10	
31	122.570	4.75	1.62004	26.64	36.3
32	-31.834	Bf		26.64	
[aspherical data]
6	94.010	4.4	2.35559E-05	-6.03510E-08??	3.97207E-10	-1.64571E-12	3.67325E-15
27	231.713	0	3.58853E-05	1.32515E-08	1.07342E-10	-1.35072E-13	
[figure]
source	Data/US20120307129_Figure02WP.png
originX	24.65
originY	85.52
ppmm	1.976
[notes]			
