[descriptive data]
title	US 2021/0103133 Example 7 (Nikon AF-S DX Nikkor 18-300mm f/3.5-5.6G ED VR)
[constants]
[variable distances]
Focal Length	18.52363	104.52143	291.21725
Angle of View	77.78190	14.83764	5.42292
F-Number	3.60558	5.69344	5.89616
Image Height	28.40	28.40	28.40
Total Length	164.74420	225.48860	251.39424
Magnification	0	0	0
d0	Infinity	Infinity	Infinity
d5	2.1570	53.2565	76.9496
d15	33.8014	11.3135	2.0000
d23	3.4565	11.6017	13.0433
d29	10.5868	2.4416	1.0000
Bf	39.44250	71.57530	83.10134
Aperture Diameter	15.807	17.499	19.591
[lens data]
1	186.5996	2.2000	1.834000	61.90	37.17
2	69.0890	8.8000	1.497820	57.86	82.56
3	-494.4455	0.1000		57.86	
4	73.4022	6.4500	1.593190	55.70	67.87
5	2016.7116	d5		55.70	
6	84.8500	0.1000	1.553890	32.88	38.09
7	74.0219	1.2000	1.834810	32.88	42.72
8	17.0975	6.9500		23.58	
9	-37.9797	1.0000	1.816000	23.58	46.63
10	77.6713	0.1500		24.50	
11	36.2656	5.3000	1.784720	23.74	25.68
12	-36.2656	0.8000		23.74	
13	-25.6964	1.0000	1.816000	22.34	46.63
14	66.0830	2.0500	1.808090	22.18	22.79
15	-666.7037	d15		22.18	
16	AS	1.0000		15.807
17	68.3073	3.4000	1.593190	22.18	67.87
18	-47.9960	0.1000		22.02	
19	68.5237	2.4500	1.487490	23.42	70.45
20	-136.9839	0.1000		23.42	
21	46.5267	4.2000	1.487490	23.26	70.45
22	-36.1640	1.0000	1.808090	23.26	22.79
23	-202.9533	d23		23.26	
24	-55.0984	0.2000	1.553890	19.38	38.09
25	-57.2472	0.9000	1.696800	19.38	55.52
26	28.1510	2.1500	1.728250	19.38	28.46
27	87.7086	4.3500		19.38	
28	-26.6988	1.0000	1.729160	20.32	54.66
29	-76.4771	d29		21.40	
30	-333.8950	4.6500	1.589130	24.30	61.18
31	-24.6440	0.1000		24.30	
32	31.1963	5.8500	1.487490	24.76	70.45
33	-43.3889	1.4500		24.76	
34	-109.7165	1.0000	1.883000	24.56	40.77
35	20.2992	5.3000	1.548140	23.28	45.79
36	-808.8132	Bf		23.28	
[aspherical data]
6	84.85	1	3.1335E-06	4.7308E-10	-3.4050E-11	1.1662E-13
24	-55.0984	1	5.2403E-06	-2.0073E-09		
30	-333.895	1	-1.5402E-05	1.6950E-09	1.3449E-11	-2.0722E-13
[figure]	
source	Data/US20210103133_Figure12P.png
originX	7.83
originY	81.50
ppmm	1.943
[notes]
Bill: Figure image plane not to scale. Also Example 9. #2196 first version.
