[descriptive data]
title	US 2017/0010441 Example 1 (Fujifilm Fujinon XF35mm F2 R WR)
[constants]
AsphericalOddCount	9
[variable distances]
Focal Length	35.328
Angle of View	47.2
F-Number	2.09
Image Height	28.40
Total Length	undefined
Magnification	0
d0	Infinity
Bf	0
[lens data]
1	48.07692	2.794	1.88300	27.68	40.76
2	192.30769	0.100		27.68
3	26.31582	4.010	1.75500	24.22	52.32
4	Infinity	0.925	1.89286	24.22	20.36
5	82.50135	3.214		21.61
6	-249.99982	0.850	1.75500	16.95	52.32
7	19.88862	7.498		14.62	
8	AS	3.994		12.343
9	62.31229	3.125	1.61881	13.81	63.85
10	-21.92593	0.225		15.40
11	-20.27815	4.385	1.77250	15.62	49.60
12	-10.33058	0.860	1.60342	17.24	38.03
13	21.89752	7.500	1.77250	20.29	49.60
14	-21.89752	5.519		22.24	
15	-14.20456	1.000	1.51633	20.69	64.06
16	-96.37645	8.806		22.40
17	CG	2.850	1.51680	27.48	64.20
18	CG	1.787		27.48	
[aspherical data]
9	62.31229	-1.04748686	-1.2643757E-18	1.0564294E-04	-8.4672574E-05	-4.0381816E-05	5.4863043E-05	-1.8547523E-05	7.1905820E-07	1.0273073E-06	-2.3209720E-07	2.3251601E-10	6.8269048E-09	-9.6610366E-10	-1.0773615E-11	1.8361819E-11	-1.8742420E-12	-3.8276515E-14	1.8367620E-14	-9.0677432E-16
10	-21.92593	-0.54007933	-1.6447749E-18	1.3648227E-04	-1.8257331E-05	-1.4750820E-04	1.3195012E-04	-4.3615873E-05	2.5433238E-06	1.9712984E-06	-3.9405286E-07	-2.7267968E-08	1.3302317E-08	-2.2666307E-10	-2.2810661E-10	1.2408051E-11	2.0954425E-12	-1.6023253E-13	-8.2114964E-15	7.4848161E-16
15	-14.20456	-2.6703883	-1.9493628E-18	-2.5784133E-04	2.7063703E-04	-1.1145518E-04	1.3088266E-05	2.9935319E-06	-8.8653080E-07	7.4602330E-09	1.8805990E-08	-1.4435222E-09	-1.6166265E-10	2.3633018E-11	8.1185882E-14	-1.4708308E-13	6.7434567E-15	1.9896264E-16	-2.8464253E-17	8.5380389E-19
16	-96.37645	9.635854	-3.1677145E-18	-1.1573006E-05	6.7399444E-05	-2.2887143E-05	2.1959363E-08	9.7674734E-07	-3.6780866E-08	-3.5471268E-08	3.4858475E-09	5.0526237E-10	-7.5632002E-11	-2.8646816E-12	7.4736294E-13	-5.0468383E-16	-3.7482823E-15	8.0823827E-17	7.8330549E-18	-2.7827820E-19
[figure]	
source	Data/US20170010441_Figure02P.png
originX	8.06
originY	160.44
ppmm	7.435
[notes]
