[descriptive data]
title	US 2017/0351051 Example 1 (Fujifilm Fujinon XF23mm F2 R WR)
[constants]
AsphericalOddCount	9
[variable distances]
Focal Length	22.377	undefined
Angle of View	64.8	64.8
F-Number	2.06	2.06
Image Height	28.40	28.40
Magnification	0	-0.041
d0	Infinity	535.24
d12	2.312	2.984
d14	5.764	5.092
Bf	0	0
[lens data]
1	52.50599	1.090	1.51633	26.05	64.14
2	13.05602	10.740		20.17	
3	32.33553	5.210	1.88300	18.46	40.76
4	-17.32000	0.890	1.68893	18.46	31.07
5	Infinity	3.730		18.46	
6	AS	3.770		13.400
7	-36.88742	1.300	1.84887	13.06	40.12
8	120.80883	0.420		14.43	
9	Infinity	4.560	1.81600	15.66	46.62
10	-10.97500	0.910	1.68893	15.66	31.07
11	446.78000	3.790	1.88300	17.55	40.76
12	-15.50860	d12		17.55	
13	-32.42595	1.750	1.80312	18.09	40.54
14	2385.05256	d14		16.28	
15	-205.25324	1.100	1.78470	23.13	26.29
16	33.79000	3.980	1.80400	23.13	46.58
17	-96.69231	10.862		23.13	
18	CG	2.850	1.51680	27.97	64.20
19	CG	1.000		27.97	
[aspherical data]
7	-36.88742	0	1.5073532E-04	-1.1467085E-04	-2.5158022E-05	2.7115028E-05	-2.6530657E-06	-2.7494956E-06	6.4552685E-07	1.1322721E-07	-4.7857408E-08	-1.0785306E-09	1.8203001E-09	-7.5189036E-11	-3.8314367E-11	2.9096315E-12	4.2481861E-13	-4.1411358E-14	-1.9323433E-15	2.1635158E-16
8	120.80883	0	2.5439114E-04	-9.1808037E-05	7.5153059E-06	3.4413909E-05	-9.3493840E-06	-2.5271341E-06	1.2301067E-06	5.2583751E-08	-7.6395204E-08	2.8925500E-09	2.6477596E-09	-2.0845725E-10	-5.2489457E-11	5.4161891E-12	5.5711588E-13	-6.6500124E-14	-2.4586981E-15	3.2167677E-16
13	-32.42595	0	1.1475882E-04	9.4330279E-05	4.0970098E-06	-1.6458052E-07	-1.3961895E-08	-8.0154932E-10	1.6071861E-10	3.6880972E-11	4.3306258E-12	2.2470515E-13	-3.4824709E-14	-1.7660620E-14	-1.0771212E-15	-1.8639544E-16	2.8875371E-17	4.7797588E-18	5.1689957E-19	-9.3666797E-20
14	2385.05256	0	2.2255579E-05	1.4188125E-04	-5.2116815E-08	-3.3414964E-07	-2.9038350E-09	2.9999049E-09	4.5010731E-10	3.7798784E-11	5.3163730E-12	-9.2257398E-13	-2.5562964E-13	1.1944812E-14	-2.0402486E-15	-1.4848757E-16	2.8123105E-17	1.1218178E-17	1.8795160E-19	-1.2793914E-19
[figure]
source	Data/US20170351051_Figure01P.png
originX	19.07
originY	193.51
ppmm	6.558
[notes]
Bill: d0 measured.
