[descriptive data]
title	US 2013/0314585 Example 3 (Zeiss Vario-Sonnar T 10.4-37.1mm F1.8-4.9 (Sony DSC-RX100M1-2))
[constants]
[variable distances]
Focal Length	11.007	19.615	35.426
Angle of View	65.958	43.262	25.050
F-Number	1.86	3.469	5.07
Image Height	12.6	15.86	15.86
Magnification	0	0	0
d0	Infinity	Infinity	Infinity
d4	25.677	11.421	2.700
d11	0.650	1.952	1.070
d13	5.953	14.438	29.463
d15	5.065	4.371	3.625
Bf	0	0	0
Aperture Diameter	8.675	6.633	6.976
[lens data]
1	-72.2917	0.500	1.851348	22.47	40.1045
2	16.0439	3.876		20.82
3	24.5281	2.070	2.002700	19.89	19.3170
4	52.7000	d4		19.89
5	FS	0.000		13.36
6	12.1278	3.150	1.773760	13.99	47.1670
7	114.0000	0.138		13.99
8	16.3964	3.750	1.834810	12.63	42.7207
9	-23.5538	0.851	1.755200	11.37	27.5305
10	7.0649	2.590		9.06
11	AS	d11		8.675
12	9.8285	3.450	1.592014	9.92	67.0227
13	13.0352	d13		7.21
14	68.7924	3.050	1.592014	17.20	67.0227
15	-23.3099	d15		17.20
16	CG	0.300	1.516798	17.88	64.1983
17	CG	0.150		17.88	
18	CG	0.500	1.556708	17.88	58.5624
19	CG	1.000		17.88	
[aspherical data]
1	-72.2917	0	-1.27013E-05	2.33648E-07	-1.18572E-09	2.70274E-12
2	16.0439	0	-3.15446E-05	1.57628E-07	-5.07497E-10	9.20126E-13
6	12.1278	0	-5.93351E-05	3.90662E-07	-1.58802E-08	3.16018E-10
7	114.0000	0	-1.09305E-05	7.48060E-07	-1.07073E-08	2.98355E-10
12	9.8285	0	2.93742E-05	3.24622E-06	-7.05936E-08	2.04068E-09
13	13.0352	0	1.82865E-04	6.01753E-06	-1.65902E-07	5.31568E-09
14	68.7924	0	3.25663E-06	2.78857E-07	-5.22524E-09	5.52448E-11
15	-23.3099	0	5.69900E-05	-5.04925E-07	1.73218E-09	3.14415E-11
[figure]
source	Data/US20130314585_Figure09WP.png
originX	23.55
originY	98.48
ppmm	3.016
[notes]
