[descriptive data]
title	US 2015/0226945 Example 1 (Sony FE 70-200mm F4 G OSS)
[constants]
[variable distances]
Focal Length	72.0974	122.9480	193.9726
Angle of View	33.7992	19.6286	12.3360
F-Number	4.1474	4.0559	4.1269
Total Length	190	190	190
Image Height	43.26	43.26	43.26
Magnification	0	0	0
d0	Infinity	Infinity	Infinity
d5	1.5000	22.9023	32.3677
d12	24.0067	16.6654	1.1000
d17	16.4610	2.4000	8.5000
d25	4.5426	2.4692	2.8188
d28	7.0924	9.1658	8.8162
Bf(p)	undefined	undefined	undefined
Bf	42.11	42.11	42.11
Aperture Diameter	25.185	25.191	24.857
[lens data]
1	88.5064	2.00	1.92286	56.66	20.9
2	69.0334	7.48	1.49700	55.42	81.6
3	-2244.1403	0.15		55.42	
4	52.6438	7.50	1.43700	52.28	95.1
5	365.7737	d5		52.28	
6	-1884.0133	1.40	1.91082	28.16	35.3
7	29.0818	5.40		25.72	
8	-108.3065	1.30	1.48749	26.32	70.4
9	32.1946	4.08	1.92286	26.32	20.9
10	-6726.9797	2.25		26.32	
11	-52.3200	1.40	1.90366	27.07	31.3
12	-231.8247	d12		27.07
13	466.4764	2.61	1.74077	28.26	27.8
14	-122.2840	0.10		28.26	
15	74.9842	1.50	1.92286	29.10	20.9
16	40.5456	3.80	1.60311	28.06	60.7
17	-1213.0433	d17		28.06
18	118.4694	3.00	1.69350	28.18	53.2
19	-157.7341	0.15		28.18
20	33.0178	3.25	1.49700	27.42	81.6
21	128.9784	1.20	1.80610	26.94	33.3
22	35.3852	3.70		25.46
23	AS	10.13		25.185
24	72.4090	4.00	1.48749	24.66	70.4
25	-49.5301	d25		24.66	
26	104.0823	2.38	1.84666	21.24	23.8
27	-85.3832	0.80	1.76802	21.24	49.2
28	25.0888	d28		19.28	
29	31.0101	4.58	1.51633	20.96	64.1
30	-42.2921	1.00	1.92286	20.96	20.9
31	-75.1116	3.00		20.96	
32	85.7255	1.70	1.61800	22.70	63.4
33	38.5600	5.32		21.58	
34	-35.3417	2.49	1.78472	22.70	25.7
35	-26.5815	4.30		24.04	
36	-28.7717	1.50	1.88300	23.20	40.8
37	-77.3139	Bf		24.24	
[aspherical data]
18	118.4694	0	-2.96279E-06	-8.22788E-10	2.42576E-14	
28	25.0888	0	-1.26926E-06	-3.93738E-09	8.82062E-12	-2.02847E-14
29	31.0101	0	-9.25160E-07	3.36839E-10	-2.53630E-11	9.61516E-14
[figure]
source	Data/US20150226945_Figure01WP.png
originX	19.69
originY	164.07
ppmm	3.893
[notes]
Bill: G42, the focus group, is slightly out of place.
