[descriptive data]
title	US 2021/0055531 Example 1 (Panasonic Lumix S Pro 24-70mm F2.8)
[constants]
[variable distances]
Focal Length	24.8400	40.8776	67.5503	undefined	undefined	undefined
Angle of View	82.0976	55.9234	34.8432	undefined	undefined	undefined
F-Number	2.92728	2.92703	2.92709	undefined	undefined	undefined
Image Height	39.3420	43.2600	43.2600	39.3420	43.2600	43.2600
Total Length	157.4997	164.5424	181.8628	157.4997	164.5424	181.8628
Magnification	0	0	0	-0.09854	-0.15736	-0.25319
d0	Infinity	Infinity	Infinity	217.74	207.35	188.98
d6	1.0000	13.4445	27.5307	1.0000	13.4445	27.5307
d14	25.9929	10.8551	0.6543	25.9929	10.8551	0.6543
d25	3.5926	1.5593	1.0000	3.5926	1.5593	1.0000
d29	2.9770	3.6205	4.8909	5.1768	7.2082	11.7536
d31	11.0043	12.9949	16.4729	4.8064	5.3038	4.8064
d33	3.5504	2.6123	2.6369	7.5486	6.7157	7.4408
d37	18.9162	28.9895	38.2108	18.9162	28.9895	38.2108
Bf	1.0000	1.0000	1.0000	1.0000	1.0000	1.0000
Aperture Diameter	20.441	23.650	27.809	20.441	23.650	27.809
[lens data]
1	390.1047	1.8000	1.92286	67.65	20.9
2	158.5399	0.0100	1.56732	65.77	42.8
3	158.5399	3.5622	1.80420	65.77	46.5
4	380.9402	0.3000		65.77	
5	69.9519	6.8390	1.77250	58.81	49.6
6	317.4920	d6		58.81	
7	119.0191	1.5000	1.71300	42.24	53.9
8	18.5966	11.3922		30.88	
9	-46.6500	1.5000	1.80998	29.93	40.9
10	124.0778	1.0662		29.93	
11	104.8836	7.9601	1.84666	29.62	23.8
12	-61.0696	3.4420		29.62	
13	-24.3370	1.0000	1.48749	26.46	70.4
14	-41.2178	d14		28.82	
15	AS	2.5000		20.441
16	46.2057	4.6622	1.92286	31.19	20.9
17	244.5319	3.7297		31.19	
18	47.1131	5.5575	1.49700	31.51	81.6
19	-86.5145	0.0100	1.56732	30.56	42.8
20	-86.5145	1.0000	1.92119	30.56	24.0
21	68.7867	0.5000		30.56	
22	36.5554	6.2042	1.49700	30.25	81.6
23	-120.8146	0.3659		30.25	
24	-89.2445	1.0000	1.84666	30.25	23.8
25	211.2796	d25		30.25	
26	28.4543	8.4601	1.55032	31.67	75.5
27	-64.4603	0.5000		31.67	
28	344.0162	1.8000	1.80998	27.57	40.9
29	2000.0000	d29		27.57	
30	94.1443	1.0000	1.83481	24.16	42.7
31	29.5068	d31		24.16	
32	44.2417	1.5000	1.68948	31.67	31.0
33	28.4361	d33		31.67	
34	55.4225	5.6953	1.84666	33.69	23.8
35	-82.6857	1.3097		33.69	
36	-160.4704	1.2000	1.95375	34.06	32.3
37	168.0432	d37		34.06	
38	CG	2.1000	1.51680	44.92	64.2
39	CG	1.0000		44.92	
[aspherical data]
9	-46.6500	0.277311	5.79744E-06	-6.69046E-08	5.10351E-10	-1.99835E-12	3.11855E-15
10	124.0778	-1	-2.30482E-06	-7.10387E-08	5.08729E-10	-2.06473E-12	3.14110E-15
28	344.0162	1	-6.70134E-06	1.60358E-07	-2.23219E-10	-1.78175E-12	3.19782E-15
29	2000.0000	1	1.30709E-05	1.88360E-07	-2.30320E-10	-1.13940E-12	1.07849E-16
32	44.2417	-1	-6.49741E-05	3.26474E-07	-1.14181E-09	2.42790E-12	-2.35868E-15
33	28.4361	0.997939	-7.70073E-05	3.23600E-07	-1.22916E-09	2.63417E-12	-2.84998E-15
[figure]
source	Data/US20210055531_Figure01aP.png
originX	23.97
originY	146.47
ppmm	3.013
[notes]
Bill: d0 and Magnification computed. Repaired d36 0.2 -> 1.2
