[descriptive data]
title	US 2016/0154223 Example 1 (Ricoh HD Pentax-DA 20-40mm F2.8-4ED Limited DC WR)
[constants]
[variable distances]
Focal Length	20.6	30.0	39.0
Angle of View	71.4	51.4	40.4
F-Number(p)	2.9	2.9	4.0
F-Number	2.9	3.5	4.0
Image Height	28.48	28.48	28.48
Total Length	117.24	111.39	113.09
Magnification	0	0	0
d0	Infinity	Infinity	Infinity
d6	27.117	10.964	2.796
d18	1.980	12.287	22.155
Bf	39.000	49.307	59.175
Aperture Diameter(m)	16.819	16.717	17.014
[lens data]
1	47.867	1.562	1.72916	33.65	54.7
2	17.097	6.060		27.43
3	46.121	3.240	1.68900	27.07	52.8
4	19.326	8.761		24.88
5	33.188	3.660	1.76182	25.37	26.5
6	69.829	d6		24.47
7	64.514	3.060	1.74320	21.69	49.3
8	-175.121	0.100		21.69
9	30.912	5.753	1.49700	21.63	81.6
10	-30.274	1.340	1.78800	21.63	47.4
11	201.409	2.900		21.63
12	AS	1.650		16.819
13	62.059	1.993	1.71700	20.56	47.9
14	441.646	5.123		20.56
15	42.455	1.483	1.84666	18.64	23.8
16	20.899	1.267		17.03
17	64.749	3.166	1.60300	17.03	65.5
18	-37.958	Bf		17.95
[aspherical data]
4	19.326	0	-1.834E-05	-7.423E-08	8.340E-11	-8.259E-13
[figure]
source	Data/US20160154223_Figure04P.png
originX	60.47
originY	158.38
ppmm	4.194
[notes]
