[descriptive data]					
title	US 2018/0031811 Example 4 (Nikon AF-S Nikkor 600mm f/4E FL ED VR)
[constants]					
[variable distances]					
Focal Length	587.801	undefined
Angle of View	4.19	undefined
F-Number	4.08	undefined
Image Height	43.20	43.20
Total Length	469.10	469.10
Magnification	0	-0.145
d0	Infinity	3930.900
d11	17.545	33.104
d14	45.385	29.826
Bf	82.77	82.77
[lens data]					
1	1200.5127	5.00	1.51680	145.90	63.88
2	1199.6476	1.00		145.90	
3	225.0000	16.40	1.43385	144.56	95.25
4	-1939.6468	80.00		144.56	
5	161.4252	16.60	1.43385	114.24	95.25
6	-625.3189	2.15		114.24	
7	-566.2858	6.00	1.61266	110.90	44.46
8	350.3515	104.80		107.56	
9	70.3762	3.50	1.77250	62.74	49.62
10	47.5154	10.80	1.49782	58.30	82.57
11	243.3331	d11		58.30	
12	Infinity	3.00	1.92286	46.52	20.88
13	-206.7820	2.50	1.83481	45.34	42.73
14	82.7523	d14		44.14	
15	AS	13.20		34.521
16	125.8462	1.80	1.90265	33.06	35.73
17	46.6040	6.00	1.59319	33.40	67.90
18	-146.6583	10.00		33.40	
19	-252.0989	3.20	1.78472	32.20	25.72
20	-68.0010	2.00	1.49782	32.20	82.57
21	67.9727	1.70		30.12
22	Infinity	1.80	1.81600	30.12	46.59
23	75.4444	4.50		30.12
24	46.9590	7.40	1.61266	31.00	44.46
25	-46.9590	1.15		31.00	
26	-46.2240	1.70	1.92286	31.68	20.88
27	-75.1558	7.40		31.68	
28	-59.2874	2.45	1.59319	32.04	67.90
29	42.6190	1.95		32.04	
30	51.7215	5.40	1.67003	33.56	47.14
31	-154.5582	6.15		33.56	
32	Infinity	1.50	1.51680	35.10	63.88
33	Infinity	75.12		35.10	
[figure]
source	Data/US20180031811_Figure11P.png
originX	16.20
originY	128.96
ppmm	1.499
[notes]					
