[descriptive data]
title	US 2021/0003831 Example 1 (Canon RF24-105mm F4-7.1 IS STM)
[constants]
[variable distances]
Focal Length	24.72	66.67	101.85
Angle of View	77.68	35.96	23.98
F-Number	4.11	6.18	7.31
Image Height	39.80	43.28	43.28
Total Length	107.32	129.72	156.93
Magnification	0	0	0
d0	Infinity	Infinity	Infinity
d2	1.44	19.55	32.15
d8	24.94	4.11	0.70
d19	2.50	3.87	4.03
d21	15.04	13.66	13.50
d23	1.16	2.75	19.87
d25	11.12	34.65	35.56
Bf	13.24	36.77	37.68
Aperture Diameter	10.728	11.237	11.266
[lens data]
1	56.962	6.40	1.60311	49.84	60.6
2	421.715	d2		49.84
3	142.374	1.20	1.90366	35.32	31.3
4	15.994	8.29		26.58
5	-85.062	1.00	1.60311	26.38	60.6
6	30.559	0.17		29.49
7	24.880	4.90	1.84666	27.83	23.9
8	162.207	d8		27.83
9	25.551	2.30	1.90366	15.38	31.3
10	Infinity	0.82		15.38
11	16.661	4.50	1.60311	16.10	60.6
12	-40.410	0.70	1.90366	16.10	31.3
13	14.796	3.21		11.46
14	AS	1.82		10.728
15	23.294	0.70	1.91082	13.41	35.3
16	13.732	4.00	1.60311	13.41	60.6
17	-56.310	0.80		13.41
18	30.833	1.90	1.60311	12.73	60.6
19	Infinity	d19		12.73
20	42.206	0.70	1.91082	14.10	35.3
21	16.989	d21		12.38
22	-51.498	2.00	1.53110	24.48	55.9
23	-800.000	d23		27.45
24	144.430	3.60	1.84666	35.31	23.9
25	-116.569	d25		35.31
26	CG	1.50	1.51633	45.30	64.1
27	CG	1.12		45.30	
[aspherical data]
22	-51.498	0	-1.57463E-04	1.04871E-06	-1.26019E-09	-4.88195E-11	2.09933E-13
23	-800.000	0	-1.45140E-04	1.09597E-06	-5.39275E-09	6.43335E-12	1.24146E-14
[figure]
source	Data/US20210003831_Figure01P.png
originX	69.54
originY	114.56
ppmm	2.843
[notes]
Bill: Doesn't really match the patent figure.
