[descriptive data]
title	US 2021/0003832 Example 2 (Canon RF100-500mm F4.5-7.1 L IS USM)
[constants]
[variable distances]
Focal Length	103.00	225.00	490.00
Angle of View	23.72	10.98	5.06
F-Number	4.60	5.16	7.20
Image Height	43.28	43.28	43.28
Total Length	221.52	284.18	311.52
Magnification	0	0	0
d0	Infinity	Infinity	Infinity
d5	7.56	70.22	97.56
d10	27.18	20.78	1.30
d16	12.74	21.19	26.16
d18	15.60	7.14	2.17
d25	15.53	7.98	2.30
d28	14.98	22.53	28.21
d30	19.04	14.49	2.50
d35	19.48	30.43	61.91
Bf	21.14	32.09	63.57
Aperture Diameter	24.584	26.951	26.687
[lens data]
1	119.358	7.73	1.49700	73.28	81.54
2	1275.564	0.20		73.28	
3	135.831	2.70	1.61340	69.52	44.27
4	64.613	10.40	1.43875	66.80	94.66
5	613.372	d5		66.62	
6	677.114	1.50	1.69680	33.52	55.53
7	59.396	4.31		31.39
8	-57.692	1.50	1.49700	31.39	81.54
9	72.706	3.01	1.76182	33.52	26.52
10	663.179	d10		33.52	
11	51.886	6.54	1.49700	36.42	81.54
12	-93.065	0.20		36.42	
13	55.544	5.65	1.59270	33.86	35.31
14	-76.962	1.80	1.95375	33.86	32.32
15	93.608	5.00		33.86	
16	AS	d16		24.584
17	-38.443	1.10	1.49700	27.88	81.54
18	-176.882	d18		27.88	
19	-332.898	4.01	1.68893	29.34	31.07
20	-39.041	0.20		29.34	
21	109.930	4.88	1.51823	27.08	58.90
22	-35.252	1.30	2.05090	27.08	26.94
23	-212.824	0.20		27.08	
24	46.370	3.41	1.49700	28.92	81.54
25	Infinity	d25		28.92	
26	119.406	2.86	1.64769	25.76	33.79
27	-76.832	1.20	1.77250	25.76	49.60
28	38.643	d28		25.76	
29	57.241	5.79	1.48749	33.98	70.23
30	-74.354	d30		33.98	
31	-92.834	1.40	1.59282	35.50	68.63
32	46.355	4.59		30.75
33	-64.622	1.40	1.49700	30.75	81.54
34	61.474	4.87	1.72047	35.50	34.71
35	-208.837	d35		35.50	
36	CG	1.00	1.51633	54.77	64.14
37	CG	1.00		54.77
[figure]
source	Data/US20210003832_Figure03P.png
originX	30.56
originY	96.08
ppmm	1.685
[notes]

