[descriptive data]
title	US 2014/0354858 Example 4 (Olympus M.Zuiko ED 14-42mm F3.5-5.6 EZ)
[constants]
[variable distances]
Focal Length	14.323	24.252	41.582
Angle of View	83.7	49.5	29.2
F-Number	3.645	4.697	5.798
Image Height	22.30	22.30	22.30
Total Length	48.921	45.522	50.145
Magnification	0	0	0
d0	Infinity	Infinity	Infinity
d6	17.997	7.188	0.500
d12	1.268	5.104	11.309
d14	10.105	13.679	18.785
Bf	15.334	15.334	15.334
Aperture Diameter	8.440	8.434	9.619
[lens data]
1	44.846	0.500	1.77250	18.12	49.60
2	10.080	4.150		14.88	
3	-40.189	0.760	1.53071	15.34	55.69
4	38.530	0.190		14.90	
5	17.821	1.700	2.00069	14.72	25.46
6	37.691	d6		13.52	
7	12.147	2.711	1.74156	11.12	49.21
8	-62.740	1.000		11.12	
9	AS	1.120		8.440
10	136.852	0.520	1.74951	10.12	35.33
11	6.962	4.200	1.49700	9.28	81.54
12	-15.588	d12		9.28	
13	47.328	0.400	1.53071	8.74	55.69
14	10.352	d14		8.74	
15	-99.929	2.300	1.83481	20.82	42.73
16	-26.850	Bf		20.82	
[aspherical data]
3	-40.189	0	6.6785E-05	-8.8705E-07	-9.6050E-10	-8.1513E-13
4	38.530	0	5.6775E-05	-1.1574E-06	-1.5695E-11	
7	12.147	0	-2.4426E-05	-3.5991E-07	1.4222E-08	-7.5500E-10
8	-62.740	0	8.7510E-05	-3.4669E-07	3.1047E-10	-5.2955E-10
13	47.328	0	-4.2631E-04	8.4142E-06	8.5933E-08	-1.9000E-09
14	10.352	0	-4.7992E-04	9.9258E-06	-5.6689E-08	
[figure]
source	Data/US20140354858_Figure04P.png
originX	10.97
originY	104.61
ppmm	3.638
[notes]
