[descriptive data]
title	US 2014/0285903 Example 1 (Fujifilm Fujinon XF35mm F1.4 R)
[constants]
AsphericalOddCount	9
[variable distances]
Focal Length	36.17
Angle of View	43.0
F-Number	1.45
Image Height	28.4
Total Length	undefined
Magnification	0
d0	Infinity
Bf	21.98
[lens data]
1	31.767	4.70	1.75500	34.38	52.3
2	108.050	0.15		34.38	
3	16.733	5.01	1.80400	26.34	46.6
4	25.973	0.20		24.16	
5	27.720	1.35	1.69895	24.16	30.1
6	10.424	6.27		16.46	
7	37.345	1.10	1.60342	18.04	38.0
8	25.375	2.73		18.04	
9	AS	3.20		15.103	
10	-94.514	2.50	1.51760	17.08	63.5
11	45.548	0.45		17.08	
12	Infinity	6.72	1.88300	19.00	40.8
13	-11.174	1.20	1.76182	19.00	26.5
14	-124.500	4.99	1.88300	24.76	40.8
15	-20.516	17.00		24.76	
16	CG	2.80	1.51680	27.82	64.2
17	CG	3.13		27.82	
[aspherical data]
10	-94.514	0	1.4267934E-03	-1.6625706E-03	7.1056683E-04	-9.1063817E-05	-6.7671475E-05	3.1530346E-05	-2.7404199E-06	-1.2148981E-06	2.9053673E-07	6.3508375E-09	-7.9573382E-09	4.5951622E-10	9.3989975E-11	-9.7762088E-12	-4.3352953E-13	7.1170331E-14	2.5581917E-16	-1.6083703E-16
11	45.548	0	1.4075342E-03	-1.5407051E-03	7.2833847E-04	-1.3764849E-04	-3.4723387E-05	2.1553742E-05	-2.4723865E-06	-6.0987942E-07	1.7824931E-07	-3.5081942E-09	-3.6689473E-09	3.8060840E-10	2.1235855E-11	-5.4237286E-12	1.6515932E-13	2.1078707E-14	-1.6918406E-15	3.4763829E-17
[figure]
source	Data/US20140285903_Figure01P.png
originX	8.50
originY	158.46
ppmm	7.231
[notes]
Bill: Last distance measured; about 0.95mm more than Bf would indicate.
