[descriptive data]
title	US 2009/0190220 Example 5 (Nikon AF-S DX Micro Nikkor 85mm f/3.5G ED VR)
[constants]
[variable distances]
Focal Length	85.0403	undefined	undefined
Angle of View	19.2	undefined	undefined
F-Number	3.6	undefined	undefined
NA	undefined	0.12	0.09
Image Height	28.50	28.50	28.50
Total Length	undefined	undefined	undefined
Magnification	0	-0.5000	-1.0000
d0	Infinity	218.1695	145.3622
d7	2.3016	11.4600	18.0621
d12	18.5399	9.3815	2.7794
d13	16.1521	9.9244	2.2829
d18	5.0121	11.2398	18.8814
d21	7.5803	7.5803	7.5803
d25	50.0846	50.0846	50.0846
Bf	0.68142	0.68142	0.68142
[lens data]
1	153.8926	3.5	1.772499	30.82	49.60
2	-154.5706	0.1		30.82	
3	42.5523	3.7	1.696797	27.76	55.53
4	1245.9823	2.45		27.76	
5	-320.8002	1.3	1.717362	25.84	29.52
6	26.6125	4.2	1.699998	24.78	48.08
7	212.0823	d7		24.78	
8	-167.4791	1.3	1.696800	18.66	55.52
9	28.3094	2.95		17.54	
10	-216.2226	1.2	1.516800	17.80	64.12
11	26.8641	2.0	1.846660	17.80	23.78
12	61.2228	d12		17.80	
13	AS	d13		18.966
14	56.9717	3.0	1.603000	21.08	65.47
15	-66.1004	0.1		21.08	
16	40.1755	1.3	1.755199	21.16	27.51
17	21.4606	4.0	1.497820	19.06	82.56
18	-780.3046	d18		19.06	
19	-364.6586	1.3	1.883000	18.36	40.77
20	25.5565	2.0	1.846660	18.36	23.78
21	40.2512	d21		18.36	
22	-22.6638	1.5	1.603420	20.74	38.00
23	-31.5953	0.1		21.86	
24	115.8240	3.0	1.883000	23.40	40.77
25	-70.6649	d25		23.40	
26	CG	2.0	1.516800	28.50	64.12
27	CG	0.68142		28.50
[figure]
source	Data/US20090190220_Figure18P.png
originX	10.82
originY	80.42
ppmm	1.725
[notes]
