[descriptive data]
title	US 2012/0154913 Example 2 (Samsung 18-200mm F3.5-6.3 ED OIS)
[constants]
[variable distances]
Focal Length	18.50	68.50	194.15	undefined	undefined	undefined
Angle of View	79.62	23.04	8.22	81.46	24.82	10.60
F-Number	3.55	5.81	6.50	undefined	undefined	undefined
Image Height	28.50	28.50	28.50	28.50	28.50	28.50
Total Length	undefined	undefined	undefined	undefined	undefined	undefined
Magnification	0	0	0	-0.04546	-0.15485	-0.28117
S	Infinity	Infinity	Infinity	500	500	500
d0	Infinity	Infinity	Infinity	370.43	329.86	305.80
d5	1.100	26.203	48.034	1.100	26.203	48.034
d13	19.455	6.684	1.916	19.455	6.684	1.916
d16	6.812	4.301	1.200	7.503	6.051	8.022
d18	2.288	4.799	7.900	1.597	3.049	1.078
d25	6.328	3.191	2.000	6.328	3.191	2.000
d32	20.757	52.134	60.319	20.757	52.134	60.319
Bf	0	0	0	0	0	0
Aperture Diameter	13.257	13.583	14.734	13.257	13.583	14.734
[lens data]
1	108.692	1.50	1.80518	51.86	25.5
2	59.849	8.13	1.49700	50.22	81.6
3	-431.693	0.15		50.22	
4	52.307	5.80	1.62041	47.48	60.3
5	179.739	d5		47.48	
6	141.166	1.30	1.83481	26.74	42.7
7	13.905	5.96		18.68	
8	-32.856	1.10	1.83481	18.68	42.7
9	68.778	0.15		19.76	
10	30.271	5.54	1.84666	19.50	23.8
11	-23.286	0.14		19.22	
12	-21.908	1.00	1.80420	19.22	46.5
13	138.173	d13		19.22	
14	-67.159	1.20	1.74400	14.98	44.9
15	-97.151	1.00		14.98	
16	AS	d16		13.257
17	37.586	3.20	1.58673	16.76	61.3
18	-49.701	d18		16.76	
19	17.435	4.95	1.49700	16.92	81.6
20	-58.546	0.90	1.84666	15.46	23.8
21	38.554	2.43	1.51742	14.72	52.2
22	-83.758	2.50		14.72
23	-77.659	1.20	1.69090	14.20	53.3
24	12.066	2.87	1.72825	14.20	28.3
25	25.316	d25		14.20	
26	25.223	4.68	1.58123	18.24	59.5
27	-58.820	0.15		18.24	
28	46.924	7.57	1.51742	17.96	52.2
29	-11.984	1.40	1.83481	17.96	42.7
30	29.549	0.43		19.78	
31	27.366	4.74	1.58144	19.78	40.9
32	-91.492	d32		20.20	
33	CG	2.24	1.51633	30.76	64.1
34	CG	0.60		30.76	
[aspherical data]
18	-49.701	0	8.6468E-06	-6.0751E-09	
23	-77.659	0	1.1980E-05	-3.0461E-08	
27	-58.820	0	1.4007E-05	1.2894E-08	-9.8111E-10
[figure]
source	Data/US20120154913_Figure03AP.png
originX	83.69
originY	525.97
ppmm	12.816
[notes]
Bill: Repaired n26 1.53123 -> 1.58123 JP2012-133104.
