[descriptive data]
title	US 2012/0069456 Example 1 (Fujifilm Fujinon 23mm F2.0 Super EBC (X100F))
[constants]
AsphericalOddCount	9
[variable distances]
Focal Length	23.72
Angle of View	62.0
F-Number	2.06
Image Height	28.4
Magnification	0
d0	Infinity
Bf	0
[lens data]
1	29.787	0.91	1.74077	21.51	27.8
2	10.216	3.07	1.88300	12.16	40.8
3	85.567	0.90		12.16	
4	AS	5.01		10.521
5	-15.211	1.70	1.88300	10.18	40.8
6	-11.699	0.30		13.18
7	-10.059	0.91	1.59270	11.26	35.3
8	13.211	7.36	1.88300	18.06	40.8
9	-18.976	0.20		18.06
10	47.945	2.50	1.56865	17.28	58.6
11	89.234	5.13		18.77
12	-12.593	1.10	1.80809	18.28	22.8
13	-45.060	0.20		23.32
14	46.628	3.08	1.88300	27.41	40.8
15	Infinity	2.80		27.41
16	CG	2.33	1.51680	28.00	64.2
17	CG	1.20		28.00
[aspherical data]
10	47.945	0	1.3592650E-04	3.7162356E-06	-6.5383916E-05	1.2224508E-05	-6.7024023E-07	-7.0851318E-08	-1.4834043E-09	4.6943650E-10	7.0944713E-11	4.0056802E-12	-2.5358331E-13	-6.2786396E-14	-7.2519329E-15	-6.2665147E-16	-1.2454499E-16	7.5045399E-18	9.4871080E-18	-7.9734604E-19
11	89.234	0	-3.6381176E-04	1.5137686E-03	-1.4708597E-03	6.8718645E-04	-1.7619011E-04	2.2970993E-05	-1.2455617E-06	1.7608222E-07	-6.3140576E-08	5.2054679E-09	6.6772864E-10	-9.4611209E-11	-3.2254692E-12	5.9858623E-13	2.3337864E-14	-1.1788037E-15	-3.5021994E-16	1.8725398E-17
[figure]
source	Data/US20120069456_Figure02P.png
originX	4.38
originY	82.76
ppmm	5.768
[notes]
