[descriptive data]
title	US 2015/0146044 Example 2 (Canon EF100-400mm f4.5-5.6L IS II USM)
[constants]
[variable distances]
Focal Length	102.79	199.97	389.03
Angle of View	23.78	12.34	6.36
F-Number	4.63	4.94	5.85
Image Height	43.28	43.28	43.28
Total Length	234.72	286.21	311.71
Magnification	0	0	0
d0	Infinity	Infinity	Infinity
d6	1.50	53.00	78.50
d14	37.75	24.29	1.40
d19	1.61	11.57	26.37
d20	11.62	22.70	35.24
d23	16.52	8.94	4.50
d30	9.98	6.91	1.35
Bf	67.26	70.32	75.88
Aperture Diameter(m)	28.405	28.381	28.421
[lens data]
1	109.670	6.94	1.62299	69.44	58.2
2	495.105	0.15		68.74	
3	147.450	2.70	1.65412	67.65	39.7
4	64.698	0.11		64.62	
5	65.113	10.78	1.43875	64.62	94.9
6	1037.902	d6		63.83	
7	111.494	4.03	1.59551	33.84	39.2
8	-147.429	1.70	1.77250	33.24	49.6
9	132.617	2.22		32.24	
10	223.886	1.55	1.77250	31.72	49.6
11	63.492	4.14		31.05	
12	-63.227	1.55	1.60311	31.04	60.6
13	80.909	3.00	1.84666	31.94	23.8
14	689.532	d14		32.10	
15	132.772	5.44	1.43387	32.63	95.1
16	-62.875	0.18		32.81	
17	87.368	5.37	1.51742	32.34	52.4
18	-66.028	1.60	1.90366	31.95	31.3
19	-375.161	d19		31.76	
20	AS	d20		28.41	
21	-48.828	1.40	1.59270	27.04	35.3
22	48.828	3.87	1.78472	27.70	25.7
23	-249.921	d23		27.78	
24	-192.509	2.72	1.76200	27.74	40.1
25	-53.844	0.16		27.82	
26	57.166	5.64	1.48749	26.72	70.2
27	-44.894	1.40	1.84666	25.94	23.8
28	-452.162	0.15		25.41	
29	52.725	2.93	1.72916	25.33	54.7
30	215.772	d30		25.03	
31	55.796	1.20	1.88300	23.34	40.8
32	23.347	4.08		22.28	
33	-65.479	2.53	1.80518	22.34	25.4
34	-32.044	1.33		22.74	
35	-29.925	1.20	1.72916	22.63	54.7
36	99.181	4.30		23.80	
37	51.642	4.11	1.65412	27.74	39.7
38	-235.796	Bf		28.05	
[figure]
source	Data/US20150146044_Figure04P.png
originX	18.53
originY	103.55
ppmm	1.875
[notes]
Bill: Patent supplies all diameters including aperture stop.
