[descriptive data]
title	US 2003/0223122 Example 4 (Ricoh smc Pentax-FA J 75-300mm F4.5-5.8 AL)
[constants]
[variable distances]
Focal Length	77.25	200.00	289.96
Angle of View	32.0	12.0	8.4
F-Number	4.6	5.4	6.2
Image Height	43.2	43.2	43.2
Magnification	0.0	0.0	0.0
d0	Infinity	Infinity	Infinity
d6	2.85	42.04	48.11
d11	29.05	11.01	2.50
Bf	58.29	72.32	86.58
Aperture Diameter(m)	24.809	24.575	24.587
[lens data]
1	73.915	5.76	1.51633	50.28	64.1
2	532.171	0.10		50.28	
3	89.348	1.60	1.80518	49.42	25.4
4	54.347	1.23		47.72	
5	67.132	6.37	1.51633	47.72	64.1
6	-2630.845	d6		47.72	
7	-442.085	1.20	1.73400	24.97	51.5
8	18.713	4.76	1.80518	24.97	25.4
9	55.149	2.75		24.97
10	-52.066	1.00	1.80610	23.90	40.9
11	187.704	d11		23.90
11AS	AS	0		24.809
12	34.305	4.75	1.48749	25.54	70.2
13	-120.745	0.10		25.54	
14	28.015	5.29	1.51633	25.02	64.1
15	-135.711	1.10	1.80518	25.02	25.4
16	55.039	1.23		25.02
17	65.753	2.00	1.52538	23.21	56.3
18	80.111	21.12		23.21
19	47.926	3.20	1.64769	18.36	33.8
20	-47.926	4.64		18.36	
21	-25.014	1.10	1.80400	17.86	46.6
22	252.943	Bf		17.86	
[aspherical data]
18	80.111	0	7.8128E-06	1.3296E-09	7.7529E-12
[figure]
source	Data/US20030223122_Figure13P.png
originX	14.54
originY	84.52
ppmm	2.203
[notes]
