[descriptive data]
title	US 2005/0237627 Example 4 (Ricoh smc Pentax-DA 14mm F2.8ED[IF])
[constants]
[variable distances]
F-Number	2.9	3.0
Angle of View	90.2	undefined
Focal Length	14.38	14.80
Image Height	28.48	28.48
Magnification	0	-0.137
d0	Infinity	88.09
d8	4.43	2.16
Bf	36.98	39.25
[lens data]
1	275.000	3.62	1.69680	56.38	55.5
2	3128.800	0.10		56.38	
3	52.647	2.00	1.72916	42.62	54.7
4	21.250	5.67		33.12	
5	42.904	1.70	1.78590	32.78	44.2
6	18.000	7.90		27.66	
7	-213.954	4.25	1.84666	27.54	23.8
8	-46.738	d8		27.54	
9	42.227	8.11	1.48749	22.52	70.2
10	-18.800	2.00	1.69100	22.52	54.8
11	-24.846	0.11		22.52	
12	36.085	1.00	1.80400	14.76	46.6
13	9.896	2.57		12.58	
14	27.972	4.00	1.80518	11.82	25.4
15	2221.231	1.52		11.82	
16	-15.350	5.97	1.48749	11.35	70.2
17	-14.780	2.00		11.35
17.5	AS	4.35		11.350
18	-42.300	5.00	1.78472	12.80	25.7
19	48.651	0.32		12.80	
20	96.900	4.62	1.49700	14.44	81.6
21	-15.180	0.10		14.44	
22	83.620	3.59	1.48749	17.10	70.2
23	-30.134	Bf		17.10	
[figure]	
source	Data/US20050237627_Figure10P.png
originX	173.05
originY	216.73
ppmm	3.828
[notes]
Bill: Apparently S at CLD is 200mm

