[descriptive data]
title	US 2021/0231930 Example 1 (Fujifilm Fujinon GF30mm F3.5 R WR)
[constants]
AsphericalOddCount	9
[variable distances]
Focal Length	30.890	undefined
Angle of View	84.2	84.0
F-Number	3.51	undefined
Image Height	55.6	55.6
Magnification	0	-0.02833
S	Infinity	1200
d0	Infinity	1079.26
d8	6.190	5.791
d17	5.220	5.619
Bf	0	0
[lens data]
1	131.25880	2	1.85108	38.95	40.12
2	16.69358	8.02		28.96	
3	-66.86544	1.07	1.49700	28.96	81.59
4	66.86544	5.45		28.96	
5	438.52916	3.05	1.78470	33.12	26.29
6	-99.19269	4.69		33.12	
7	49.02177	5.25	1.78590	31.12	44.21
8	-89.73855	d8		31.12	
9	30.26741	1.29	1.79952	23.90	42.25
10	13.86500	6.75	1.62299	22.50	58.16
11	179.28363	6.56		22.50	
12	AS	5.00		15.540
13	38.64477	1.50	1.95375	22.50	32.32
14	12.42900	5.99	1.49700	20.21	81.59
15	348.93176	4.67		20.21	
16	-153.06892	4.68	1.58135	19.78	59.38
17	-18.27655	d17		23.58	
18	-161.76271	5.34	2.00272	28.67	19.32
19	-28.43000	1.21	1.73800	31.28	32.33
20	42.00097	3.90		28.09
21	-67.54157	1.02	1.94595	28.09	17.98
22	-425.65965	3.05		32.33	
23	125.03080	6.50	1.56883	40.84	56.06
24	-60.39887	20.812		40.84	
25	CG	3.20	1.51680	55.80	64.20
26	CG	0.02		55.80
[aspherical data]
1	131.25880	0	0	-2.8886874E-06	-6.5306725E-07	2.0127359E-08	1.3907664E-09	1.3104211E-11	-2.3166044E-12	-1.5905045E-13	-3.5069163E-15	-4.0112500E-17	-1.3482658E-18	2.3430938E-18	7.8738693E-20	6.0688836E-21	-5.8425280E-22	-6.8412335E-23	4.7409996E-24	-7.1601272E-26
2	16.69358	0	0	-1.9266855E-05	-6.8136315E-07	-5.1386769E-08	1.5435168E-09	-1.8823117E-10	1.2882017E-11	-5.8433378E-14	-9.2461790E-14	1.1586160E-14	-1.3601845E-15	2.3396195E-17	4.6200395E-18	-9.1617300E-19	7.7555717E-20	-3.5245709E-22	-1.7353689E-22	3.7488999E-24
16	-153.06892	0	0	1.1426426E-10	-5.7428082E-06	-5.1973760E-08	2.9635184E-07	-1.8237844E-08	-9.4716911E-09	8.3598439E-10	2.1406144E-10	-2.2603381E-11	-2.7933578E-12	3.2181986E-13	2.2872157E-14	-2.6332566E-15	-1.0554255E-16	9.1228254E-18	6.2511786E-19	-3.9051285E-20
17	-18.27655	0	0	2.1286361E-05	-1.1336064E-05	3.2648953E-06	-7.1293049E-07	1.0856552E-07	-4.7133356E-09	-1.9454358E-09	3.3012812E-10	1.3422800E-12	-3.7812852E-12	9.4470544E-14	3.1663551E-14	-1.7021310E-15	-9.4195383E-17	6.0289050E-18	2.0266550E-19	-1.2179780E-20
[figure]
source	Data/US20210231930_Figure01P.png
originX	8.57
originY	143.51
ppmm	2.267
[notes]
Bill: Magnification and d0 measured. Image Height from Angle of View.
