[descriptive data]
title	US 2015/0124127 Example 1 (Leica DC Vario-Summilux 4.7-17.7mm F1.4-2.3 (Panasonic LX7))
[variable distances]
Focal Length	4.8862	9.1227	17.1948
Angle of View	84.3674	50.6162	27.4838
F-Number	1.46326	1.79811	2.37854
Image Height	7.642	8.536	8.536
Total Length	62.7990	57.9551	65.9945
Magnification	0	0	0
d0	Infinity	Infinity	Infinity
d2	0.3000	7.8855	17.2116
d8	26.2611	9.4187	0.3234
d19	2.7795	6.4064	13.8846
d21	4.4190	5.1894	5.5372
Bf(p)	0.62702	0.64271	0.62527
Bf	0	0	0
[lens data]
1	113.4453	1.9000	1.83481	26.92	42.7
2	-297.1745	d2		26.92	
3	111.9870	1.0000	1.80500	21.56	41.0
4	8.9938	5.6842		16.74	
5	-29.3648	0.5000	1.59282	16.74	68.6
6	69.2114	0.1000		16.74	
7	23.4562	1.7300	2.00272	17.02	19.3
8	87.7088	d8		17.02	
9	12.0350	2.5200	1.60602	12.14	57.4
10	-125.1544	1.7359		12.14	
11	9.5288	1.8800	1.77250	10.36	49.6
12	56.2842	0.0100	1.56732	10.04	42.8
13	56.2842	0.3000	1.74077	10.04	27.8
14	6.9253	2.8600		8.92	
15	AS	1.7000		7.636
16	-11.5030	0.4000	1.72825	8.32	28.3
17	-35.5078	0.1000		9.24	
18	18.9644	2.6223	1.55189	10.08	71.5
19	-10.3964	d19		10.08	
20	16.1873	1.4700	1.68400	10.40	31.3
21	152.0174	d21		10.40	
22	-14.5416	0.6000	1.63550	8.36	23.9
23	-50.7667	0.4000		9.24	
24	CG	0.9000	1.51680	9.36	64.2
25	CG	0.62702		9.36	
[aspherical data]
3	111.9870	0	-2.68650E-05	-2.19939E-08	1.71056E-09	-1.61048E-11	5.21813E-14		
4	8.9938	-0.143006	-7.46957E-05	-4.34096E-07	-1.13634E-08	1.73729E-10	-2.59994E-12		
9	12.0350	-0.0984634	-6.88003E-05	1.27101E-06	-5.27801E-08	1.03956E-09			
10	-125.1544	0	9.49723E-06	9.67297E-07	-1.08421E-08	-2.16963E-10	1.44910E-11		
18	18.9644	0	-2.43602E-04	6.65996E-06	-9.91789E-07	4.96802E-08	-1.47067E-09	4.75724E-12	
19	-10.3964	0	5.29678E-05	-5.32716E-06	8.32304E-07	-8.45390E-08	3.34839E-09	-5.97550E-11	
20	16.1873	0	-2.21595E-04	1.39952E-05	-1.04586E-06	6.11792E-08	-1.38011E-09	-1.50683E-11	1.00919E-12
21	152.0174	0	-2.80965E-04	9.08046E-06	-3.10430E-07	2.64379E-08	-7.01895E-10	-1.88682E-11	1.10060E-12
22	-14.5416	0	-7.92215E-04	6.88113E-05	-2.88618E-06	7.75972E-08	-8.87695E-10	-2.47039E-17	-1.82676E-19
[figure]
source	Data/US20150124127_Figure01aP.png
originX	4.74
originY	204.09
ppmm	14.408
[notes]
