[descriptive data]
title	US 2018/0164556 Example 3 (Ricoh HD Pentax-DA 11-18mm F2.8ED DC AW)
[constants]
[variable distances]
Focal Length	11.29	14.03	17.62
Angle of View	105.2	90.8	77.2
F-Number	2.8	2.8	2.8
Image Height	28.48	28.48	28.48
Total Length	143.32	140.88	141.01
Magnification	0	0	0
d0	Infinity	Infinity	Infinity
d12	14.885	7.647	1.664
d17	3.792	6.807	9.087
d21	6.037	3.691	0.989
Bf	36.72	40.85	47.38
Aperture Diameter	13.781	14.976	17.067
[lens data]					
1	47.207	1.910	1.65000	46.24	60.2
2	25.298	0.180		37.50	
3	24.406	3.000	1.52538	36.88	56.3
4	12.814	6.776		30.44	
5	24.325	1.700	1.81600	27.84	46.6
6	14.951	8.395		22.54	
7	-34.415	1.381	1.80999	22.12	46.5
8	19.117	4.771	1.56247	22.12	42.2
9	196.040	0.500		22.12	
10	31.675	9.174	1.54000	21.34	48.5
11	-16.348	1.449	1.80400	21.34	46.6
12	-34.521	d12		21.34	
13	36.312	1.404	1.85000	19.22	25.1
14	18.782	4.781	1.61702	19.22	36.3
15	-71.849	4.800		19.22	
16	76.485	2.580	1.60342	19.66	38.0
17	-122.375	d17		19.66	
18	AS	2.873		13.781
19	-35.565	1.220	1.80400	18.26	46.6
20	19.977	3.359	1.84666	18.26	23.8
21	91.242	d21		18.26	
22	25.941	6.207	1.49700	20.18	81.6
23	-27.244	0.250		20.18	
24	-95.569	0.200	1.52972	23.32	42.7
25	-91.464	1.200	1.91650	23.32	31.6
26	19.827	6.652	1.49700	23.32	81.6
27	-78.444	0.150		23.32	
28	73.631	6.975	1.49700	25.94	81.6
29	-27.186	Bf		25.94	
[aspherical data]
4	12.814	-1	1.120E-05	-4.885E-08	2.045E-10	-1.364E-12	1.438E-15
23	-27.244	0	3.473E-05	-3.918E-07	3.588E-09	-1.068E-11	
24	-95.569	0	2.382E-06	-3.540E-07	3.245E-09	-8.728E-12	
[figure]
source	Data/US20180164556_Figure09P.png
originX	69.72
originY	107.18
ppmm	1.884
[notes]
