[descriptive data]
title	US 2015/0226942 Example ML (Fujifilm Fujinon 23mm F2 (X100))
[constants]
AsphericalOddCount	9
[variable distances]
Focal Length	23
Angle of View	undefined
F-Number	2.0
Image Height	28.20
Total Length	undefined
Magnification	0
d0	Infinity
Bf	0
[lens data]
1	29.787	0.91	1.74077	21.30	27.8
2	10.216	3.07	1.88300	11.50	40.8
3	85.567	0.90		11.50	
4	AS	5.01		10.60	
5	-15.211	1.70	1.88300	10.04	40.8
6	-11.699	0.30		11.12	
7	-10.059	0.91	1.59270	11.24	35.3
8	13.211	7.36	1.88300	16.18	40.8
9	-18.976	0.20		17.08	
10	47.945	2.50	1.56865	18.92	58.6
11	89.234	5.13		18.92	
12	-12.593	1.10	1.80810	18.24	22.8
13	-45.060	0.20		22.42	
14	46.628	2.88	1.88300	26.98	40.8
15	Infinity	2.50		26.98	
16	CG	2.80	1.51680	27.80	64.2
17	CG	1.20		27.80	
[aspherical data]
10	47.945	0	1.359265E-04	3.716236E-06	-6.538392E-05	1.222451E-05	-6.702402E-07	-7.085132E-08	-1.483404E-09	4.694365E-10	7.094471E-11	4.005680E-12	-2.535833E-13	-6.278640E-14	-7.251933E-15	-6.266515E-16	-1.245450E-16	7.504540E-18	9.487108E-18	-7.973460E-19
11	89.234	0	-3.638118E-04	1.513769E-03	-1.470860E-03	6.871865E-04	-1.761901E-04	2.297099E-05	-1.245562E-06	1.760822E-07	-6.314058E-08	5.205468E-09	6.677286E-10	-9.461121E-11	-3.225469E-12	5.985862E-13	2.333786E-14	-1.178804E-15	-3.502199E-16	1.872540E-17
[figure]
source	Data/US20150226942_FigureMLP.png
originX	3.53
originY	62.53
ppmm	4.072
[notes]
