[descriptive data]
title	US 2012/0019926 Example 4 (Nikon 1 Nikkor VR 10-30mm f/3.5-5.6)
[constants]
[variable distances]
Focal Length	10.30000	17.30000	29.10000	undefined	undefined	undefined
Angle of View	80.24	51.18	31.56	undefined	undefined	undefined
F-Number	3.63	4.35	5.83	undefined	undefined	undefined
NA	undefined	undefined	undefined	0.14	0.11	0.09
HO	Infinity	Infinity	Infinity	866.88	825.82	819.41
Image Height	16.50	16.50	16.50	16.50	16.50	16.50
Total Length	77.62	71.79	77.44	undefined	undefined	undefined
Magnification	0	0	0	-0.01	-0.01	-0.01
d0	Infinity	Infinity	Infinity	1010.3029	1712.6194	2894.2493
d8	23.68230	9.70150	1.44017	23.98397	9.87986	1.55763
d11	4.45228	4.45228	4.45228	4.15062	4.27392	4.33481
d18	0.96721	1.02197	0.99017	0.96721	1.02197	0.99017
Bf	18.49472	26.58717	40.52334	18.49472	26.58717	40.52334
Aperture Diameter	8.209	8.815	9.073	8.209	8.815	9.073
[lens data]
1	21.1624	1.30	1.851348	23.82	40.10
2	9.1533	5.6715		18.66
3	183.3314	1.00	1.882997	18.16	40.76
4	16.4545	1.9218		17.18	
5	22.9775	2.00	1.846660	17.46	23.78
6	38.6113	0.20		17.46	
7	19.9798	2.00	1.808090	17.38	22.79
8	43.9471	d8		17.38	
9	18.8319	0.80	1.834410	10.88	37.28
10	10.9539	2.00	1.729157	10.32	54.66
11	58.3204	d11		10.32	
12	AS	1.85		8.209
13	20.4401	1.7293	1.487490	10.60	70.40
14	-55.3404	1.50		10.60	
15	33.3970	1.85	1.617200	10.02	54.01
16	-18.7603	1.00	1.755199	9.62	27.51
17	-59.2931	0.60		9.62	
18	FS	d18		9.30	
19	-83.0798	0.80	1.806100	8.86	40.94
20	13.0017	1.30	1.677900	8.86	55.40
21	24.8837	1.3580		8.86	
22	-266.4009	1.15	1.730770	8.94	40.51
23	-38.7140	Bf		8.94	
[aspherical data]
2	9.1533	-0.3204	-4.7234E-06	1.6525E-07	-1.4879E-09	-9.6692E-13
9	18.8319	0	-1.2791E-05	-7.5412E-08		
23	-38.7140	-7.2766	6.2047E-05	5.8418E-07	-2.3586E-09	
[figure]
source	Data/US20120019926_Figure13WP.png
originX	12.78
originY	96.79
ppmm	3.298
[notes]
Bill: Construction figure appears to be at some intermediate shortest focal length.
