[descriptive data]
title	US 2019/0094496 Example 1 (Fujifilm Fujinon GF250mm F4 R LM OIS WR)
[metadata]
[constants]
[variable distances]
Focal Length	242.544
Angle of View	13.4
F-Number	4.12
Image Height	57.3
Total Length	undefined
Magnification	0
d0	Infinity
Bf	70.954
[lens data]
1	437.94809	4.34	1.48749	64.62	70.24
2	-437.94809	0.23		64.62	
3	88.23561	9.23	1.49700	62.30	81.54
4	-318.68000	1.95	1.65160	64.36	58.62
5	184.29057	1.05		58.76	
6	52.21970	2.06	1.51742	56.16	52.43
7	35.07000	10.60	1.49700	51.12	81.54
8	99.36236	10.11		51.12	
9	58.26089	4.38	1.90366	45.66	31.31
10	128.22000	1.95	1.80610	44.84	40.93
11	34.81582	16.62		40.46	
12	41.42810	2.32	1.56732	37.32	42.82
13	29.50300	7.11	1.43875	35.42	94.66
14	439.02961	8.52		35.42	
15	AS	3.71		27.381
16	356.62970	1.03	1.85150	27.40	40.78
17	50.99860	2.89		26.60
18	-79.33003	0.90	1.72916	26.60	54.09
19	34.97100	3.28	1.84666	26.60	23.78
20	109.90490	6.41		26.60
21	130.59000	2.63	1.89286	31.22	20.36
22	45.98400	7.61	1.67003	29.16	47.20
23	-108.53459	20.15		29.16	
24	129.07707	5.69	1.60342	37.46	38.03
25	-82.47672	16.42		37.46	
26	-104.71763	1.75	1.72916	38.66	54.68
27	-1000.23651	68.817		38.66	
28	CG	3.200	1.51680	57.68	64.20
29	CG	0.026		57.68	
[figure]
source	Data/US20190094496_Figure01P.png
originX	7.22
originY	151.89
ppmm	1.998
[notes]
Bill: Image Height from Angle of View is a bit generous 57.3 versus 54.78