[descriptive data]
title	US 2004/0218274 Example 3 (Nikon AF-S Zoom-Nikkor 24-120mm f/3.5-5.6G IF-ED VR)
[constants]
[variable distances]
Focal Length	24.715	70.000	116.180
Angle of View	84.27	33.08	20.30
F-Number	3.605	5.39	5.902
Image Height	43.2	43.2	43.2
Magnification	0	0	0
d0	Infinity	Infinity	Infinity
d5	2.1645	22.0508	34.6978
d14	19.9929	7.1483	3.2832
d14AS	18.8929	6.0483	2.1832
d19	2.9356	15.9340	18.9269
d23	16.9818	3.9834	0.9905
Bf	38.2859	51.2842	54.2772
Aperture Diameter	15.361	14.831	14.709
[lens data]
1	216.4404	1.9	1.846660	57.72	23.78
2	64.1890	7.0	1.755000	52.08	52.32
3	41868.0830	0.1		52.08
4	49.2996	4.85	1.804000	48.27	46.58
5	114.2131	d5		46.87
6	96.1218	0.04	1.553890	32.72	38.09
7	85.6443	1.35	1.834810	32.72	42.72
8	13.3745	6.55		21.40
9	-50.0350	0.9	1.834810	21.40	42.72
10	39.7947	0.1		22.60	
11	25.5984	5.5	1.784720	20.51	25.68
12	-28.1577	0.11		20.51
13	-26.6982	0.9	1.834810	20.51	42.72
14	-10125.2810	d14AS		20.51
14AS	AS	1.1		15.361
15	32.5433	0.8	1.805180	16.74	25.43
16	18.4480	4.7	1.497820	16.74	82.52
17	-32.0248	0.5		16.74
18	27.2447	3.0	1.513419	16.96	63.98
19	137.0245	d19		16.96
20	-74.9109	2.25	1.846660	16.20	23.78
21	-19.8416	0.06		16.20
22	-19.1953	0.8	1.834810	16.20	42.72
23	84.8898	d23		16.20
24	124.4234	6.45	1.497820	28.52	82.52
25	-25.2886	0.1		28.52	
26	76.9570	4.7	1.487490	28.16	70.41
27	-51.0732	4.3		28.16
28	-22.8139	1.1	1.846660	26.76	23.78
29	-66.6924	Bf		28.48
[aspherical data]
6	96.1218	-2.9054	4.5547E-06	-4.3828E-09	-3.8574E-11	7.1398E-14	1.2504E-16
18	27.2447	0.978	1.1742E-06	1.8701E-08	-3.8781E-10	2.7920E-12	-3.9268E-15
[figure]
source	Data/US20040218274_Figure09P.png
originX	6.90
originY	79.57
ppmm	2.044
[notes]
