[descriptive data]
title	US 2019/0312999 Example 1 (Panasonic Leica DG Vario-Elmarit 12-60mm F2.8-4.0 Asph Power OIS)
[constants]
[variable distances]
Focal Length	12.4680	26.8405	57.7811
Angle of View	83.5570	43.6682	21.0988
F-Number	2.92249	3.63149	4.11990
Image Height	20.0000	21.6300	21.6300
Total Length	104.2337	111.6470	139.3998
Aperture Diameter	12.840	12.840	13.952
Magnification	0	0	0
d0	Infinity	Infinity	Infinity
d5	0.5517	13.9307	33.6892
d13	24.2114	7.1726	0.2000
d23	2.7529	3.6118	2.9434
d25	7.7397	7.5145	13.9936
d27	11.9411	22.3695	31.6155
Bf(p)	0.0254	0.0364	-0.0534
Bf	0	0	0
P	21.1681	41.4264	96.0134
P'	-48.6220	-59.0024	-82.1297
H	30.4406	56.0645	113.1170
H'(p)	91.7657	84.8065	81.6188
H'	-12.4426	-26.8041	-57.8344
[lens data]
1	140.1169	1.5000	1.71736	44.106	29.5
2	76.0759	4.1950	1.59349	43.098	67.0
3	870.2592	0.2000		42.652	
4	50.7004	4.2988	1.61800	40.668	63.4
5	160.5186	d5		39.870	
6	135.9040	0.9000	1.80420	24.842	46.5
7	10.9399	4.5386		18.888	
8	65.3321	2.0000	1.80569	18.144	40.5
9	46.6925	5.4214		17.242	
10	-12.8828	0.7500	1.59282	16.178	68.6
11	-22.4882	0.2000		16.696	
12	45835.4410	2.0413	1.92286	16.598	20.9
13	-47.0583	d13		16.712	
14	AS	2.3000		12.840
15	21.3117	3.7208	1.68823	15.432	31.1
16	68.9966	3.2622		15.784	
17	22.9564	4.2000	1.60801	15.996	46.2
18	-38.4734	0.5000		15.586	
19	198.7881	0.7000	2.00100	14.682	29.1
20	11.3508	4.9093	1.49700	13.712	81.6
21	-80.5918	0.4000		13.818	
22	28.6673	3.0283	1.55332	13.804	71.7
23	-55.7409	d23		13.644	
24	90.8791	1.0000	1.80569	12.094	40.5
25	19.3505	d25		12.010	
26	28.7855	1.7458	1.92286	17.782	20.9
27	46.7611	d27		17.650	
28	CG	4.2000	1.51680	22.250	64.2
29	CG	1.0000		22.250
[aspherical data]
8	65.3321	-3.53047	6.22293E-05	2.99860E-07	-8.88228E-09	2.33260E-10	-2.42110E-12	1.08796E-14
9	46.6925	0	1.94271E-05	-1.64209E-07	1.65145E-09	-7.38961E-12		
15	21.3117	0	-2.67495E-05	-4.32483E-07	2.73657E-09	-1.48711E-10	1.84758E-12	-8.18122E-15
16	68.9966	0	1.05076E-06	-4.17305E-07	-1.42321E-09	-2.80039E-11	3.65868E-13	-3.35745E-16
22	28.6673	4.53865	-4.16794E-05	-9.89240E-07	8.02776E-09	-2.75765E-10	1.40896E-12	
23	-55.7409	0	-6.82010E-06	-1.14308E-06	1.27628E-08	-2.59262E-10	1.03955E-12	
24	90.8791	0	7.88246E-05	-2.82183E-06	5.80673E-08	-5.12763E-10		
25	19.3505	0	7.98435E-05	-2.79673E-06	5.68685E-08	-5.36803E-10		
[figure]
source	Data/US20190312999_Figure01abcP.png
originX	28.37
originY	185.73
ppmm	5.114
[notes]
Bill: Patent diameters including all Aperture Diameters. H' adjusted to be relative to the last lens vertex.
