[descriptive data]					
title	US 2020/0257181 Example 1 (Canon RF15-35mm F2.8 L IS USM)
[constants]					
[variable distances]					
Focal Length	15.45	24	33.95
Angle of View	108.94	84.06	65.02
F-Number	2.91	2.91	2.91
Image Height	43.28	43.28	43.28
Total Length	159.58	147.49	144.99
Magnification	0	0	0
d0	Infinity	Infinity	Infinity
d8	25.32	7.72	1.5
d13	8.24	11.3	7.4
d14	13.71	5.42	0.71
d17	1.6	9.89	14.61
d21	7.04	1.27	-1.05
d30	14	22.21	32.15
Bf	14	22.21	32.15
asd14	16.52	20.93	26.65
fsd21	25.93	22.49	21.91
Aperture Diameter	16.52	20.93	26.65
Aperture Diameter(m)	16.537	20.956	26.687
[lens data]					
1	3000.000	2.85	1.58313	55.04	59.4
2	16.526	10.57		37.84	
3	-809.327	2.25	1.85400	36.45	40.4
4	91.828	5.56		31.48	
5	-53.256	1.20	1.59522	31.18	67.7
6	68.528	0.15		30.87	
7	43.587	5.03	1.85478	31.10	24.8
8	-485.244	d8		30.62	
9	63.607	2.67	1.84666	24.64	23.9
10	-1472.964	0.15		24.78	
11	52.737	1.00	1.92286	25.07	20.9
12	22.996	5.41	1.53172	24.62	48.8
13	489.976	d13		24.90	
14	AS	d14		16.52	
15	27.733	1.20	2.00069	27.72	25.5
16	19.641	9.29	1.53775	26.54	74.7
17	-78.882	d17		26.33	
18	-67.558	4.31	1.92286	21.98	20.9
19	-20.948	0.77	1.83400	22.48	37.2
20	136.126	3.52		23.78	
21	FS	d21		25.93	
22	30.487	11.20	1.49700	34.86	81.6
23	-50.182	0.15		34.68	
24	40.928	11.00	1.49700	31.47	81.6
25	-25.800	1.20	2.05090	29.51	26.9
26	208.835	4.54		29.48	
27	-73.669	2.10	1.85400	29.55	40.4
28	-1000.000	0.15		32.11	
29	216.036	3.40	1.92286	34.25	20.9
30	-127.538	d30		34.88	
[aspherical data]					
1	3000.000	0	8.30213E-06	-1.33976E-08	4.25008E-11	-8.60253E-14	1.03363E-16	-7.03702E-20	2.16318E-23
2	16.526	-0.981344	4.49709E-07	-2.34544E-08	-1.05516E-10	8.07443E-13	-2.78552E-15	3.05128E-18	
3	-809.327	0	-9.01759E-06	-1.39642E-07	1.23272E-09	-3.49283E-12	3.62808E-15	5.24953E-19	-2.43479E-21
4	91.828	0	6.34981E-06	-1.29871E-07	1.67920E-09	-6.48374E-12	1.50043E-14	-1.59777E-17	
27	-73.669	0	-8.04129E-05	2.64851E-07	-1.06038E-09	4.87911E-12	-8.56493E-15	-1.17880E-18	-3.10043E-23
28	-1000.000	0	-6.00659E-05	2.67376E-07	-7.05021E-10	2.04492E-12	-2.97985E-15		
[figure]
source	Data/US20200257181_Figure01AP.png
originX	14.55
originY	118.09
ppmm	2.587
[notes]					
Bill: Patent diameters, even variable AS and FS. Optical Bench limitation: variable FS diameters. Figure is the telephoto scenario.
