[descriptive data]
title	US 2015/0185495 Example 1 (Nikon AF-S DX Nikkor 18-55mm f/3.5-5.6G VR II)
[constants]
[variable distances]
Focal Length	18.11	43.19	50.92
Angle of View	79.50	36.33	31.10
F-Number	3.62	5.12	5.72
Total Length	121.96	121.45	125.27
Image Height	28.50	28.50	28.50
Magnification	0	0	0
d0	Infinity	Infinity	Infinity
d7	32.88	5.45	2.93
d13	2.87	10.64	12.40
d17	13.06	5.29	3.53
Bf	38.58	59.50	65.84
Aperture Diameter(m)	12.439	12.356	12.209
[lens data]
1	69.440	2.0	1.58913	37.80	61.22
2	15.900	0.17	1.55389	28.92	38.09
3	13.749	10.0		28.64
4	-284.727	1.5	1.65844	27.60	50.84
5	39.340	2.7		26.57
6	31.807	2.8	1.84666	27.38	23.78
7	65.687	d7		25.64
8	-169.197	2.0	1.61272	16.55	58.54
9	-33.549	1.0		16.55
10	18.465	0.9	1.90200	16.60	25.26
11	13.324	0.4		16.15
12	13.850	3.8	1.59319	16.15	67.90
13	205.700	d13		14.19
14	AS	1.5		12.439
15	-66.540	2.6	1.80518	12.95	25.45
16	-13.193	0.8	1.83400	12.77	37.18
17	52.452	d17		12.77
18	-110.104	2.8	1.48749	16.21	70.31
19	-17.370	0.1		16.21
20	81.550	4.2	1.51680	17.04	63.88
21	-15.015	1.3	1.83400	17.04	37.18
22	-54.306	Bf		18.01
[aspherical data]
3	13.749	-1	2.55993E-05	4.63315E-08	-2.47600E-11	6.32636E-13
[figure]
source	Data/US20150185495_Figure01P.png
originX	42.33
originY	196.88
ppmm	4.936
[notes]
