[descriptive data]
title	US 2020/0142167 Example 1 (Canon RF24-240mm F4-6.3 IS USM)
[constants]
[variable distances]
Focal Length	24.72	85.00	232.80
Angle of View	75.10	28.56	10.62
F-Number	4.12	5.66	6.41
Image Height	38.00	43.28	43.28
Total Length	142.00	183.82	214.00
Magnification	0	0	0
d0	Infinity	Infinity	Infinity
d5	1.34	32.74	59.28
d13	22.25	8.64	2.35
d24	8.46	3.21	1.00
d31	3.73	4.64	1.50
d34	15.54	14.63	17.77
d37	15.78	45.06	57.20
Bf	15.78	45.06	57.20
P	30.57	98.84	259.37
P'	-58.97	-44.91	-42.49
H	47.11	103.54	-51.47
H'	-8.94	-39.94	-175.60
Aperture Diameter	13.260	15.289	16.32
[lens data]
1	131.399	1.85	1.90366	56.83	31.3
2	68.561	8.49	1.49700	55.44	81.5
3	-730.653	0.15		55.12	
4	68.792	6.48	1.61800	53.52	63.4
5	664.437	d5		52.76	
6	243.528	1.28	1.85150	27.59	40.8
7	20.583	4.73		22.38	
8	-56.381	1.09	1.85150	21.97	40.8
9	45.818	0.46		20.78	
10	35.871	4.51	1.92286	20.58	20.9
11	-61.247	0.84		19.64	
12	-32.368	1.03	1.77250	19.45	49.6
13	821.472	d13		18.64	
14	AS	0.35		13.260
15	27.034	3.05	1.76182	17.03	26.5
16	-852.680	0.15		16.92	
17	19.840	3.53	1.58144	16.65	40.8
18	Infinity	0.82	2.00100	15.95	29.1
19	20.522	2.70		15.21	
20	35.803	0.80	2.00069	15.50	25.5
21	18.888	3.99	1.72000	15.26	43.7
22	-63.451	2.27		15.19	
23	-26.036	0.80	2.00100	14.80	29.1
24	-164.761	d24		15.10	
25	45.628	2.42	1.53110	21.58	55.9
26	246.555	0.90		22.57	
27	-170.519	1.25	1.85478	22.75	24.8
28	170.589	5.53	1.59282	23.82	68.6
29	-26.647	0.15		25.08	
30	45.538	6.19	1.49700	27.28	81.5
31	-45.788	d31		27.38	
32	93.245	1.81	1.80518	25.57	25.4
33	304.630	1.10	1.63854	25.27	55.4
34	23.508	d34		24.12	
35	-53.590	1.28	1.83481	27.19	42.7
36	53.854	4.88	1.84666	29.26	23.8
37	-109.597	Bf		30.00	
[aspherical data]
25	45.628	0	-3.69428E-06	-1.81514E-07	1.12707E-09	-1.37724E-11	4.19334E-14
26	246.555	0	2.68822E-05	-1.85641E-07	9.59349E-10	-1.18429E-11	3.67346E-14
[figure]
source	Data/US20200142167_Figure01P.png
originX	9.55
originY	122.52
ppmm	2.930
[notes]
Bill: Patent diameters except wide and intermediate AD.
