[descriptive data]
title	US 2022/0276464 Example 3 (Fujifilm Fujinon XF33 F1.4 R LM WR)
[constants]
AsphericalOddCount	5
[variable distances]
Focal Length	33.93	undefined
Angle of View	45.4	44.6
F-Number	1.44	1.63
Image Height	28.90	28.90
Magnification	0	-0.14872
d0(p)	Infinity	217
d0	Infinity	216.72
d11	7.0100	1.7684
d21	1.7100	6.9516
Bf	0	0
[lens data]
1	-48.6592	1.00	1.48749	32.96	70.42
2	41.5771	4.29		30.19	
3	59.8074	4.48	1.83481	31.62	42.73
4	-153.2429	0.27		31.62	
5	-150.2108	4.33	1.49700	30.32	81.59
6	-34.5615	1.01	1.59270	30.32	35.31
7	118.3516	2.08		31.62	
8	68.4344	6.05	1.81600	31.60	46.54
9	-44.2924	1.01	1.78470	31.60	26.27
10	-77.5628	3.89		31.60	
11	AS	d11		26.473
12	20.7479	3.07	1.95906	24.16	17.47
13	34.4785	0.13		24.16	
14	29.8600	0.80	1.84666	23.93	23.79
15	11.9120	4.79	1.59283	20.60	68.63
16	22.1252	4.60		18.79
17	-18.9247	3.12	1.49700	18.79	81.59
18	-13.8596	0.80	1.74077	19.67	27.76
19	-77.3222	0.23		24.01	
20	116.2144	5.39	1.85343	24.01	40.55
21	-19.9974	d21		24.01	
22	94.5562	5.12	1.90043	24.94	37.37
23	-29.0764	1.01	1.67300	24.94	38.26
24	41.7117	3.13		22.86	
25	-55.6907	1.60	1.68863	22.86	31.19
26	-250.0002	9.4071		24.88	
27	CG	2.8500	1.51680	28.82	64.20
28	CG	0.2010		28.82
[aspherical data]
20	116.2144	0	0	-3.6981763E-06	-2.1333775E-06	-4.0513278E-08	6.9611877E-08	-3.6341727E-09	-6.6036497E-10	5.2747098E-11	1.9268032E-12	-1.9346120E-13
21	-19.9974	0	0	2.5810155E-05	-2.3012241E-06	-2.3831105E-07	8.5819314E-08	-2.2444614E-09	-7.8049185E-10	4.6261020E-11	2.2243703E-12	-1.7496157E-13
25	-55.6907	0	0	-5.1121685E-05	-1.7390876E-06	3.0076039E-06	-3.3080366E-07	-7.1088611E-09	2.5409968E-09	-5.9778978E-11	-5.5852603E-12	2.0239815E-13
26	-250.0002	0	0	-1.2432057E-04	4.1913962E-05	-5.5201108E-06	2.6959548E-07	2.1637240E-08	-3.4446746E-09	7.9300994E-11	8.1281733E-12	-3.8055727E-13
[figure]
source	Data/US20220276464_Figure06P.png
originX	43.54
originY	140.51
ppmm	3.960
[notes]
Bill: Measured d0 and Magnification.
