[descriptive data]
title	US 2007/0183042 Example 2 (Nikon AF-S DX Zoom-Nikkor 55-200mm f/4-5.6G IF-ED VR)
[constants]
[variable distances]
Focal Length	56.1	99.9	196.0
Angle of View	29.50	16.17	8.31
F-Number	4.10	4.51	5.81
Image Height	28.20	28.20	28.20
Magnification	0	0	0
d0	Infinity	Infinity	Infinity
d2	11.89	11.89	11.89
d5	2.00	18.75	27.42
d12	20.56	12.95	2.45
Bf	39.00	45.84	66.89
Dfocus	8.66	8.81	9.00
[lens data]
1	258.915	3.22	1.51680	41.89	64.12
2	-258.915	d2		41.89
3	50.334	1.50	1.84666	34.47	23.78
4	35.942	5.66	1.48749	33.04	70.45
5	-352.277	d5		33.04	
6	-139.909	1.40	1.77250	20.92	49.61
7	67.620	2.05		20.92
8	-165.337	1.40	1.65844	21.82	50.88
9	18.503	4.17	1.80518	21.82	25.43
10	165.033	1.46		19.51
11	-41.774	1.40	1.77250	19.51	49.61
12	96.800	d12		21.82
13	AS	1.90		19.923
14	212.407	2.94	1.80440	22.94	39.57
15	-48.250	0.20		22.94	
16	31.747	5.13	1.49782	22.94	82.56
17	-35.445	1.40	1.80518	22.94	25.43
18	81.737	0.20		22.94
19	25.799	3.78	1.51823	22.12	58.89
20	-183.131	11.14		22.12	
21	-211.966	2.87	1.79504	18.12	28.69
22	-19.531	1.10	1.74400	18.12	44.79
23	31.174	8.24		18.12
24	42.330	3.57	1.60342	18.70	38.00
25	-39.224	1.44		18.70
26	-19.047	1.40	1.83400	18.70	37.17
27	-41.829	Bf		18.70
[figure]
source	Data/US20070183042_Figure06P.png
originX	11.75
originY	82.67
ppmm	1.793
[notes]
