[descriptive data]
title	US 20210/286156 Example 6 (Fujifilm Fujinon XF70-300mm F4-5.6 R LM OIS WR)
[constants]
AsphericalOddCount	4
[variable distances]
Focal Length	72.053	127.769	291.097
Angle of View	21.6	12.4	5.6
F-Number	4.12	4.90	5.77
Image Height	28.4	28.4	28.4
Magnification	0	0	0
d0	Infinity	Infinity	Infinity
d5	2.108	35.699	72.334
d12	17.824	9.810	1.870
d18	9.041	9.390	19.307
d23	12.554	12.205	2.288
d28	2.978	9.994	21.689
Bf	0	0	0
Aperture Diameter	19.424	18.017	18.015
[lens data]
1	245.94174	2.000	1.80610	57.83	33.27	NBFD15-W.HOYA
2	100.00800	6.240	1.48749	51.85	70.42	H-QK3L.CDGM
3	-278.46212	0.150		51.85		
4	84.82221	4.540	1.49700	50.85	81.59	H-FK61.CDGM
5	399.21233	d5		50.85		
6	179.72328	2.470	1.48749	28.37	70.42	H-QK3L.CDGM
7	-179.72328	13.056		28.37		
8	Infinity	1.010	1.83481	21.39	42.74	S-LAH55VS.OHARA
9	18.29540	3.090	1.89286	19.26	20.36	S-NPH4.OHARA
10	38.00289	2.677		17.55		
11	-31.54978	1.000	1.91082	17.55	35.25	TAFD35.HOYA
12	-88.17798	d12		21.68		
13	AS	0.750		19.424
14	20.14224	4.040	1.58313	21.85	59.38	L-BAL42.OHARA
15	100.95599	7.084		21.85		
16	37.52682	1.000	1.88300	19.81	39.22	H-ZLAF68N.CDGM
17	14.21410	5.140	1.49700	18.20	81.59	H-FK61.CDGM
18	-229.03631	d18		18.20		
19	142.71745	2.370	1.78800	17.30	47.37	S-LAH64.OHARA
20	-49.04258	0.846		17.09
21	-23.69230	1.120	1.63980	17.09	34.47	S-T1M27.OHARA
22	23.69230	3.760	1.87070	17.18	40.73	TAFD32.HOYA
23	-46.00978	d23		17.18		
24	71.77426	1.000	1.74100	16.62	52.64	S-LAL61.OHARA
25	18.58085	1.552		15.18	
26	399.50103	3.760	1.64769	15.18	33.79	S-TIM22.OHARA
27	-14.60490	1.010	1.78800	15.51	47.37	S-LAH64.OHARA
28	Infinity	d28		16.18		
29	-37.23339	2.590	1.91082	26.12	35.25	TAFD35.HOYA
30	-26.66311	26.284		26.12		
31	CG	2.850	1.54763	28.32	54.98	
32	CG	1.123		28.32		
[aspherical data]
14	20.14224	0	0	-1.655732E-06	-8.716359E-07	2.349777E-07	-3.388010E-08	2.059046E-09	7.502495E-12	-5.242880E-12
15	100.95599	0	0	8.582655E-06	-1.080150E-06	2.907057E-07	-4.305717E-08	3.271926E-09	-9.043188E-11	-2.172509E-12
[figure]
source	Data/US20210286156_Figure12P.png
originX	34.03
originY	163.45
ppmm	2.743
[notes]
