[descriptive data]
title	US 2020/0379223 Example 1 (Fujifilm Fujinon GF45-100mm F4 R LM OIS WR)
[constants]
[variable distances]
Focal Length	45.95	63.82	97.97
Angle of View	64.4	47.0	31.2
F-Number	4.10	4.10	4.11
Image Height	54.78	54.78	54.78
Total Length	undefined	undefined	undefined
Magnification	0	0	0
d0	Infinity	Infinity	Infinity
d3	1.77	10.67	24.93
d12	20.15	12.96	5.26
d28	4.00	13.57	25.06
Bf	0	0	0
Aperture Diameter	18.481	21.186	24.416
[lens data]
1	56.6741	2.40	1.91082	57.59	35.25
2	38.9500	12.12	1.62041	53.30	60.37
3	583.4940	d3		53.00	
4	248.6187	1.40	2.00069	41.90	25.46
5	30.1278	7.17		36.09
6	-110.0929	4.47	1.58254	36.09	59.47
7	-59.8535	0.30		36.09
8	-57.0972	2.41	1.48749	33.63	70.24
9	32.0520	7.51	1.84666	32.00	23.78
10	-160.8127	9.71		32.00	
11	-45.0287	1.05	1.65160	24.89	58.55
12	Infinity	d12		26.09	
13	AS	3.92		18.481
14	36.1835	5.90	1.69350	29.03	53.20
15	-84.0797	3.48		29.03	
16	-197.3116	1.21	1.64769	28.60	33.79
17	22.4200	8.15	1.43875	26.97	94.66
18	-56.6881	2.10		26.97	
19	-94.3420	0.65	1.62426	26.26	23.06
20	-68.2903	1.70	1.48749	26.26	70.24
21	52.5621	3.50		27.56	
22	33.2947	9.10	1.49700	30.87	81.54
23	-39.9800	1.00		30.87	
24	-226.4350	1.31	1.67003	29.81	47.23
25	79.8610	3.53	1.51680	29.81	64.20
26	-150.0015	16.49		29.81	
27	-18.8732	1.20	1.90043	30.05	37.37
28	-38.0255	d28		33.13	
29	-78.5658	4.00	2.00272	47.82	19.32
30	-51.6519	23.66		47.82	
31	CG	3.20	1.51680	55.25	64.20
32	CG	1.00		55.25
[aspherical data]
6	-110.0929	0	3.0320507E-06	7.7238248E-09	-5.6674531E-11	7.7710768E-14	4.0020465E-16	-1.4412121E-18	1.5225693E-21
7	-59.8535	0	2.0975509E-06	3.6773521E-09	-3.9337229E-11	4.7729609E-14	2.3293492E-16	-5.2998395E-19	3.1541188E-22
14	36.1835	0	-4.8903066E-06	-1.7950741E-09	1.5202450E-11	8.5439410E-14	-3.3109941E-16	-3.1184262E-18	1.1161610E-20
15	-84.0797	0	2.6929775E-06	-9.7459299E-10	5.2156920E-11	-1.1283672E-13	-2.9372467E-17	-2.4518032E-18	9.2207161E-21
19	-94.3420	0	1.5879642E-06	1.8183323E-09	4.5043089E-11	-2.3033303E-13	-6.4311905E-16	8.6767356E-18	-2.1736388E-20
[figure]
source	Data/US20200379223_Figure01P.png
originX	110.46
originY	163.87
ppmm	2.000
[notes]

