[descriptive data]
title	US 2003/0189767 Example 1 (Zeiss DigiPrime Distagon T1.6 40mm)
[variable distances]
Focal Length	39.84
Angle of View	undefined
F-Number(p)	undefined
F-Number	1.45
Image Height	9.6
Total Length	undefined
Magnification	0
d0	Infinity
Bf	0
[lens data]
2	73.918	11.000	1.55235	62.27	63.46
3	-510.280	16.000		62.27
4	27.982	 8.500	1.84676	38.19	23.83
5	20.684	 5.360		29.56	
6	74.989	 2.400	1.62299	29.07	58.02
7	29.427	 7.300		26.94	
8	-29.640	 2.000	1.74402	25.61	44.85
9	62.643	 3.410		26.33
10	Infinity	 5.500	1.49702	28.68	81.54
11	-41.269	 0.100		28.68
12	334.970	 3.500	1.74956	30.44	34.82
13	109.020	 9.954		30.44
14	67.317	 8.000	1.49702	35.32	81.54
15	-58.715	 0.100		35.32
16	35.738	10.000	1.80819	33.64	22.76
17	45.643	 9.000		29.14	
18	AS	 9.700		26.355
19	-48.001	 3.800	1.74956	25.14	35.28
20	38.404	 9.000	1.49702	26.11	81.54
21	-57.049	 4.200		27.11
22	-258.520	 5.000	1.72053	28.19	34.71
23	39.811	 8.500	1.49702	29.26	81.54
24	-59.566	 0.100		30.25
25	93.729	 7.000	1.60314	30.74	60.64
26	-244.060	 0.100		30.74
27	45.643	 4.500	1.76206	30.11	40.10
28	-381.290	 2.138		30.11
29	FS	 38.68		28.46
[prism lens data]
29	FS	 7.600		27.00
30	Infinity	33.000	1.60863	27.00	46.44
31	Infinity	13.200	1.51682	27.00	64.17
32	Infinity	 0.860		27.00
33	Infinity	 1.000		27.00
[figure]
source	Data/US20030189767_Figure04P.png
originX	56.16
originY	211.72
ppmm	5.297
[notes]
Bill: F-Number not specified but looks like f/1.45 for T/1.6
