[descriptive data]
title	US 2019/0361195 Example 1 (Fujifilm Fujinon GF100-200mm F5.6 R LM OIS WR)
[constants]
AsphericalOddCount	9
[variable distances]
Focal Length	101.68	152.51	203.35
Angle of View	29.4	19.6	14.6
F-Number	5.70	5.71	5.70
Image Height	54.70	54.70	54.70
Total Length	undefined	undefined	undefined
Magnification	0	0	0
d0	Infinity	Infinity	Infinity
d5	1.40	17.56	25.87
d13	22.11	11.50	0.54
d18	18.27	12.72	15.37
Bf	60.62	60.62	60.62
[lens data]
1	182.7312	2.13	1.74950	51.58	35.02
2	59.7900	8.16	1.51680	49.00	64.21
3	-244.1537	0.10		49.00	
4	51.1618	6.58	1.43875	46.54	94.66
5	424.5411	d5		46.54	
6	138.7122	5.63	1.83400	36.02	37.23
7	-54.9450	1.31	1.58144	36.02	40.75
8	25.8385	6.37		27.42	
9	-109.5983	1.11	1.48749	29.46	70.42
10	31.9650	3.43	1.85896	25.64	22.73
11	128.9091	3.31		24.06
12	-27.9491	0.84	1.58144	24.06	40.75
13	-209.8241	d13		27.28	
14	-427.6232	2.18	1.92287	25.92	18.90
15	-74.1246	0.15		25.92	
16	177.2490	3.01	1.62041	24.82	60.37
17	-66.8880	1.01	1.95906	24.82	17.47
18	-438.8309	d18		27.02	
19	AS	0.20		22.234
20	25.1162	5.03	1.43875	24.00	94.66
21	73.3817	0.65		24.00	
22	29.4303	4.97	1.56883	22.58	56.06
23	-75.0400	0.94	1.83481	22.58	42.73
24	17.6050	5.45	1.48749	20.52	70.42
25	-75.4013	4.10		20.52	
26	437.5349	4.48	1.64769	20.40	33.84
27	-18.3580	0.87	1.62041	20.40	60.37
28	55.9806	1.02		17.61
29	-127.9899	0.84	1.88300	17.61	39.22
30	67.6556	5.19		19.52	
31	39.2886	6.45	1.51760	24.44	63.50
32	-40.9507	15.04		24.44	
33	-21.0887	1.00	1.48749	30.12	70.42
34	-40.2457	57.4777		32.10	
35	CG	3.20	1.51680	56.32	64.20
36	CG	1.0314		56.32	
[aspherical data]
31	39.2886	1.8572951	0	-7.3711067E-06	-1.7817947E-06	4.3707776E-07	-2.6735859E-08	-6.3741378E-09	8.4356379E-10	5.3683757E-11	-1.1791015E-11	4.9091049E-14	6.2143266E-14	-1.8069522E-15	-1.2319010E-16	5.4714530E-18	-2.7239555E-20	1.9939949E-21	2.9379048E-22	-1.6186888E-23
32	-40.9507	0	0	-2.8957588E-06	3.3996120E-07	-1.5456344E-07	4.0287917E-08	-2.9995264E-09	-5.8201593E-10	9.5104961E-11	8.0089734E-13	-7.0737478E-13	1.9090278E-14	1.5575916E-15	-7.6779636E-17	1.8668195E-18	-1.4052547E-19	9.1768224E-21	1.2514959E-22	-2.5127160E-23
[figure]
source	Data/US20190361195_Figure02WP.png
originX	31.51
originY	151.98
ppmm	2.185
[notes]
