[descriptive data]
title	US 2007/0229969 Example 1 (Sony Vario-Sonnar T DT 16-80mm F3.5-4.5 ZA)
[constants]
[variable distances]
Focal Length	16.4	35.8	78.0
Angle of View	undefined	undefined	undefined
F-Number	3.61	4.50	4.64
Image Height	28.4	28.4	28.4
Total Length	undefined	undefined	undefined
Magnification	0	0	0
d0	Infinity	Infinity	Infinity
d6	1.834	19.221	37.207
d16	16.744	6.805	0.800
d21	10.106	2.973	0.600
Bf(p)	undefined	undefined	undefined
Bf	37.26	53.43	72.85
Aperture Diameter	12.030	12.906	16.459
[lens data]
1	800.109	2.000	1.84666	55.20	23.78
2	71.245	0.010	1.51400	51.58	42.83
3	71.245	6.748	1.83500	51.58	42.98
4	-1157.957	0.150		51.58	
5	54.727	4.937	1.83500	44.16	42.98
6	126.408	d6		44.16	
7	110.474	1.250	1.76743	28.54	49.48
8	12.655	7.351		20.68	
9	-28.246	2.190	1.80518	19.48	25.46
10	-18.235	0.010	1.51400	19.48	42.83
11	-18.235	1.000	1.88300	19.48	40.80
12	118.256	0.915		19.48	
13	48.829	3.562	1.76182	19.26	26.61
14	-27.195	1.773		19.26	
15	-18.148	1.200	1.88300	16.96	40.80
16	-34.493	d16		16.96	
17	AS	0.852		12.030
18	29.796	1.000	1.83500	18.82	42.98
19	17.086	0.010	1.51400	18.82	42.83
20	17.086	4.024	1.56883	18.82	56.04
21	-1654.917	d21		19.80	
22	16.419	6.949	1.51680	21.30	64.20
23	-52.956	0.980		21.30	
24	-591.972	1.685	1.76743	19.82	49.48
25	45.560	2.536		18.06	
26	-772.135	1.400	1.90366	19.82	31.32
27	21.847	0.010	1.51400	19.82	42.83
28	21.847	6.748	1.51680	19.82	64.20
29	-21.845	Bf		20.78	
[aspherical data]
7	110.474	0	2.3830E-05	-5.0335E-08	1.7795E-10	-6.5132E-13	1.6069E-15
25	45.560	0	5.4171E-05	1.3027E-07	-1.4452E-10	6.9268E-12	2.5530E-14
[figure]
source	Data/US20070229969_Figure01P.png
originX	23.59
originY	167.00
ppmm	4.273
[notes]
