[descriptive data]
title	US 2008/0212200 Example 1 (Tamron SP AF70-200mm F2.8 Di)
[constants]
[variable distances]
Focal Length	71.5	117.4	194.0
Angle of View	35.0	20.8	12.4
F-Number	2.88	2.88	2.88
Image Height	43.2	43.2	43.2
Magnification	0	0	0
d0	Infinity	Infinity	Infinity
d3	20.101	20.101	20.101
d8	1.196	23.894	37.806
d16	32.139	20.845	2.041
d21	12.812	1.408	6.300
Bf	46.696	46.696	46.696
[lens data]
1	336.3205	2.0	1.78590	73.50	43.9
2	78.4246	10.582	1.48749	72.30	70.4
3	-1004.7183	d3		72.30	
4	87.2384	2.0	1.69895	71.96	30.1
5	66.6285	11.387	1.48749	70.26	70.4
6	-2110.6560	0.2		70.26	
7	114.6596	7.805	1.49700	68.38	81.6
8	-532.5578	d8		68.38	
9	-495.1986	4.174	1.84666	43.12	23.8
10	-67.1510	1.2	1.64000	41.08	60.2
11	88.0318	2.754		36.50
12	-233.3123	1.2	1.64000	38.52	60.2
13	51.9905	3.044	1.84666	38.00	23.8
14	97.6171	4.178		35.89
15	-66.3984	1.2	1.78590	35.89	43.9
16	178.6227	d16		37.48	
17	2391.1738	3.258	1.80610	38.18	40.7
18	-100.7101	0.2		38.18	
19	132.6524	5.852	1.49700	38.52	81.6
20	-61.1716	1.2	1.84666	38.52	23.8
21	-160.2407	d21		39.54	
22	34.6669	7.041	1.49700	39.32	81.6
23	391.7479	1.927		39.32	
24	AS	9.645		35.719
25	-162.8613	1.2	1.62004	32.50	36.3
26	141.7540	22.815		32.50	
27	267.9086	3.303	1.83400	31.94	37.3
28	-99.3972	9.536		31.94	
29	-27.1236	1.2	1.80610	31.54	33.3
30	-77.3739	0.433		33.44	
31	80.0747	4.025	1.62004	36.18	36.3
32	-293.1170	Bf		36.18	
[figure]
source	Data/US20080212200_Figure01P.png
originX	35.83
originY	231.74
ppmm	4.842
[notes]
Bill: Not perfect.
