[descriptive data]
title	US 2014/0211029 Example 3 (Canon EF-S55-250mm f4-5.6 IS STM)
[constants]
[variable distances]
Focal Length	56.80	135.16	241.32	74.27	203.01	57.92
Angle of View	27.04	11.54	6.48	20.84	7.70	27.15
F-Number	4.16	5.18	5.88	4.44	5.58	4.18
Image Height	27.32	27.32	27.32	27.32	27.32	27.32
Total Length	153.89	191.28	208.89	167.12	204.31	154.99
Magnification	0	0	0	0	0	0
d0	Infinity	Infinity	Infinity	Infinity	Infinity	Infinity
d5	5.87	43.27	60.87	19.11	56.30	6.97
d10	24.92	11.82	1.50	20.90	4.95	24.67
d16	19.96	13.68	16.56	17.26	14.94	19.72
d22	4.10	3.40	2.05	3.85	2.60	4.06
d26	11.86	12.56	13.91	12.11	13.36	11.90
d28	38.57	57.95	65.38	45.28	63.56	39.06
Bf	38.57	57.35	65.38	45.28	63.56	39.06
[lens data]
1	70.708	4.54	1.48749	41.04	70.2
2	Infinity	0.15		40.75	
3	96.801	1.70	1.65412	40.08	39.7
4	38.081	6.35	1.48749	38.43	70.2
5	328.523	d5		37.99	
6	-184.566	0.80	1.71300	18.20	53.9
7	19.233	2.61	1.80809	17.72	22.8
8	43.170	2.06		17.46	
9	-40.963	0.80	1.80400	17.46	46.6
10	66857.597	d10		17.78	
11	156.448	2.88	1.80400	20.73	46.6
12	-53.274	2.84		20.91	
13	30.717	5.21	1.49700	20.38	81.5
14	-48.144	1.12	1.90366	19.66	31.3
15	127.403	2.65		19.32	
16	AS	d16		19.04	
17	-85.617	1.00	1.80610	17.11	33.3
18	39.709	0.36		17.22	
19	57.007	3.21	1.72916	17.25	54.7
20	-41.442	0.10		17.46	
21	28.396	3.21	1.65844	17.24	50.9
22	267.012	d22		16.62	
23	-115.808	1.56	1.76182	15.22	26.5
24	-39.330	2.16		15.20	
25	-39.123	0.70	1.69680	14.42	55.5
26	28.866	d26		14.32	
27	46.017	2.60	1.54072	18.32	47.2
28	131.738	Bf		18.40	
[figure]
source	Data/US20140211029_Figure05P.png
originX	59.63
originY	120.45
ppmm	2.324
[notes]
Bill: Patent supplies diameters. Repaired Angle of View 0.00 -> 27.15
