[descriptive data]
title	US 2014/0368925 Example 1 (Fujifilm Fujinon XC16-50mm F3.5-5.6 OIS II)
[constants]
AsphericalOddCount	9
[variable distances]
Focal Length	16.49	27.98	48.56
Angle of View	89.6	54.8	32.2
F-Number	3.60	4.54	5.59
Image Height	28.4	28.4	28.4
Magnification	0	0	0
d0	Infinity	Infinity	Infinity
d3	0.70	8.67	22.21
d9	14.58	7.72	3.40
d21	2.20	13.24	25.01
Bf	0	0	0
Aperture Diameter	9.551	9.542	9.474
[lens data]
1	51.2772	1.37	1.92286	40.42	18.90
2	34.9710	5.20	1.83481	35.68	42.73
3	170.9704	d3		33.54	
4	45.0553	1.00	1.88300	27.05	40.76
5	10.3764	6.20		17.86
6	-74.2538	1.05	1.58254	17.86	59.47
7	24.3554	0.10		16.50
8	18.4578	2.50	1.94595	18.36	17.98
9	41.9811	d9		17.10	
10	AS	1.30		9.551
11	21.0609	3.30	1.80348	12.01	40.44
12	-81.0221	1.56		12.01
13	Infinity	0.71	1.80000	14.06	29.84
14	13.1140	4.50	1.49700	12.21	81.54
15	-13.1140	2.32		12.21
16	-49.8789	1.00	1.58517	9.92	59.41
17	38.0025	5.20		11.07
18	48.9365	3.10	1.61800	17.28	63.33
19	-26.6016	3.60		17.28	
20	-18.1159	0.80	1.54072	16.11	47.23
21	Infinity	d21		20.57
22	Infinity	2.80	1.71299	28.17	53.87
23	-65.0336	11.95		28.17
24	CG	2.85	1.51680	28.76	64.20
25	CG	2.42		28.76	
[aspherical data]
6	-74.2538	0	4.0933323E-04	-6.0888867E-04	1.4419977E-04	-1.4619676E-05	8.0416169E-08	6.1299999E-08	3.1292229E-09	-1.7635605E-10	-4.1002904E-11	-3.4140583E-12	-6.6094040E-14	2.4538915E-14	3.2551846E-15	3.5301237E-16	-2.5050314E-17	3.1545594E-19	-1.0455552E-19	-1.2392007E-20
7	24.3554	0	-1.2811739E-04	-2.6404611E-04	4.0381724E-05	5.5734993E-07	-6.1603008E-07	-1.5625782E-09	6.4187304E-09	5.3217493E-10	-1.9789871E-11	-9.6388463E-12	-1.0319722E-12	-1.3216914E-14	1.0643318E-14	1.7477013E-15	1.1109141E-16	-1.3183865E-17	-2.3211123E-18	1.1419089E-19
11	21.0609	0	8.4079418E-05	-1.5884117E-04	5.0163675E-05	-8.3478199E-06	-2.0759316E-06	8.7628996E-07	-1.0381980E-07	3.9240483E-09	-6.6439218E-10	5.2203771E-11	3.0635548E-11	1.2779807E-12	-9.2825959E-13	-1.4403526E-13	-1.4596389E-14	4.0192223E-15	1.7353656E-15	-2.0085297E-16
12	-81.0221	0	4.9336044E-05	1.6565053E-05	-4.7377075E-05	2.7376819E-05	-6.0241034E-06	2.5511112E-07	-7.2866935E-09	2.0274318E-08	-1.7781414E-10	-5.0079019E-10	-7.4718603E-11	7.0374446E-12	5.8406459E-12	-8.2374230E-13	-2.0827410E-14	2.2352161E-15	1.2506994E-15	-8.5927388E-17
16	-49.8789	0	-2.2718447E-04	2.5114346E-04	-4.9965869E-05	1.9673561E-06	8.9571158E-07	8.1475858E-08	-8.8732257E-09	-4.0745601E-09	-6.4029472E-10	-3.1160921E-11	1.2425429E-11	4.5091154E-12	7.7613196E-13	5.1227760E-14	-1.5128955E-14	-6.5219152E-15	-9.7400580E-16	2.4600407E-16
17	38.0025	0	6.8549524E-05	8.8501534E-05	-6.2564615E-06	5.6102257E-07	-1.6412544E-07	7.8367930E-09	8.2051813E-09	1.6270042E-09	1.0734148E-10	-3.2465246E-11	-1.3240197E-11	-2.7277581E-12	-2.9460504E-13	1.8727986E-14	1.9093148E-14	4.9610731E-15	4.8546866E-16	-2.1226761E-16
[figure]
source	Data/US20140368925_Figure01WP.png
originX	6.55
originY	67.51
ppmm	3.105
[notes]
