[descriptive data]
title	US 2014/0240851 Example 1 (Fujifilm Fujinon XF18mm F2 R)
[constants]
AsphericalOddCount	7
[variable distances]
Focal Length	18.554
Angle of View	82.8
F-Number	2.06
Image Height	28.4
Magnification	0
d0	Infinity
Bf	0
[lens data]
1	-127.7261	1.00	1.517417	17.66	52.43	
2	10.3754	3.75		13.70		
3	22.3303	2.28	1.834000	13.74	37.16	patent: 2.40
4	Infinity	2.14		13.74		patent: 2.51
5	AS	3.62		11.521		patent: 3.70
6	33.4959	0.86	1.647689	14.80	33.79	
7	9.7960	5.42	1.804000	13.30	46.57	patent: 5.50
8	-27.8872	0.47		13.24		
9	29.2500	2.40	1.806100	14.36	40.73	
10	-130.8460	0.40		14.36		
11	Infinity	0.80	1.922860	14.86	18.90	
12	16.6589	3.42		12.47		patent: 2.51
13	-7.2118	1.90	1.805004	12.34	40.98	
14	-12.0000	0.87		16.60		
15	52.4207	5.66	1.834807	25.22	42.71	patent: 5.80
16	-29.8692	6.61		25.22		patent: 6.71
17	CG	2.70	1.516330	29.64	64.14	
18	CG	2.70		29.64
[aspherical data]
9	29.2500	4.78304655	-2.53595966E-05	5.91514146E-05	-4.93656786E-05	4.75153450E-06	7.34091959E-07	2.19092014E-07	-1.01933177E-07	4.87556962E-09	6.30048753E-10	9.55609385E-11	-5.32097670E-12	-6.34524093E-12	7.81178659E-13	-1.86432156E-14
10	-130.8460	-1497.832819	3.99685295E-04	-2.61954183E-04	8.54474233E-06	1.35531333E-05	-1.33495869E-06	-7.65249439E-08	-2.67058977E-08	7.34713251E-09	2.29305258E-10	-4.25150935E-11	-2.16472161E-12	-4.08200802E-12	4.73756578E-13	4.03970404E-15
13	-7.2118	-9.99999182	1.44873607E-03	-4.57007497E-03	1.22220936E-03	-8.81849829E-05	-3.13466545E-06	-8.63636316E-07	3.14898636E-07	-1.63434945E-08	-8.44979403E-10	2.11519332E-11				
14	-12.0000	-9.03456826	6.08341085E-04	-5.87639667E-04	1.76418852E-04	-7.54073400E-06	-1.38246135E-06	2.08740129E-07	4.01946484E-08	-2.05178639E-08	2.61661033E-09	-1.08213936E-10				
[figure]
source	Data/US20140240851_Figure01P.png
originX	55.97
originY	173.99
ppmm	8.017
[notes]
Bill: Adjusted multiple distances by hand. Patent presciption was:
1	-127.7261	1.00	1.517417	17.66	52.43
2	10.3754	3.75		13.70	
3	22.3303	2.40	1.834000	13.74	37.16
4	Infinity	2.51		13.74	
5	AS	3.70		11.577	
6	33.4959	0.86	1.647689	14.80	33.79
7	9.7960	5.50	1.804000	13.30	46.57
8	-27.8872	0.47		13.24	
9	29.2500	2.40	1.806100	14.36	40.73
10	-130.8460	0.40		14.36	
11	Infinity	0.80	1.922860	14.86	18.90
12	16.6589	2.51		10.70	
13	-7.2118	1.90	1.805004	10.70	40.98
14	-12.0000	0.87		16.60	
15	52.4207	5.80	1.834807	25.22	42.71
16	-29.8692	6.71		25.22	
17	CG	2.70	1.516330	29.64	64.14
18	CG	2.50		29.64	
