[descriptive data]
title	Nikon WC-E63 with Main Lens (US 2001/0040736 Example 2)
[constants]
Lateral Magnification	0.630
[variable distances]
Focal Length	3.75
Angle of View	90.48
F-Number	2.39
Image Height	7.04
Magnification	0
d0	Infinity
Bf	0
[lens data]
1	469.2325	3.0	1.51633	56.82	64.14
2	-469.2325	0.2		56.82	
3	48.8078	2.0	1.77250	43.02	49.61
4	22.4968	5.6		32.93
5	86.4408	2.0	1.77250	34.50	49.61
6	18.8926	9.2		26.80
7	23.7015	6.0	1.57501	26.72	41.49
8	-74.3906	0.6		26.72

10	Infinity	1.0	1.51680	23.86	64.10
11	Infinity	4.204		23.86	
12	22.2121	1.1	1.80610	15.76	33.27
13	8.6992	2.85		11.79
14	-40.9154	1.0	1.51680	13.34	64.20
15	8.3011	3.0	1.84666	12.64	23.78
16	20.0294	19.833		11.52	
17	AS	1.0		6.94	
18	32.0291	1.8	1.80610	8.44	33.27
19	-179.4433	0.1		8.44	
20	9.4557	5.0	1.67003	8.60	47.19
21	-12.7020	3.95	1.84666	8.06	23.78
22	7.7984	1.2		8.06	
23	-1708.3816	1.75	1.80518	8.22	25.46
24	-31.0757	0.8		8.22	
25	12.0582	2.3	1.83500	9.12	42.97
26	63.5771	3.0		9.12	
27	111.2911	1.9	1.66547	9.28	55.18
28	-22.0165	1.0		9.28	
29	CG	2.9	1.51680	9.32	64.10
30	CG	1.6		9.32	
31	CG	0.8	1.51680	8.46	64.10
32	CG	1.2		8.46	
[aspherical data]
28	-22.0165	0	2.9906E-04	-3.2206E-06	2.7902E-07	-7.9353E-09
[figure]
source	Data/US20010040736_Figure02P.png
originX	53.65
originY	202.52
ppmm	6.223
[notes]
Bill: Measured d32. 5.95 * 0.630 = 3.75 1.73 / 2.58 = 0.636 ~= 0.630
