[descriptive data]
title	US 2002/0075570 Example 1 (Hasselblad HC 3.2 150 (Fujinon))
[constants]
Scaled	150	1
[variable distances]
Focal Length	150
Angle of View	26.2
F-Number	3.2
Image Height	70
Magnification	0
d0	Infinity
Bf(p)	undefined
Bf	77.09
[lens data]
1	63.5145	10.6605	1.77621	63.83	49.6
2	578.9460	0.2400		63.83
3	45.8370	8.1000	1.49845	54.66	81.6
4	141.8235	1.4595		51.16	
5	322.5615	3.0495	1.69416	56.00	31.2
6	35.3970	3.5895		41.86
7	63.2505	4.9995	1.49845	41.63	81.6
8	289.2000	4.9905		41.63
9	-1185.2670	1.8000	1.67380	34.02	57.2
10	25.0050	4.0005	1.83932	30.18	37.2
11	41.7330	21.3910		30.18	
11AS	AS	16.55		27.024
12	121.0410	6.0000	1.56433	33.68	45.3
13	-74.8260	5.5695		33.68
14	-33.0555	1.9995	1.72538	35.72	34.7
15	-331.8795	0.4800		44.97
16	-198.4965	9.5205	1.77621	41.60	49.6
17	-38.8710	Bf		44.98	
[figure]
source	Data/US20020075570_Figure01P.png
originX	29.69
originY	157.00
ppmm	4.194
[notes]
