[descriptive data]
title	US 2001/0006433 Example 1 (Ricoh smc Pentax-FA 100-300mm F4.7-5.8)
[constants]
[variable distances]
Focal Length	103.00	160.00	290.04
Angle of View	23.6	15.0	8.4
F-Number	4.8	5.3	6.0
Image Height	43.2	43.2	43.2
Total Length	undefined	undefined	undefined
Magnification	0	0	0
d0	Infinity	Infinity	Infinity
d6	14.662	37.585	58.142
d11	21.956	14.585	1.900
Bf	49.71	57.08	69.77
Aperture Diameter(m)	25.350	24.936	25.053
[lens data]					
1	146.860	5.672	1.48749	51.36	70.2
2	-310.301	0.150		51.36	
3	83.006	1.900	1.80518	50.32	25.4
4	56.948	0.184		48.62	
5	57.774	6.301	1.48749	48.62	70.2
6	219.852	d6		48.62	
7	547.113	1.400	1.74400	25.92	44.8
8	18.043	5.271	1.80518	25.92	25.4
9	57.829	2.684		24.23
10	-53.299	1.300	1.80400	24.23	46.6
11	141.758	d11		25.58	
11.5	AS	0.750		25.350
12	75.674	3.777	1.65160	26.26	58.5
13	-75.674	0.100		26.26
14	35.935	5.354	1.51633	26.26	64.1
15	-55.726	1.300	1.84666	26.10	23.8
16	541.889	42.454		26.10	
17	65.681	2.564	1.80518	19.92	25.4
18	-374.379	3.329		19.92	
19	-31.064	1.200	1.80400	19.00	46.6
20	-277.927	Bf		20.54	
[figure]
source	Data/US20010006433_Figure01P.png
originX	9.50
originY	77.42
ppmm	2.086
[notes]
