[descriptive data]
title	US 2016/0282590 Example 1 (Fujifilm Fujinon XF16mm F1.4 R WR)
[constants]
AsphericalOddCount	9
[variable distances]
Focal Length	16.48	16.38	15.82
Angle of View	81.8	81.6	80.8
F-Number	1.44	1.46	1.59
Image Height	28.4	28.4	28.4
Total Length	undefined	undefined	undefined
Magnification	0	-0.031	-0.209
d0	Infinity	513.30	61.39
d11	5.5671	5.0428	2.3627
d23	1.0017	1.0660	1.9168
d25	13.7445	14.2045	16.0338
Bf	0	0	0
[lens data]
1	38.3268	2.2000	1.84666	40.50	23.78
2	18.2985	6.4628		32.37
3	101.4033	1.8000	1.58313	34.40	59.37
4	24.8055	8.1652		29.58
5	-54.0691	1.2000	1.48749	29.14	70.24
6	48.5554	0.7482		29.14	
7	70.2046	5.4400	2.00100	29.84	29.13
8	-47.6350	1.3800	1.51742	29.84	52.43
9	269.0688	0.1436		29.84	
10	28.1259	5.3500	1.88300	29.58	40.76
11	424.0469	d11		29.58	
12	23.0504	3.3200	1.81600	20.32	46.62
13	273.0245	0.1300		20.32	
14	49.5397	1.0000	1.92286	19.80	18.90
15	16.3940	4.3829		16.92	
16	AS	3.8277		15.572
17	-11.7384	1.8700	1.80348	16.30	40.45
18	-13.2023	1.1383		19.18	
19	-29.6767	4.5200	1.59282	17.70	68.62
20	-11.1270	1.3000	1.64769	17.70	33.79
21	-15.9271	0.1300		18.32	
22	Infinity	6.0100	1.49700	23.20	81.61
23	-17.3654	d23		23.20	
24	125.9601	2.8000	1.94595	24.16	17.98
25	52.8849	d25		24.16	
26	CG	2.8500	1.51680	27.80	64.20
27	CG	2.1206		27.80	
[aspherical data]
3	101.4033	2.0752596	-2.6531748E-04	1.1298117E-04	4.1026774E-05	-9.4555654E-06	6.1495285E-07	-9.2607734E-10	-3.2078817E-10	-1.0029111E-10	1.0774764E-12	3.3183604E-13	1.9993012E-14	-1.5700008E-15	-8.1219883E-17	2.0351729E-18	3.8188631E-19	-1.1250958E-20	-3.0246245E-22	1.0493545E-23
4	24.8055	-0.00423896	-3.4957907E-04	1.1431746E-04	5.6230975E-05	-1.3625626E-05	1.0481089E-06	-1.4116031E-08	-8.7386914E-10	-1.1803106E-10	5.4917878E-12	4.5666130E-13	1.2608406E-14	-2.8484882E-15	-7.2513713E-17	5.6553464E-18	5.3269960E-19	-2.4152388E-20	-4.4861106E-22	2.2384282E-23
17	-11.7384	-0.51438177	-1.3557524E-05	4.0045257E-06	-2.7170685E-05	8.9246958E-06	-4.6664264E-07	-1.4315616E-07	9.7408852E-09	7.5130458E-09	-2.0995964E-10	-3.4306612E-10	4.1858436E-11	-7.3662898E-13	1.9227467E-13	-3.9619707E-14	-1.6950300E-15	6.0255568E-16	-3.2537737E-17	4.4063532E-19
18	-13.2023	-0.21846116	7.0877725E-05	4.3287259E-05	2.1066997E-05	-5.3988528E-06	6.4638873E-07	1.3600375E-07	-7.8107596E-09	-5.0942183E-09	6.9123977E-11	1.9329420E-10	-2.0721434E-11	1.3892855E-13	-9.5589830E-14	2.0599768E-14	1.0951853E-15	-3.1633447E-16	1.3778648E-17	-4.4916662E-20
[figure]
source	Data/US20160282590_Figure01IP.png
originX	6.65
originY	155.98
ppmm	4.780
[notes]
Bill: Standard Fujifilm XF Image Height assumed. d0 measured.
