[descriptive data]
title	US 2016/0313535 Example 1 (Canon EF-M28mm f3.5 Macro IS STM)
[constants]
[variable distances]
Focal Length	27.74	18.14	27.76	16.95
Angle of View(p)	52.42	73.96	52.40	77.72
Angle of View	52.42	undefined	undefined	undefined
F-Number(p)	3.61	4.12	5.95	5.80
F-Number	3.61	4.12	undefined	undefined
Image Height	27.32	27.32	27.32	27.32
Total Length	76.47	76.47	77.06	77.06
Magnification	0	-1.00	-0.02	-1.20
d0	Infinity	19.98	1393.45	15.53
d19	0.94	8.75	0.94	10.32
d22	29.28	21.47	29.87	20.49
Bf	12.28	12.28	12.28	12.28
Aperture Diameter	12.577	11.207	12.577	11.207
[lens data]
1	-197.665	0.50	1.58313	11.80	59.5
2	8.009	3.03		10.74	
3	34.792	1.84	1.80518	10.40	25.4
4	-34.792	2.55		10.40	
5	-39.399	1.22	1.77250	11.80	49.6
6	-24.094	1.67		11.80	
7	-23.519	0.60	1.95375	11.72	32.3
8	82.440	0.95		11.72	
9	FS	1.90		11.36
10	AS	0.61		12.577
11	16.940	5.23	1.51823	15.08	58.9
12	-16.940	2.75		15.08	
13	-12.932	0.65	1.90366	14.44	31.3
14	-143.739	0.15		14.72	
15	26.215	4.23	1.49700	16.48	81.5
16	-18.292	0.15		16.48	
17	64.432	2.97	1.58313	15.50	59.5
18	-17.234	0.29		15.50	
19	FS	d19		15.04
20	51.516	1.22	1.95906	14.16	17.5
21	332.148	0.45	1.83481	14.16	42.7
22	16.990	d22		14.16	
23	Infinity	1.00	1.51633	24.72	64.1
24	Infinity	Bf		24.72	
[aspherical data]
2	8.009	0	-1.76791E-04	-2.65273E-06	7.81442E-09	-6.68614E-10
17	64.432	0	-7.23379E-05	-1.23764E-08	-2.58452E-09	1.02225E-10
18	-17.234	0	6.10927E-05	1.30720E-07	-2.33941E-09	1.12506E-10
[figure]
source	Data/US20160313535_Figure01AP.png
originX	26.45
originY	111.50
ppmm	3.491
[notes]
Bill: d0 measured. Strange patent Angles of View and F-Numbers.
