[descriptive data]
title	US 2018/0252903 Example 1 (Nikon AF-S DX Nikkor 16-80mm f/2.8-4E ED VR)
[constants]
[variable distances]
Focal Length	16.49	35.00	77.79	undefined	undefined	undefined
Angle of View	86.4	44.0	20.8	undefined	undefined	undefined
F-Number	2.72	3.38	4.16	undefined	undefined	undefined
Image Height	29.5	29.5	29.5	29.5	29.5	29.5
TL	130.371	146.181	171.571	130.371	146.181	171.571
Magnification	0	0	0	-0.0648	-0.1260	-0.2249
d0	Infinity	Infinity	Infinity	219.630	203.820	178.430
d5	2.100	17.730	35.502	0.885	15.776	31.579
d14	18.846	7.642	1.110	20.061	9.596	5.033
d22	1.434	6.306	9.411	1.434	6.306	9.411
d27	9.397	4.525	1.420	9.397	4.525	1.420
Bf	37.994	49.378	63.528	37.994	49.378	63.528
Aperture Diameter	15.700	15.713	15.701	15.700	15.713	15.701
[lens data]
1	142.08408	1.800	1.84666	57.90	23.8
2	61.98900	6.800	1.59319	53.46	67.9
3	2234.55748	0.100		53.46	
4	54.61907	4.400	1.81600	45.96	46.6
5	160.87634	d5		45.96	
6	111.35036	0.200	1.56093	28.72	36.6
7	74.66256	1.200	1.81600	28.72	46.6
8	13.29818	6.450		22.40	
9	-26.94042	1.000	1.81600	19.84	46.6
10	41.14663	0.800		19.84	
11	38.15106	4.500	1.84666	18.48	23.8
12	-28.49989	0.500		18.48	
13	-21.99346	1.000	1.88300	18.48	40.7
14	-53.69291	d14		18.48	
15	AS	1.600		15.700
16	237.40240	3.500	1.54814	18.32	45.8
17	-29.52544	0.150		18.32	
18	41.68613	4.200	1.51742	18.82	52.2
19	-26.94900	1.100	1.90200	18.82	25.3
20	-425.16586	0.100		19.34	
21	37.61777	2.850	1.49782	19.00	82.6
22	-64.06628	d22		19.00	
23	-69.82119	0.800	1.79050	18.32	45.0
24	24.82010	2.000	1.90200	18.14	25.3
25	100.53108	2.550		17.96	
26	-22.07831	1.000	1.81600	17.96	46.6
27	-33.57787	d27		17.96	
28	Infinity	4.600	1.49782	23.78	82.6
29	-20.99670	0.100		23.78	
30	71.45078	6.100	1.49782	24.62	82.6
31	-20.04840	1.200	1.88202	24.62	37.2
32	-55.06437	Bf		24.62	
[aspherical data]
6	111.35036	1	1.91866E-05	-3.07743E-08	-1.44905E-10	1.15106E-12	-1.98690E-15
23	-69.82119	1	3.75789E-06	-1.80254E-08			
32	-55.06437	1	7.46360E-06	8.05331E-09	-4.65179E-11	2.16314E-13	
[figure]
source	Data/US20180252903_Figure01P.png
originX	48
originY	165
ppmm	4.123
[notes]

