[descriptive data]
title	US 2022/0171174 Example 3 (Canon RF14-35mm F4 L IS USM)
[constants]
[variable distances]
Focal Length	14.42	24.42	33.95
Angle of View	106.52	82.68	65.00
F-Number	4.08	4.08	4.12
Image Height	35.00	43.28	43.28
Total Length	125.87	118.34	125.87
Magnification	0	0	0
d0	Infinity	Infinity	Infinity
d8	27.76	8.00	2.38
d18	4.14	2.93	1.30
d23	1.40	2.29	1.88
d25	7.46	6.57	6.97
d27	3.78	17.21	32.00
Bf	14.99	14.99	14.99
Aperture Diameter	11.360	14.276	18.027
[lens data]
1	53.599	1.40	1.77250	43.82	49.6
2	18.113	5.22		32.21	
3	22.075	2.20	1.58313	31.65	59.4
4	10.628	10.87		26.46	
5	-44.745	1.00	1.49700	26.19	81.5
6	57.018	0.20		25.97	
7	34.464	5.00	1.83400	26.18	37.2
8	-232.206	d8		25.60	
9	AS	0.30		11.360
10	28.190	0.90	1.95375	18.71	32.3
11	16.928	4.39	1.63980	18.37	34.5
12	92.174	0.15		18.46	
13	22.781	0.90	1.91082	18.81	35.3
14	13.865	7.08	1.51633	18.09	64.1
15	-77.716	1.33		18.16	
16	-101.166	0.70	1.72047	18.03	34.7
17	22.540	2.37	2.00069	18.09	25.5
18	52.661	d18		17.96	
19	27.758	0.90	1.80400	18.26	46.5
20	13.290	6.78	1.49700	17.64	81.5
21	-85.129	0.20		17.86	
22	31.208	6.99	1.49700	19.27	81.5
23	-21.124	d23		20.01	
24	97.737	0.75	1.80400	19.32	46.5
25	22.020	d25		18.89	
26	-83.892	1.60	1.85400	21.10	40.4
27	1997.530	d27		22.21	
28	-426.907	5.12	1.48749	38.12	70.2
29	-49.575	Bf		38.85	
[aspherical data]
3	22.075	0	-4.03233E-05	2.84310E-07	-1.85419E-09	6.48125E-12	-1.22378E-14	9.28892E-18
4	10.628	-0.560601	-6.16452E-05	2.38219E-07	-1.71089E-09	-6.46493E-12	6.50194E-14	-1.76965E-16
22	31.208	0	-1.67837E-05	-3.64843E-08	1.07618E-09	-1.24350E-11	7.09601E-14	
23	-21.124	0	1.93177E-05	-1.27575E-07	6.12378E-10	-8.15372E-12	4.33482E-14	
26	-83.892	0	2.55101E-05	-2.64846E-07	-4.54960E-10	8.83199E-12	-3.33076E-14	
27	1997.530	0	3.69079E-05	-2.56285E-07	4.52183E-10	1.47250E-12	-6.14678E-15	
[figure]
source	Data/US20220171174_Figure07P.png
originX	25.59
originY	119.47
ppmm	2.785
[notes]
Bill: Patent diameters. AS was 18.03 Cannot support full Image Height at wide end.
Construction diagram is at minimum length about 23mm Focal Length.
