[descriptive data]
title	US 2008/0158694 Example 5 (Nikon AF-S Nikkor 400mm f/2.8G ED VR)
[constants]
[variable distances]
Focal Length	392	undefined
Angle of View	6.30	undefined
F-Number	2.865	3.325
Image Height	43.266	43.266
Magnification	0	-0.15821
S	Infinity	2900
d0	Infinity	2507.33
d9	23.5830	37.3169
d14	23.0326	9.2987
Bf	76.6830	76.6830
Aperture Diameter	38.587	33.488
[lens data]
1	267.5903	16.0000	1.43875	137.85	95.0
2	-435.4726	0.4998		137.85
3	171.6070	20.0000	1.49700	131.20	81.6
4	-585.5178	2.0683		131.20
5	-498.3050	6.5000	1.78800	129.37	47.4
6	340.1591	128.3489		121.68
7	77.1370	4.5000	1.80400	71.46	46.6
8	51.5796	19.0000	1.49700	67.44	81.6
9	-1061.1332	d9		62.02
10	-370.3571	2.7000	1.80400	43.65	46.6
11	73.0766	6.6634		43.65
12	-134.9265	6.0000	1.84665	43.91	23.8
13	-48.9618	3.0000	1.48749	43.91	70.2
14	80.0870	d14		39.63
15	AS	8.0000		38.587
16	132.5350	5.3000	1.62041	41.52	60.3
17	-115.0559	3.0009		41.52
18	-64.7375	1.1000	1.80518	41.52	25.4
19	-231.6266	5.5066		41.52
20	138.8548	4.7000	1.69679	40.98	55.5
21	-114.2994	8.0251		40.98
22	668.4023	1.0000	1.80400	39.68	46.6
23	39.3335	9.5000	1.66362	39.68	38.3
24	-102.4015	0.1000		39.68	
25	-134.2996	1.5000	1.69465	39.68	30.4
26	241.4444	4.4570		39.68	
27	Infinity	2.0000	1.51632	47.67	64.1
28	Infinity	Bf		47.67
[figure]
source	Data/US20080158694_Figure05AP.png
originX	25.40
originY	79.54
ppmm	0.915
[notes]
Bill: d0 and Magnification measured. Repaired d23 19.5000 -> 9.5000
