[descriptive data]
title	US 2014/0098253 Example 3 (Canon EF-M11-22mm f4-5.6 IS STM)
[constants]
[variable distances]
Focal Length	11.0	15.5	22.0
Angle of View	102.32	82.78	63.68
F-Number	4.0	4.6	5.6
Image Height	27.32	27.32	27.32
Total Length	89.99	86.41	88.30
Magnification	0	0	0
d0	Infinity	Infinity	Infinity
d6	19.65	9.95	3.00
d17	1.30	1.53	1.75
d19	5.78	5.55	5.33
Bf	11.04	17.16	26.00
P	12.79	11.87	10.93
P'	-25.50	-25.33	-25.17
H	20.48	21.71	23.47
H'	0.04	1.66	4.00
[lens data]
1	50.214	2.30	1.58313	32.10	59.4
2	8.890	9.13		20.52	
3	-43.823	1.20	1.77250	19.85	49.6
4	16.692	2.56		18.10	
5	24.841	3.70	1.91082	18.76	35.3
6	-110.630	d6		18.47	
7	-130.232	1.28	1.69680	9.09	55.5
8	-36.876	3.50		9.23	
9	AS	2.00		9.62	
10	11.211	4.49	1.51742	10.00	52.4
11	-14.765	0.80	1.88300	9.35	40.8
12	14.950	0.40		9.19	
13	11.819	4.14	1.53172	9.50	48.8
14	-17.101	0.67		10.23	
15	31.522	6.71	1.49700	10.51	81.5
16	-7.227	0.67	1.85400	10.44	40.4
17	-26.546	d17		11.29	
18	43.166	0.80	1.83400	12.11	37.2
19	18.139	d19		12.20	
20	62.546	6.85	1.62588	16.56	35.7
21	-12.150	1.00	1.83481	17.50	42.7
22	-50.363	Bf		19.50	
[aspherical data]
1	50.214	0	2.2514E-05	-6.3808E-08	4.2156E-11	1.4451E-13
2	8.890	-0.47832	9.5239E-06	-6.2835E-08	2.4304E-09	-4.1669E-11
17	-26.546	0	2.6963E-05	3.6258E-07	-5.2493E-09	1.9541E-10
[figure]
source	Data/US20140098253_Figure05P.png
originX	17.48
originY	111.43
ppmm	3.607
[notes]
Bill: Patent diameters. Construction figure is for an intermediate focal length.
