[descriptive data]
title	US 2013/0335830 Example 1 (Canon EF-M18-55mm f3.5-5.6 IS STM)
[constants]
[variable distances]
Focal Length	18.58	27.82	53.36
Angle of View	72.66	52.30	28.72
F-Number	3.60	4.27	5.69
Image Height	27.32	27.32	27.32
Total Length	78.22	86.23	104.79
Magnification	0	0	0
d0	Infinity	Infinity	Infinity
d3	0.60	8.07	20.20
d9	12.88	7.33	0.54
d11	3.21	3.97	4.67
d13	2.48	1.71	1.02
d19	2.80	2.80	2.80
d21	6.00	6.00	6.00
d25	11.38	17.48	30.69
Bf	0.50	0.50	0.50
P	21.38	33.08	58.11
P'	-32.82	-38.91	-52.13
H	29.60	41.26	57.37
H'	-18.08	-27.32	-52.86
[lens data]
1	46.669	1.70	1.84666	34.95	23.9
2	35.524	4.60	1.69680	32.80	55.5
3	204.820	d3		32.07	
4	34.378	1.20	1.83481	24.23	42.7
5	10.658	6.37		17.97	
6	-54.819	1.00	1.85135	17.47	40.1
7	40.459	0.15		16.98	
8	21.274	2.60	1.92286	17.00	18.9
9	74.846	d9		16.48	
10	16.794	1.40	1.77250	9.65	49.6
11	36.819	d11		9.47	
12	-16.363	0.55	1.88300	9.40	40.8
13	-55.623	d13		9.67	
14	14.081	3.80	1.69680	10.95	55.5
15	-14.081	0.80	1.84666	10.70	23.9
16	-24.638	0.80		10.61	
17	AS	2.00		9.86	
18	23.987	2.00	1.58313	9.09	59.4
19	82.591	d19		9.36	
20	-42.910	0.60	1.90366	10.05	31.3
21	26.991	d21		10.43	
22	25.069	2.00	1.52996	17.50	55.8
23	25.588	1.99		18.05	
24	-201.896	2.00	1.84666	18.31	23.9
25	-43.203	d25		18.90	
26	CG	1.21	1.51633	30.00	64.1
27	CG	1.10		30.00	
28	CG	0.50	1.51633	30.00	64.1
29	CG	0.50		30.00	
[aspherical data]
6	-54.819	20.3284	1.34534E-05	9.74836E-08	-5.46269E-10	7.48620E-12	
18	23.987	-4.0286	-1.06804E-04	-4.99512E-06	-1.13675E-08	-3.18466E-09	6.43346E-11
19	82.591	0	1.40820E-04	-3.17915E-06	-8.57069E-08	1.14883E-09	-1.17453E-12
23	25.588	-0.967257	-2.37994E-05	1.12104E-07	5.00265E-11		
[figure]
source	Data/US20130335830_Figure01P.png
originX	22.51
originY	113.56
ppmm	3.463
[notes]
Bill: Patent supplied diameters.
