[descriptive data]
title	US 2021/0132345 Example 3 (Panasonic Lumix S Pro 70-200mm F2.8 OIS)
[constants]
[variable distances]
Focal Length	72.4497	120.0003	193.0002
Angle of View	33.6612	20.2230	12.5970
F-Number	2.8324	2.8940	2.9282
Image Height	43.2600	43.2600	43.2600
Total Length	224.9999	224.9998	224.9998
Magnification	0	0	0
d0	Infinity	Infinity	Infinity
d6	1.0000	24.4387	44.9034
d16	47.7393	22.3112	1.0000
d18	1.0000	2.9893	3.8358
d35	2.4000	5.2518	3.0651
d39	20.1578	20.0419	26.0482
d41	9.2347	6.4988	2.6792
P	82.3122	137.1747	199.6044
P'	-92.4947	-93.3909	-100.2250
H	98.0167	102.9370	20.8829
H'(p)	152.5560	104.9713	31.9815
H'	-72.4439	-120.0285	-193.0183
Bf	0	0	0
[lens data]
1	131.2282	2.4000	1.90366	73.55	31.3
2	79.0397	1.4000		72.57
3	80.3700	9.5000	1.49700	71.94	81.6
4	Infinity	0.2000		71.94
5	76.8358	8.9000	1.43700	67.19	95.1
6	1898.6547	d6		67.19
7	487.4325	3.8000	1.60562	49.52	43.7
8	-192.0274	0.2000		49.52
9	856.4336	1.5000	1.69680	45.44	55.5
10	40.4350	9.6250		40.02	
11	-84.6589	1.5000	1.48749	40.18	70.4
12	47.1828	0.0100	1.56732	40.18	42.8
13	47.1828	6.2000	1.90366	40.18	31.3
14	-305.2809	3.4131		40.18
15	-53.2587	1.5000	1.60311	40.18	60.7
16	319.5297	d16		44.99
17	64.0495	6.4000	1.80450	41.86	39.6
18	-141.7141	d18		41.86
19	60.1240	3.5000	1.49700	38.36	81.6
20	171.5708	2.7000		38.36
21	AS	3.0000		33.141
22	-173.7603	3.7900	1.43700	35.43	95.1
23	-44.7702	0.0100	1.56732	35.43	42.8
24	-44.7702	1.2000	1.84666	35.43	23.8
25	50.1478	2.4000		31.88	
26	35.4374	1.5000	1.84666	33.21	23.8
27	27.2542	0.0100	1.56732	33.21	42.8
28	27.2542	6.0000	1.49700	33.21	81.6
29	342.1290	0.3000		33.21
30	82.9525	5.4000	1.58578	31.12	59.5
31	-60.7360	3.0000		31.12
32	-43.7303	1.4000	1.69350	30.46	53.2
33	-320.3249	0.0100	1.56732	32.52	42.8
34	-320.3249	3.7000	1.85883	32.52	30.0
35	-43.1887	d35		32.52
36	Infinity	3.3000	1.86966	29.50	20.0
37	-46.4584	0.0100	1.56732	29.50	42.8
38	-46.4584	0.7000	1.70154	29.50	41.1
39	35.1327	d39		29.50
40	491.7514	4.2000	1.84666	37.42	23.8
41	-61.6507	d41		37.42
42	-46.9831	1.4000	1.84666	34.63	23.8
43	117.6471	0.2000		38.15
44	49.6263	5.0000	1.71700	41.06	47.9
45	464.3283	31.0000		41.06
46	CG	2.1000	1.51680	44.22	64.2
47	CG	1.0900		44.22	
[aspherical data]
30	82.9525	9.97221	-3.94139E-06	-6.42008E-09	9.84655E-11	-2.27304E-13	-2.10054E-17	2.31090E-18
31	-60.7360	-5.11777	9.64000E-07	-3.12961E-09	9.40918E-11	-1.49427E-13	-4.27405E-16	3.25178E-18
[figure]	
source	Data/US20210132345_Figure05P.png
originX	30.63
originY	117.67
ppmm	2.153
[notes]
Bill: Adjusted H' for the usual convention.
