[descriptive data]
title	US 2022/0236544 Example 1 (Fujifilm Fujinon GF35-70mm F4.5-5.6 WR)
[constants]
AsphericalOddCount	4
[variable distances]
Focal Length	36.046	49.434	67.893	undefined	undefined
Angle of View	77.8	58.4	43.8	undefined	undefined
F-Number	4.62	4.78	5.76	undefined	undefined
Image Height	54.20	54.20	54.20	54.20	54.20
Magnification	0	0	0	-0.1	-0.1
d0	Infinity	Infinity	Infinity	338.03	670.55
d7	28.056	13.223	3.086	28.056	3.086
d15	1.546	2.342	2.836	2.918	4.242
d19	7.642	16.725	30.610	6.270	29.205
Bf	22.090	22.090	22.090	22.090	22.090
Aperture Diameter	14.094	15.890	15.942	14.094	15.942
[lens data]
1	69.10435	1.150	1.80518	38.35	25.46	
2	29.85137	2.352		33.19	
3	52.09331	1.000	1.58313	33.43	59.46	
4	22.56329	7.149		29.87
5	Infinity	0.960	1.48749	32.07	70.39	
6	22.93740	5.040	1.91083	28.07	35.26	
7	101.46452	d7		27.57	
8	AS	0.800		14.094	
9	18.96999	7.000	1.49700	20.15	81.61	Patent diameter
10	-38.73407	3.487		20.15		
11	-14.21597	1.890	1.58313	16.07	59.46	
12	-28.12065	1.500		16.87		
13	-70.09062	0.860	1.51741	15.19	52.16	
14	16.72780	6.170	1.49700	17.73	81.61	
15	-16.72780	d15		17.73		
16	36.63948	0.850	1.67790	21.65	55.56	
17	22.72340	12.500		20.80		
18	-20.61508	0.850	1.64769	24.89	33.84	
19	-41.33431	d19		25.84		Patent diameter
20	Infinity	6.040	1.58144	50.27	40.75	
21	-68.19290	19.092		50.27		
22	CG	2.850	1.51680	56.95	64.20	
23	CG	1.122		56.95		
[aspherical data]
11	-14.21597	0	0.0000000E+00	1.9333299E-04	-3.2634652E-06	-1.3836702E-07	3.1412740E-08	-1.7877300E-08	1.6054978E-09	-2.4959670E-11
12	-28.12065	0	0.0000000E+00	2.0939860E-04	-2.7452878E-06	-1.1927223E-07	2.9002318E-08	-1.1774910E-08	6.5535125E-10	1.0444752E-11
[figure]
source	Data/US20220236544_Figure01P.png
originX	43.57
originY	163.52
ppmm	3.294
[notes]
Bill: d0 measured.
