[descriptive data]
title	US 2018/0149842 Example 1 (Venus Laowa 15mm f2 Zero-D)
[variable distances]
Focal Length	15.5000	undefined
Angle of View	109.4	undefined
F-Number	2.06	undefined	
Image Height	43.26	43.26
Magnification	0	-0.020
d0	Infinity	762.81
d12	3.4480	3.1500
d23	15.6837	15.9816
Bf	0	0
[lens data]
1	43.7777	1.8000	1.72916	45.39	54.67
2	18.7557	5.6312		32.18	
3	25.0000	2.0000	1.80610	35.16	40.73
4	12.8006	3.4629		28.32
5	35.2429	1.5000	1.80518	30.28	25.46
6	18.4938	3.6876		25.72	
7	49.4811	10.0000	1.91082	27.81	35.25
8	-49.4811	1.5000		27.50	
9	-34.1159	2.0000	1.49700	24.42	81.61
10	16.8442	0.0000		20.55	
11	16.8442	7.5000	1.62004	20.55	36.30
12	-36.4636	d12		22.13	
13	AS	2.4344		16.413
14	-64.3212	2.0000	1.80610	17.76	33.27
15	64.3212	1.0000		17.76	
16	18.1302	1.5000	1.90366	21.15	31.31
17	12.4289	9.9000	1.49700	17.07	81.61
18	-12.4289	1.5000	1.83481	19.55	42.72
19	-26.3138	0.1500		21.24	
20	30.3336	7.0000	1.49700	24.92	81.61
21	-24.3462	10.5287		24.92	
22	-14.0614	1.8000	1.58313	22.97	59.46
23	-20.0000	d23		26.54	
24	CG	2.0000	1.51680	44.88	64.20
25	CG	1.0000		44.88	
[aspherical data]
3	25.0000	-1.3707	-1.17922E-05	-2.42926E-08	1.19122E-10	-4.63418E-13	4.68088E-16
4	12.8006	-0.7465	-2.62577E-05	-1.64819E-07	4.27783E-10	-2.38377E-12	4.58404E-15
22	-14.0614	-1.1397	2.80111E-05	1.12817E-07	-9.53129E-09	2.83332E-11	
23	-20.0000	-6.2261	-3.98955E-05	1.56517E-06	-1.18499E-08	4.20888E-11	-6.35520E-14
[figure]
source	Data/US20180149842_Figure01P.png
originX	18.03
originY	269.92
ppmm	11.169
[notes]
Bill: d0 measured. a4 conic needed -1. a22 conic sign was reversed; repaired. But asphericals need work.
