[descriptive data]
title	US 2014/0354857 Example 7 (Zeiss Vario-Sonnar T 8.8-73.3mm F2.8 (Sony DSC-RX10M1-2))
[constants]
[variable distances]
Focal Length	9.193	24.376	64.678
Angle of View	81.980	33.558	12.930
F-Number	2.912	2.912	2.912
Image Height(p)	undefined	15.978	undefined
Image Height	15.000	15.978	15.000
Magnification	0	0	0
d0	Infinity	Infinity	Infinity
d5	1.920	18.225	39.492
d12	25.033	9.558	4.784
d20	2.974	6.090	4.759
d22	6.789	17.332	29.926
Bf	0	0	0
Aperture Diameter	9.520	12.740	15.474
[lens data]
1	63.103	1.300	1.847	47.92	23.784
2	46.489	6.400	1.497	42.16	81.607
3	570.000	0.200		45.18
4	49.720	4.500	1.593	41.55	67.001
5	149.486	d5		35.96	
6	300.000	0.800	1.803	26.07	45.57
7	10.415	5.630		17.14
8	-24.535	0.850	1.729	17.14	54.673
9	39.600	4.000	2.001	17.26	25.458
10	-24.356	1.520		17.26	
11	-16.109	1.000	1.834	15.52	37.285
12	-35.036	d12		16.46
13	AS	1.000		9.520
14	18.617	6.200	1.592	19.88	67.138
15	-32.540	0.400		19.88
16	37.588	5.300	1.487	17.68	70.44
17	-29.355	1.200	1.806	17.68	33.269
18	18.005	2.860		16.10
19	17.843	5.500	1.589	18.89	61.177
20	-23.092	d20		18.89
21	-87.000	0.820	1.768	16.57	49.241
22	26.061	d22		15.92	
23	25.131	7.000	1.592	24.82	67.022
24	-16.000	0.800		24.82
25	-102.890	1.500	1.619	22.19	63.533
26	36.750	2.630		16.55
27	CG	0.300	1.517	17.81	64.166
28	CG	1.950		17.81
29	CG	0.500	1.517	16.55	64.166
30	CG	1.000		16.55
[aspherical data]
6	300	0	-3.93629E-05	3.95479E-07	-1.09912E-09	
7	10.415	0	-7.86178E-05	-1.27061E-07	-1.97636E-09	5.44302E-11
11	-16.109	0	4.69636E-05	-1.01321E-06	9.68569E-09	
12	-35.036	0	1.71182E-05	-8.70926E-07	7.13914E-09	
14	18.617	0	-4.28289E-05	-6.05947E-08	-6.34692E-10	-3.14342E-11
15	-32.54	0	-1.39722E-05	1.34774E-07	-4.09781E-09	-5.61077E-12
19	17.843	0	-6.10744E-05	6.49748E-07	-1.21690E-08	5.57526E-11
20	-23.092	0	6.06683E-06	6.56512E-07	-1.16512E-08	5.19636E-11
21	-87	0	7.86577E-05	-7.12349E-07	1.05051E-08	-6.55397E-11
22	26.061	0	9.18156E-05	-1.06249E-06	2.03069E-08	-1.45685E-10
23	25.131	0	4.00117E-06	-2.08628E-07	1.18572E-09	-3.42647E-12
24	-16	0	1.38672E-04	-4.09166E-07	1.49433E-09	-3.22392E-14
25	-102.89	0	-7.74228E-05	1.48954E-06	-1.12176E-08	4.31348E-11
[figure]
source	Data/US20140354857_Figure25P.png
originX	19.54
originY	70.51
ppmm	1.692
[notes]
Bill: Repair n21 1.168 -> 1.768
