[descriptive data]
title	US 2017/0068075 Example 2 (Ricoh HD Pentax-D FA 28-105mm F3.5-5.6ED DC WR)
[constants]
[variable distances]
Focal Length	28.70	54.99	102.38
Angle of View	76.2	42.2	23.4
F-Number	3.6	4.6	5.7
Image Height	43.28	43.28	43.28
Total Length	128.65	150.19	179.18
Magnification	0	0	0
d0	Infinity	Infinity	Infinity
d5	3.978	21.488	38.964
d14	17.516	7.822	1.900
d20	2.150	6.879	9.716
d23	9.416	4.688	1.850
Bf	43.84	57.56	75.00
[lens data]
1	1208.960	1.96	1.84666	49.44	23.8
2	110.306	5.07	1.81600	49.56	46.6
3	-518.616	0.10		49.56	
4	49.637	3.91	1.81600	43.98	46.6
5	79.494	d5		43.98	
6	81.778	0.15	1.52972	24.86	42.7
7	64.271	1.10	1.88300	24.86	40.8
8	14.655	5.69		19.54	
9	-43.844	0.82	1.72916	18.84	54.7
10	47.989	0.48		18.84	
11	29.516	4.71	1.72825	18.44	28.5
12	-29.402	0.71		18.44	
13	-21.069	0.80	1.78800	18.02	47.4
14	-58.831	d14		18.02	
15	AS	0.91		16.478
16	31.214	2.75	1.69680	17.62	55.5
17	-171.680	0.10		17.62	
18	28.446	1.04	1.80000	17.48	29.9
19	13.443	5.40	1.49700	17.48	81.6
20	-100.868	d20		17.48	
21	-39.830	0.80	1.60311	15.44	60.7
22	24.992	1.72	1.84666	15.44	23.8
23	62.616	d23		15.44	
24	63.837	6.00	1.58913	22.12	61.2
25	-25.726	0.77		22.12	
26	-174.966	1.00	1.72047	23.36	34.7
27	18.437	5.76	1.61800	23.36	63.4
28	142.496	Bf		23.36	
[aspherical data]
6	81.778	0	1.315E-05	7.792E-09	-1.085E-10	6.816E-13
24	63.837	0	-1.280E-05	-1.703E-08	6.628E-10	4.269E-13
25	-25.726	0	9.220E-06	2.232E-08	-1.534E-10	3.866E-12
[figure]	
source	Data/US20170068075_Figure07P.png
originX	164.58
originY	159.90
ppmm	3.588
[notes]
