[descriptive data]
title	US 2016/0154221 Example 1 (Fujifilm Fujinon XF16-55mm F2.8 R LM WR)
[constants]
AsphericalOddCount	7
[variable distances]
Focal Length	16.492	31.059	53.436
Angle of View	87.0	48.6	28.8
F-Number	2.88	2.74	2.89
Image Height	28.4	28.4	28.4
Total Length	undefined	undefined	undefined
Magnification	0	0	0
d0	Infinity	Infinity	Infinity
d5	0.800	12.276	26.783
d12	19.890	5.636	0.685
d23	2.000	6.395	7.257
d28	2.600	7.250	14.396
Bf	22.000	22.000	22.000
Aperture Diameter	14.333	17.979	19.448
[lens data]
1	86.20982	2.210	1.84666	56.32	23.78
2	54.35200	6.000	1.61800	52.50	63.33
3	139.31177	0.100		52.50	
4	53.19269	6.340	1.75500	50.58	52.32
5	200.56627	d5		50.58	
6	141.91654	1.400	1.85135	34.74	40.10
7	13.47772	8.570		23.28	
8	-32.15762	1.010	1.69680	23.28	55.53
9	17.98900	7.500	1.90366	23.28	31.31
10	-39.71555	1.380		23.28	
11	-21.64392	1.000	1.72916	20.28	54.68
12	-56.68875	d12		26.96	
13	27.66531	4.000	1.68458	22.60	30.88
14	-787.32682	2.000		22.60	
15	AS	3.440		14.333
16	35.85993	1.010	1.84666	23.56	23.78
17	15.92500	6.280	1.53775	20.14	74.70
18	-48.19335	0.500		20.14	
19	396.51587	3.510	1.49700	20.00	81.54
20	-39.57800	0.800	1.79952	20.00	42.22
21	31.95551	1.810		20.00	
22	20.62352	5.760	1.61882	20.96	63.58
23	-26.89463	d23		20.96	
24	Infinity	0.800	1.61800	21.78	63.33
25	22.13057	2.050		18.53
26	Infinity	0.810	1.84666	18.53	23.78
27	45.98400	2.540	1.49700	19.32	81.54
28	-121.37904	d28		19.32	
29	310.67587	3.000	1.95906	27.32	17.47
30	-80.18906	19.630		27.32	
31	CG	2.150	1.54763	28.40	54.98
32	CG	0.700	1.49784	28.40	54.98
33	CG	0.513		28.40	
[aspherical data]
6	141.91654	0	0	-2.6826923E-05	4.7863658E-06	-1.8421337E-07	-1.8337031E-08	1.6991972E-09	4.0861337E-11	-7.8511430E-12	-4.3078650E-14	2.3184894E-14	4.1106169E-17	-4.8125491E-17	3.8585298E-19	2.7390609E-20
7	13.47772	-2.3833082	0	5.1722084E-05	1.9249650E-05	-4.6557231E-06	6.8086230E-07	-4.6108053E-08	-1.7600435E-09	4.5574120E-10	-5.9515764E-12	-1.9499420E-12	1.9031053E-14	5.4999737E-15	1.9283343E-16	-2.0233351E-17
13	27.66531	0	0	4.1332336E-06	-8.6972277E-06	1.5350565E-06	-7.8404429E-08	-7.4982002E-09	8.8156832E-10	-9.4816394E-12	-6.2840110E-13	-2.4248166E-14
14	-787.32682	0	0	1.0143172E-05	-6.3304378E-06	8.2811414E-07	1.0571100E-08	-6.8812553E-09	-2.0359431E-10	6.3325383E-11	-3.4680139E-14	-1.5600198E-13
22	20.62352	0	0	-4.8240511E-05	5.2748685E-06	-6.2154451E-07	-4.8032329E-08	1.3275405E-08	6.1331416E-10	-2.2421975E-10	-3.4333485E-12	2.2269472E-12	2.2654836E-14	-1.4106854E-14	-1.1949080E-16	4.6802864E-17
23	-26.89463	0	0	-4.3314253E-07	1.6554907E-06	5.7603232E-07	-2.3889843E-07	2.0442912E-08	2.1682367E-09	-3.8023797E-10	-5.6322606E-12	2.8361883E-12	9.7304729E-15	-1.0948330E-14	-5.6980089E-16	6.3788931E-17
[figure]
source	Data/US20160154221_FigureWP.png
originX	4.82
originY	164.89
ppmm	3.837
[notes]
Bill: Standard Fujifilm XF Image Height assumed.
