[descriptive data]
title	US 2020/0319427 Example 1 (Hasselblad XCD 2.8 65)
[variable distances]
Focal Length	65.02	65.03	65.09
Angle of View	46.8	45.6	39.6
F-Number	2.80	2.88	3.36
Image Height	56.04	56.02	56.02
Magnification	0	-0.02778	-0.18361
S	Infinity	2400	400
d0	Infinity	2380.39	394.50
d12	1	3.02	14.46
Bf	0	0	0
[lens data]
1	38.557	1.70	1.63980	32.2	34.47
2	26.205	5.20	1.83481	29.8	42.74
3	77.600	1.28		28.0	
4	23.972	6.30	1.58913	23.3	61.13
5	129.000	1.30	1.60342	19.7	38.03
6	15.620	8.75		16.7	
7	AS	8.45000		15.1	
8	-17.672	1.40	1.59551	18.2	39.24
9	-42.478	3.30	1.49700	21.5	81.54
10	-24.498	0.20000		23.7	
11	271.932	6.80	1.53775	29.2	74.70
12	-29.703	d12		30.9	
13	-579.519	12.37	1.89190	37.5	37.13
14	-31.090	4.60	1.69895	39.1	30.13
15	-88.755	4.35		40.4	
16	-35.501	2.20	1.48749	40.4	70.24
17	-1023.357	20.73		43.6	
18	CG	0.80	1.53741	55.2	61.81
19	CG	1.00	1.52312	55.5	54.36
20	CG	0.23		55.9	
[figure]
source	Data/US20200319427_Figure01aP.png
originX	72.50
originY	315.69
ppmm	10.943
[notes]
Bill: Patent diameters including AS. d0 and Magnification measured.
