[descriptive data]
title	US 2015/0212302 Example 3 (Fujifilm Fujinon XF56mm F1.2 R)
[constants]
AsphericalOddCount	9
[variable distances]
Focal Length	56.98
Angle of View	28
F-Number	1.25
Image Height	28.60
Total Length	undefined
Magnification	0
d0	Infinity
Bf	16.53
[lens data]
1	163.41	2.59	1.48749	47.60	70.2
2	1252.60	0.15		47.60	
3	32.58	9.16	1.49700	44.98	81.6
4	177.38	0.15		44.98	
5	31.66	4.54	1.49700	39.08	81.6
6	55.40	0.40		39.08	
7	28.43	3.99	1.88300	34.06	40.8
8	51.54	1.30	1.75211	32.64	25.1
9	28.99	2.96		29.04	
10	89.50	1.21	1.67300	28.72	38.2
11	15.97	6.22		23.46	
12	AS	11.59		22.782
13	-187.80	1.50	1.58313	19.32	59.4
14	74.27	0.39		21.06	
15	-193.91	6.96	1.88300	22.82	40.8
16	-13.87	1.21	1.66680	22.82	33.0
17	29.69	6.63	1.88300	27.08	40.8
18	-55.43	0.90		27.72	
19	289.87	1.81	1.48749	28.06	70.2
20	-289.87	10.00		28.06	
21	CG	2.80	1.51680	28.42	64.2
22	CG	4.69		28.42	
[aspherical data]
13	-187.802	0	3.8393566E-04	-6.2592552E-04	1.4778350E-04	-1.4352983E-05	-4.3588543E-06	1.1550101E-06	-8.1701706E-09	-2.0799721E-08	1.8896154E-09	-7.7228059E-11	-3.5277023E-12	5.6690635E-12	-7.1519452E-13	-3.4765348E-14	9.4964100E-15	-1.8369342E-16	-3.5656606E-17	1.5813241E-18
14	74.266	0	3.2574414E-04	-5.1485989E-04	1.1258987E-04	-1.0452190E-05	-3.6580954E-06	1.2413561E-06	-8.9862297E-08	-1.9808269E-08	4.6427534E-09	-2.0450812E-10	-4.8040730E-11	6.9487622E-12	-5.5600157E-14	-5.2312313E-14	3.3641818E-15	6.5265695E-17	-1.2833819E-17	3.4385862E-19
[figure]
source	Data/US20150212302_Figure03P.png
originX	10.49
originY	151.21
ppmm	4.369
[notes]
Bill: Image Height not specified; APS-C assumed. Last distance measured; about 0.95mm more than Bf would indicate.
