[descriptive data]
title	US 2005/0068636 Example 1 (Nikon AF-S DX Zoom-Nikkor 18-70mm f/3.5-4.5G IF-ED)
[constants]
[variable distances]
Focal Length	18.7	35.0	67.9
Angle of View	76.1	43.4	23.1
F-Number	3.6	4.2	4.6
Image Height	28.2	28.2	28.2
Magnification	0	0	0
d0	Infinity	Infinity	Infinity
d5	2.98	15.56	31.36
d14	15.50	7.83	2.84
d14AS	15.20	7.53	2.54
d19	0.98	6.94	10.68
d23	11.77	5.82	2.07
Bf(p)	undefined	undefined	undefined
Bf	38.10	44.05	47.79
Aperture Diameter	11.166	11.736	12.218
[lens data]
1	128.2080	1.8	1.84666	57.50	23.8
2	62.1670	6.8	1.64000	54.26	60.1
3	7839.7782	0.1		54.26	
4	42.7904	5.3	1.71300	49.48	53.9
5	95.6571	d5		48.12	
6	110.5079	0.08	1.55389	25.08	38.1
7	55.0277	1.2	1.80400	25.08	46.6
8	11.3585	5.9		18.71
9	-23.6967	0.9	1.80400	17.56	46.6
10	45.6574	0.3		17.56	
11	29.9481	4.1	1.79504	17.04	28.5
12	-22.3485	0.8		17.04	
13	-15.5733	0.8	1.80400	15.86	46.6
14	-28.1711	d14AS		15.86	
14AS	AS	0.3		11.166
15	58.1769	0.8	1.80440	14.14	39.6
16	15.8142	3.2	1.49782	14.14	82.6
17	-68.9654	0.1		14.14	
18	21.2876	3.1	1.48749	14.66	70.4
19	-36.7720	d19		14.66	
20	-344.6416	2.2	1.84666	14.32	23.8
21	-26.9474	0.28		14.32	
22	-21.8702	1	1.83481	14.84	42.7
23	54.7759	d23		14.84	
24	-1292.7371	4.8	1.49782	22.52	82.5
25	-19.1593	0.1		22.52	
26	54.2606	4.7	1.49782	22.86	82.5
27	-32.1957	1.1		22.86	
28	-21.8468	1.1	1.80518	22.86	25.4
29	-59.8511	Bf		23.54	
[aspherical data]
6	110.5079	14.4398	2.5511E-05	-7.9835E-09	-2.6853E-10	2.2060E-13
[figure]
source	Data/US20050068636_Figure02P.png
originX	9.78
originY	80.55
ppmm	2.051
[notes]
