[descriptive data]
title	US 2012/0013991 Example 1 (Panasonic Lumix G Vario 100-300mm F4.0-5.6 II Power OIS)
[constants]
[variable distances]
Focal Length	102.7209	174.1910	290.3070
Angle of View	11.9310	7.0898	4.2542
F-Number	4.1140	4.8626	5.7708
Image Height	21.6300	21.6300	21.6300
Total Length	142.4843	171.6440	200.8351
Magnification	0	0	0
d0	Infinity	Infinity	Infinity
d5	33.6396	57.5749	83.6685
d8	7.4452	7.4930	2.3486
d19	12.4788	6.1560	1.0408
d24	2.8724	1.8996	1.0732
Bf	15.4201	27.8923	42.0758
P	115.4380	228.5110	418.3390
P'	-33.5913	-31.0628	-29.0520
H	2.8704	-111.9699	-476.2374
H'(p)	39.7634	-2.5471	-89.4719
H'	-87.3008	-146.2988	-248.2312
[lens data]
1	120.5144	4.1018	1.48749	52.08	70.4
2	Infinity	0.2001		52.08	
3	85.6357	1.9007	1.68893	50.22	31.2
4	54.1216	6.4013	1.49700	48.80	81.6
5	300.4957	d5		48.92	
6	35.2685	0.9001	1.62004	22.36	36.3
7	21.4721	4.2033	1.48749	21.24	70.4
8	Infinity	d8		21.24	
9	-78.3684	0.8007	1.77250	15.60	49.6
10	29.0330	1.3111		15.60	
11	34.4949	2.3012	1.94595	15.10	18.0
12	-162.9594	0.8006	1.90366	15.10	31.3
13	30.0401	4.2635		15.10	
14	AS	17.1927		13.601
15	51.3922	2.5001	1.58913	17.12	61.3
16	-73.3439	0.1501		17.12	
17	26.7508	0.8000	1.84666	16.76	23.8
18	14.9886	5.0238	1.58913	16.16	61.3
19	-87.4347	d19		16.16	
20	23.2317	0.8004	1.77250	13.22	49.6
21	13.1034	2.0804		12.77
22	-50.3730	2.0510	1.84666	12.77	23.8
23	-17.7424	0.8004	1.77250	13.22	49.6
24	32.7327	d24		13.36	
25	22.4145	5.1011	1.51680	16.42	64.2
26	-22.4519	3.6923		16.42	
27	-18.2083	0.8007	1.91082	16.84	35.2
28	-312.6198	0.1500		16.84	
29	43.5206	2.3008	1.84666	18.10	23.8
30	-637.0691	Bf		18.10	
[figure]
source	Data/US20120013991_Figure01aP.png
originX	37.65
originY	170.77
ppmm	4.186
[notes]
Bill: Patent H' adjusted for usual convetion.
