[descriptive data]
title	US 2015/0131163 Example 1 (Fujifilm Fujinon XF10-24mm F4 R OIS)
[constants]
AsphericalOddCount	5
[variable distances]
Focal Length	10.33	15.20	23.36
Angle of View	112.0	86.0	61.6
F-Number	4.12	4.12	4.12
Image Height	28.4	28.4	28.4
Total Length	undefined	undefined	undefined
Magnification	0	0	0
d0	Infinity	Infinity	Infinity
d8	25.91	12.14	1.97
d14	3.75	4.44	5.50
d17	1.97	2.14	1.90
d23	2.00	9.28	21.46
Bf	14.52	14.52	14.52
Aperture Diameter	8.139	9.613	12.198
[lens data]
1	48.9076	1.70	1.754999	41.08	52.32
2	17.1234	4.00		28.48
3	35.6783	1.50	1.740250	29.76	49.12
4	11.9671	8.68		23.72
5	-39.7818	1.30	1.592824	23.72	68.63
6	44.8286	0.10		25.28	
7	32.2764	4.67	1.882997	25.28	40.76
8	-67.7357	d8		25.28	
9	AS	1.30		8.139
10	22.3243	3.00	1.581029	16.38	59.23
11	-3623.6878	1.30		16.38
12	577.6778	0.71	1.816000	15.26	46.62
13	16.6190	3.80	1.733997	15.26	51.47
14	-41.8885	d14		15.90	
15	-27.9410	0.71	1.772499	14.63	49.60
16	26.1820	3.06	1.496999	16.32	81.54
17	-39.8440	d17		16.32	
18	18.4297	5.00	1.497103	17.60	81.56
19	-17.5629	1.30		17.60	
20	220.7677	0.91	1.804000	17.67	46.58
21	10.6520	6.30	1.496999	16.55	81.54
22	-83.5500	1.00	1.696797	18.10	55.53
23	49.9738	d23		18.10
24	416.7292	4.00	1.693500	28.97	53.18
25	-48.3381	5.00		28.97
26	CG	2.85	1.516798	28.28	64.20
27	CG	7.6391		28.28	
[aspherical data]
3	35.6783	0	0.0000000E+00	2.5843180E-04	-7.8805637E-06	-3.5980953E-06	1.6095961E-07	2.2978051E-08	-1.5416422E-09	-4.0438312E-11	5.0566122E-12	-9.9545849E-14
4	11.9671	-4.298432	-4.4558881E-06	5.5484444E-04	-1.2840395E-05	-4.0404631E-06	-2.0257653E-07	4.3385992E-08	2.0356520E-09	-2.8487869E-10	-3.3536803E-12	5.6528700E-13
10	22.3243	0	0.0000000E+00	1.9450862E-06	-2.6510883E-05	9.2762597E-06	-1.0108176E-06	-1.3268194E-07	3.3304332E-08	-6.2858817E-10	-2.6696016E-10	1.4450909E-11
11	-3623.6878	0	0.0000000E+00	4.3055171E-05	-4.7563942E-05	1.5741695E-05	-1.3970041E-06	-3.3239681E-07	6.9972366E-08	-5.4620266E-10	-7.1336476E-10	4.1858983E-11
18	18.4297	0	0.0000000E+00	1.3578295E-05	-9.1406993E-06	5.1811411E-07	3.2116393E-07	-3.7667873E-08	-3.1136060E-09	5.4785448E-10	8.4337876E-12	-2.3865100E-12
19	-17.5629	0	0.0000000E+00	8.3287140E-05	9.4589632E-06	-3.5236718E-06	5.8093125E-07	-1.2202069E-09	-9.8162042E-09	6.9266610E-10	4.3240880E-11	-4.4223065E-12
24	416.7292	0	0.0000000E+00	-1.4524716E-04	4.0453268E-05	-3.4384459E-06	-1.8524677E-08	1.8204920E-08	-3.5828397E-10	-4.3555141E-11	4.8895266E-13	5.6568011E-14
25	-48.3381	0	0.0000000E+00	-1.0149458E-04	1.7019957E-05	1.5504919E-06	-4.6722636E-07	2.4336798E-08	1.3179759E-09	-1.3035736E-10	-1.3218710E-13	1.4069497E-13
[figure]
source	Data/US20150131163_Figure01WP.png
originX	4.84
originY	143.96
ppmm	4.251
[notes]
Bill: Standard Fujifilm XF Image Height assumed.
