[descriptive data]
title	US 2021/0033835 Example 1 (Canon RF70-200mm F4 L IS USM)
[constants]
[variable distances]
Focal Length	72.27	135.02	193.89
Angle of View	33.34	18.20	12.74
F-Number	4.08	4.08	4.12
Image Height	43.28	43.28	43.28
Total Length	137.50	175.84	193.12
Magnification	0	0	0
d0	Infinity	Infinity	Infinity
d5	1.04	39.38	56.66
d11	14.15	7.90	3.56
d14	5.42	9.82	13.52
d17	9.21	4.80	1.11
d22	18.91	9.71	2.24
d25	15.94	21.59	27.98
d29	14.44	24.23	29.66
Bf	14.44	24.23	29.66
Aperture Diameter	18.504	22.784	25.572
[lens data]
1	90.644	5.00	1.48749	49.91	70.2
2	729.457	0.15		49.91	
3	118.536	1.72	1.61340	48.04	44.3
4	44.444	7.63	1.49700	45.97	81.5
5	701.885	d5		48.04	
6	FS	1.55		26.12	
7	61.503	1.45	1.51633	26.51	64.1
8	30.444	4.90		23.56	
9	-46.693	1.45	1.54072	23.56	47.2
10	42.460	2.40	2.00069	25.92	25.5
11	129.562	d11		25.92	
12	AS	0.27		18.504
13	30.808	5.46	1.49700	26.80	81.5
14	-114.560	d14		26.80	
15	-34.891	0.76	1.76385	21.31	48.5
16	21.946	5.06	1.80610	22.09	40.7
17	-157.249	d17		22.09	
18	215.866	0.86	2.05090	26.23	26.9
19	32.638	6.46	1.49700	25.04	81.5
20	-41.283	0.15		26.23	
21	40.548	4.63	1.83481	29.30	42.7
22	-194.106	d22		29.30	
23	-110.386	0.90	1.83481	26.32	42.7
24	32.543	3.04	1.72825	26.32	28.5
25	77.918	d25		26.32	
26	-27.078	1.55	1.49700	30.96	81.5
27	-77.278	0.15		33.41	
28	133.694	2.87	1.85478	36.77	24.8
29	-465.663	Bf		36.77	
[figure]
source	Data/US20210033835_Figure01P.png
originX	14.49
originY	128.48
ppmm	2.866
[notes]
