[descriptive data]
title	US 2018/0284478 Example 1 (Panasonic Leica DG Vario-Elmar 100-400mm F4.0-6.3 Asph Power OIS)
[variable distances]
Focal Length	103.0054	199.9222	388.0283
Angle of View	11.7760	6.0910	3.1548
F-Number	4.12033	5.17059	6.49059
Image Height	21.63	21.63	21.63
Total Length	184.0949	231.9725	259.6874
Magnification	0	0	0
d0	Infinity	Infinity	Infinity
d6	1.0000	49.0000	76.6317
d19	19.4767	14.3942	3.8806
d35	17.5845	10.9731	2.0000
d37	22.1439	21.3971	20.0000
d41	11.7000	24.1407	45.0246
Bf(p)	1.09447	0.97213	1.05519
Bf	0	0	0
P	43.1468	145.5110	259.6189
P'	-73.8754	-80.4276	-94.3378
H	2.7138	-151.6939	-947.4505
H'	-102.9110	-199.9500	-387.9732
Aperture Diameter	18.718	20.054	23.043
[lens data]
1	100.0616	2.2000	1.80610	60.54	33.3
2	67.5020	0.5000		59.68	
3	67.1971	8.2300	1.49700	59.68	81.6
4	894.4175	0.2000		59.68	
5	187.1693	3.6043	1.43700	58.98	95.0
6	10935.1513	d6		58.98	
7	66.6848	3.7416	1.78472	33.74	25.7
8	-239.6911	0.0100	1.56732	33.74	42.8
9	-239.6911	1.3000	1.54814	33.74	45.8
10	53.0134	19.1840		33.74	
11	AS	1.8000		18.718
12	-269.0192	0.8000	1.84666	23.76	23.8
13	49.4185	0.0100	1.56732	23.76	42.8
14	49.4185	2.2056	1.51742	23.76	52.1
15	817.6637	2.9690		23.76	
16	-45.5655	1.7535	1.80610	22.56	33.3
17	-29.4118	0.0100	1.56732	22.56	42.8
18	-29.4118	0.8000	1.51823	22.56	59.0
19	82.2355	d19		22.56	
20	37.0822	5.0273	1.49700	24.46	81.6
21	-47.1614	0.4000		24.98	
22	61.0564	4.7580	1.56732	23.42	42.8
23	-30.5490	0.0100	1.56732	23.42	42.8
24	-30.5490	0.8000	1.90366	23.42	31.3
25	1854.0849	2.0000		23.42	
26	-55.9984	0.8000	1.83481	22.56	42.7
27	21.4670	0.0100	1.56732	22.56	42.8
28	21.4670	5.0902	1.69895	22.56	30.0
29	-121.9845	23.1416		22.56	
30	151.9625	4.3715	1.51742	25.08	52.1
31	-30.7129	0.2000		25.08	
32	48.5219	4.9539	1.51823	23.44	59.0
33	-30.6232	0.0100	1.56732	23.44	42.8
34	-30.6232	0.8000	1.90366	23.44	31.3
35	-172.1256	d35		23.44	
36	63.9012	0.8000	1.49710	16.06	81.6
37	18.3641	d37		14.74	
38	-46.4624	0.8000	1.61800	18.16	63.4
39	18.7815	0.0100	1.56732	18.16	42.8
40	18.7815	3.5948	1.67270	18.16	32.2
41	1456.4843	d41		18.16	
42	CG	4.2000	1.51680	22.40	64.2
43	CG	1.0000		22.40	
[aspherical data]
36	63.9012	0	-8.12688E-06	1.14467E-07	7.22357E-10	-1.59277E-11
37	18.3641	0	-1.07383E-05	8.31780E-08	1.93598E-09	-2.96510E-11
[figure]
source	Data/US20180284478_Figure01aP.png
originX	30.50
originY	156.58
ppmm	3.354
[notes]
Bill: H' adjusted for last vertex. P' adjusted for Bf. Doesn't quite match figure.
