[descriptive data]
title	US 2017/0242219 Example 1 (Fujifilm Fujinon GF63mm F2.8 R WR)
[constants]
[variable distances]
Focal Length	62.12
Angle of View	51.6
F-Number	2.87
Image Height	55.0
Magnification	0
d0	Infinity
Bf	0
[lens data]
1	32.3262	4.23	1.95375	32.78	32.32
2	66.8687	0.13		31.28	
3	21.5069	5.21	1.48749	26.24	70.24
4	111.0969	0.05		25.14	
5	92.4044	1.60	1.69895	25.14	30.13
6	15.4525	7.908		17.64	
7	AS	10.211		15.553
8	-18.1789	2.36	1.59282	19.54	68.62
9	-15.6330	1.05	1.59270	20.36	35.31
10	-39.9853	0.68		23.36	
11	-59.5014	2.96	1.78800	26.10	47.37
12	-32.4883	0.10		26.64	
13	-93.3949	3.65	1.81600	28.96	46.62
14	-32.4022	1.26		28.96	
15	200.7689	6.93	1.69680	37.02	55.53
16	-42.0100	1.47	1.60342	37.02	38.03
17	Infinity	4.87		41.38	
18	-85.0921	1.44	1.51633	41.38	64.14
19	-328.1791	30.00		41.38	
20	CG	3.25	1.51680	56.82	64.20
21	CG	0.8182		56.82	
[figure]
source	Data/US20170242219_Figure01P.png
originX	98.65
originY	160.66
ppmm	5.918
[notes]
