[descriptive data]
title	US 2015/0370053 Example 2 (Olympus M.Zuiko ED 12-50mm F3.5-6.3 EZ)
[constants]
[variable distances]
Focal Length	12.243	24.463	48.956	undefined	undefined	undefined
Angle of View	89.71	47.68	24.46	undefined	undefined	undefined
F-Number	3.64	5.21	6.48	undefined	undefined	undefined
Image Height	21.63	21.63	21.63	21.63	21.63	21.63
Total Length	100.11	100.11	100.11	100.11	100.11	100.11
Magnification	0	0	0	-0.04544	-0.09074	-0.18207
S	Infinity	Infinity	Infinity	350	350	350
d0	Infinity	Infinity	Infinity	248.50	248.50	248.50
d6	6.6446	9.3245	5.9114	5.3346	8.0933	4.5785
d8	30.0675	12.3503	1.5559	31.3775	13.5815	2.8888
d14	3.8142	7.9355	19.7513	3.8142	7.9355	19.7513
d18	6.8162	17.7320	20.1237	6.8162	17.7320	20.1237
Bf	14.6	14.6	14.6	14.6	14.6	14.6
Aperture Diameter	10.339	10.773	12.826	10.339	10.773	12.826
[lens data]
1	45.2207	2.14	1.77250	35.74	49.60
2	16.3269	5.12		26.78	
3	41.8793	1.50	1.58313	26.78	59.38
4	14.4691	3.85		24.73
5	23.9939	3.80	1.80810	25.21	22.76
6	103.8698	d6		25.21
7	-24.8418	1.20	1.74100	18.79	52.64
8	-100.0000	d8		18.79
9	14.0498	4.30	1.58313	16.61	59.38
10	-31.7996	1.30		13.80	
11	AS	1.90		10.339
12	179.0098	1.00	1.83400	15.23	37.16
13	10.8826	5.00	1.49700	12.55	81.54
14	-18.9390	d14		12.55
15	128.8505	1.00	1.83481	13.97	42.71
16	15.2795	1.58		11.37
17	37.2148	2.00	1.53071	13.70	55.69
18	57.5081	d18		13.16	
19	-75.0639	2.48	1.75211	20.92	25.05
20	-23.7233	11.1634		20.92	
21	CG	4.08	1.51633	26.50	64.14
22	CG	0.745		26.50	
[aspherical data]
3	41.8793	1.2447	2.0075E-05	-2.7611E-07	2.4894E-10	3.5331E-12	-9.3037E-15
4	14.4691	-1.0662	2.1822E-05	-3.0982E-07	-1.7795E-09	1.9840E-11	-5.0306E-14
9	14.0498	0	-3.8287E-05	-4.3941E-08	1.5034E-10	1.3526E-11	
10	-31.7996	0	6.6094E-05	-2.9345E-08	-1.6201E-09	3.6897E-11	
17	37.2148	-82.6051	2.9743E-04	-7.3765E-06	9.2595E-08	-8.7606E-10	
18	57.5081	-271.4873	2.8604E-04	-6.8173E-06	8.5146E-08	-7.3142E-10	
[figure]
source	Data/US20150370053_Figure02P.png
originX	14.11
originY	89.48
ppmm	3.013
[notes]
