[descriptive data]					
title	US 2013/0148006 Example 1 (Panasonic Lumix G 14mm F2.5 II Asph)
[constants]			
[variable distances]					
Focal Length	14.5457
Angle of View	75.7194
F-Number	2.52134
Image Height	20.4
Total Length	37.3188
Magnification	0
d0	Infinity
Bf	16.1399
[lens data]					
1	150.1369	0.7000	1.58332	12.138	59.1
2	9.1393	1.5825		10.320	
3	14.9173	1.7300	1.91082	9.658	35.2
4	408.0238	1.8630		10.072	
5	AS	3.2838		6.220	
6	Infinity	1.6496		6.200	
7	-5.7312	0.5000	1.84666	6.792	23.8
8	-35.0000	0.0100	1.56732	8.692	42.8
9	-35.0000	2.8300	1.88300	8.706	40.8
10	-8.3519	0.2000		10.454	
11	25.0833	4.5800	1.58250	14.146	59.4
12	-10.8600	1.4500		14.742	
13	-611.6969	0.8000	1.68400	14.980	31.3
14	44.6801	Bf		15.052	
[aspherical data]
1	150.1369	0	-3.85E-05	1.82E-06	-9.53E-08	1.88E-09	-1.12E-11
2	9.1393	0	-1.30E-04	-6.84E-07	-3.09E-08	-2.92E-09	9.26E-11
11	25.0833	0	-1.88E-05	-7.59E-07	2.03E-08	-1.45E-10	
12	-10.8600	0	2.69E-04	-4.50E-06	1.05E-07	-1.05E-09	4.67E-12
14	44.6801	0	-9.05E-05	4.19E-06	-8.41E-08	9.16E-10	-4.09E-12
[figure]
source	Data/US20130148006_Figure01P.png
originX	24.59
originY	177.14
ppmm	6.179
[notes]
Bill: Patent diameters.
