[descriptive data]
title	US 2017/0075089 Example 1 (Fujifilm Fujinon 18.5mm F2.8 (X70))
[constants]
AsphericalOddCount	9
[variable distances]
Focal Length	19.129
Angle of View	72.8
F-Number	2.88
Total_Length	27.405
Image Height	28.4
Magnification	0
d0	Infinity
Bf	0
[lens data]
1	33.66700	0.500	1.59270	16.49	35.31
2	6.36500	2.280	1.88300	8.26	40.76
3	51.96200	1.140		7.37
4	AS	1.400		5.828
5	-10.75200	0.500	1.69895	5.64	30.13
6	8.04000	3.110	1.88300	8.49	40.76
7	-10.93100	1.170		8.49
8	-6.79295	1.550	1.56867	8.12	58.50
9	-10.81559	4.493		11.46
10	-39.36209	1.550	1.68201	16.46	31.43
11	58.13827	0.300		21.95
12	124.77000	4.320	1.88300	25.39	40.76
13	-31.86900	2.000		25.39
14	CG	1.300	1.49784	29.28	54.98
15	CG	2.225		29.28	
[aspherical data]
8	-6.79295	-1	1.3782299E-03	-3.9906529E-03	3.0279366E-03	-7.2335607E-04	-5.2662171E-04	4.3174050E-04	-1.0667147E-04	-2.6123249E-05	3.1013165E-05	-7.7837347E-06	-1.7599849E-06	1.2281672E-06	-9.1395399E-08	-6.0784881E-08	1.2422264E-08	5.0707140E-10	-3.2671505E-10	2.3730773E-11
9	-10.81559	-1	1.6676754E-03	-2.4750326E-03	1.2407224E-03	-2.8344250E-05	-1.8838124E-04	5.2306441E-05	7.3270033E-06	-5.7426490E-06	6.1758754E-07	2.4398960E-07	-7.3886864E-08	-1.4360895E-09	2.9375274E-09	-1.9017547E-10	-5.5363331E-11	5.8994028E-12	3.9589140E-13	-5.2542757E-14
10	-39.36209	-1	7.1558711E-03	-4.5021273E-03	5.5943157E-04	1.8141289E-04	-6.8061703E-05	7.9699513E-07	2.4057863E-06	-1.9151359E-07	-4.5583276E-08	5.3485862E-09	5.5459375E-10	-8.1148605E-11	-4.5531991E-12	7.6779070E-13	2.2470633E-14	-4.1664211E-15	-4.9469722E-17	9.7697856E-18
11	58.13827	-1	5.5995896E-03	-2.8612644E-03	1.4221896E-04	1.3246894E-04	-2.6896787E-05	-1.3966448E-06	8.5583589E-07	-3.0874398E-08	-1.2225967E-08	9.4461070E-10	8.3855914E-11	-9.9278279E-12	-1.6287784E-13	4.3963915E-14	-6.9690143E-16	-6.2998485E-17	3.2617438E-18	-8.4650758E-20
[figure]
source	Data/US20170075089_Figure01P.png
originX	8.51
originY	72.85	95.86
ppmm	5.319
[notes]
