[descriptive data]
title	US 2018/0210178 Example 1 (Fujifilm Fujinon GF23mm F4 R LM WR)
[metadata]
[constants]
AsphericalOddCount	7
[variable distances]
Focal Length	23.69	23.63
Angle of View	101.6	99.8
F-Number	4.00	4.09
Image Height	58	58
Total Length	undefined	undefined
Magnification	0	-0.08985
d0	Infinity	250
d12	7.4861	5.4732
d17	3.9687	5.9816
Bf	0	0
[lens data]
1	37.6470	1.7400	1.69680	46.64	55.53
2	18.8736	4.7514		34.08	
3	29.0985	2.0200	1.58313	36.58	59.38
4	14.3847	9.0566		28.50	
5	332.1847	1.6400	1.49700	28.62	81.59
6	20.9717	0.7957		24.36	
7	25.2743	10.7800	1.65412	26.32	39.73
8	-18.4080	2.3400	1.84666	26.76	23.78
9	-131.6846	6.3480		26.76	
10	-112.5732	3.3500	2.00069	19.76	25.43
11	-33.8019	8.5118		19.76	
12	AS	d12		12.524
13	76.3971	2.2500	1.54072	24.38	47.23
14	31.4569	0.3603		18.96	
15	29.9647	8.6000	1.43875	22.90	94.66
16	-16.0360	1.5800	1.76200	22.90	40.10
17	-22.0807	d17		24.56	
18	-120.8019	4.0800	1.80625	26.14	40.91
19	-40.3005	1.1655		29.62	
20	Infinity	1.8000	1.72047	32.68	34.71
21	22.7320	6.1100	1.49700	32.24	81.59
22	64.9909	2.5180		30.69
23	-173.3789	1.4000	1.60342	30.69	38.03
24	91.7200	3.4827		33.04	
25	77.7950	7.5100	1.53775	44.06	74.70
26	-77.7950	20.2074		44.06	
27	CG	3.2000	1.51680	58.34	64.20
28	CG	0.0000		58.34	
[aspherical data]
3	29.0985	1.3870981	0	1.3164601E-05	3.7489399E-05	-9.0886271E-06	6.9230821E-07	1.2051507E-08	-3.0922057E-09	-1.8716276E-10	3.2360551E-11	-2.7750763E-13	-1.0746371E-13	4.4146963E-15	1.3699526E-18	-1.8537021E-18
4	14.3847	-0.15178905	0	6.7671516E-05	-8.6018398E-06	1.3169953E-05	-5.4639754E-06	9.8841110E-07	-9.3642276E-08	5.3588470E-09	-3.7242141E-10	3.8140685E-11	-2.1958768E-12	1.9430076E-14	2.9974805E-15	-8.7320490E-17
18	-120.8019	2.1749483	0	-2.0241709E-05	1.0107437E-05	-6.5813373E-06	1.7046433E-06	-2.1892518E-07	1.1207529E-08	4.5982414E-10	-1.0981936E-10	1.1286182E-11	-1.1325544E-12	8.4071210E-14	-3.3942895E-15	5.5092813E-17
19	-40.3005	-5.987165	0	-1.6116072E-05	-1.5085955E-06	2.0396242E-06	-1.2725118E-06	3.5828518E-07	-5.2035910E-08	3.4286943E-09	4.4752370E-11	-2.3342677E-11	1.4508103E-12	-2.4220469E-14	-8.0819177E-16	2.7188905E-17
[figure]
source	Data/US20180210178_Figure01P.png
originX	30.06
originY	144.52
ppmm	2.879
[notes]
Bill: GF requires 54.78mm Image Height but Angle of View implies a 58mm design. Magnification measured.
