[descriptive data]
title	US 2019/0369371 Example 4 (Sony FE C 16-35mm T3.1)
[constants]
[variable distances]
Focal Length	16.5	22.91	33.95
Angle of View	107.9	86.28	63.42
F-Number	2.88	2.88	2.88
Image Height	43.26	43.26	43.26
Magnification	0.00	0.00	0.00
d0	Infinity	Infinity	Infinity
d9	21.06	9.43	3.70
d11	20.76	19.16	8.82
d16	10.91	5.38	2.50
d21	4.49	6.96	9.35
d31	17.42	25.20	35.83
Bf	0	0	0
Aperture Diameter	18.312	22.746	29.857
[lens data]
1	351.608	2.800	1.768015	58.32	49.2
2	27.110	6.265		40.74	
3	38.181	1.860	1.834805	42.26	42.7
4	26.000	0.150	1.534200	38.34	41.7
5	26.420	10.240		38.34	
6	-101.224	1.800	1.772500	36.80	49.6
7	52.228	0.400		35.28	
8	52.162	4.022	1.912366	35.28	21.9
9	236.214	d9		35.28	
10	104.610	3.850	1.658436	28.96	50.9
11	-74.272	d11		28.96	
12	-48.000	1.100	1.834287	28.44	39.1
13	-161.271	0.400		29.64	
14	41.935	4.058	1.583130	31.86	59.5
15	-726.966	3.100		31.52	
16	AS	d16		18.312
17	34.858	1.600	1.723417	33.14	38.0
18	22.030	6.543	1.487489	33.14	70.4
19	103.207	0.400		33.14	
20	79.712	4.173	1.693500	31.12	53.2
21	-65.576	d21		31.12	
22	131.010	5.174	1.550084	26.22	75.5
23	-25.597	1.500	1.901747	26.22	34.6
24	90.717	0.400		26.22	
25	29.497	6.118	1.497000	26.66	81.6
26	-36.964	0.400		26.66	
27	156.819	4.720	1.922860	26.58	20.9
28	-26.738	1.000	1.903658	26.58	31.3
29	47.217	2.811		22.90	
30	-1106.462	1.500	1.882023	22.90	37.2
31	75.000	d31		26.06	
32	CG	2.500	1.516798	53.28	64.2
33	CG	1.000		53.28	
[aspherical data]
1	351.608	1	1.68E-05	-2.85E-08	2.87E-11	-1.66E-14	4.23E-18
2	27.110	0.205	1.13E-05	6.52E-09	-2.52E-11	-5.69E-14	
5	26.420	-0.81	9.84E-06	-2.71E-08	5.12E-11	8.45E-14	
14	41.935	0	-5.38E-06	-7.41E-09			
15	-726.966	0	-2.09E-06	-7.10E-09	1.14E-12		
21	-65.576	0	3.62E-06	-3.59E-09	-3.40E-12		
30	-1106.462	0	-2.77E-05	-3.94E-08	-2.35E-10		
[figure]
source	Data/US20190369371_Figure13P.png
originX	50.59
originY	139.45
ppmm	2.197
[notes]
Bill: Repaired n25 1.969970->1.497000
