[descriptive data]
title	US 2007/0297067 Example 2 (Sony DT 18-250 mm F3.5-6.3)
[constants]
[variable distances]
Focal Length	18.43	57.80	241.83
Angle of View	76.4	28.2	6.9
F-Number	3.47	5.01	6.35
Image Height	29	29	29
Magnification	0	0	0
d0	Infinity	Infinity	Infinity
d5	1.766	30.152	59.613
d14	25.227	11.984	1.411
d24	7.782	3.768	1.982
Bf	39.583	67.213	89.384
Aperture Diameter	15.118	14.967	14.497
[lens data]
1	100.0000	1.5	1.84666	51.52	23.78
2	63.5173	7.0	1.49700	49.69	81.61
3	-1072.5164	0.2		49.69
4	63.0346	4.5	1.62299	47.36	58.15
5	221.5870	d5		47.36
6	110.0000	0.2	1.51460	25.98	49.96
7	70.0000	1.2	1.80400	25.98	46.58
8	13.5502	5.4		19.23
9	-34.6450	1.0	1.83481	19.23	42.72
10	53.7020	0.8		20.94
11	29.1029	4.5	1.84666	19.90	23.78
12	-25.6353	0.42		19.90	
13	-21.2556	1.0	1.88300	19.04	40.78
14	286.1917	d14		19.04
15	AS	1.0		15.118
16	38.3469	1.0	1.80400	17.67	46.58
17	25.0994	3.0	1.58913	17.67	61.18
18	-210.0000	1.0		17.67
19	24.5206	3.0	1.48749	18.50	70.21
20	95.0000	0.5		18.50
21	23.9504	3.5	1.49700	19.25	81.61
22	746.0130	0.65		19.25
23	-79.3108	1.0	1.83400	19.25	37.17
24	35.3648	d24		19.25
25	48.5260	0.2	1.51460	19.20	49.96
26	48.5260	3.5	1.48749	19.20	70.21
27	-35.9079	0.2		19.20	
28	8369.5957	3.5	1.48749	19.91	70.21
29	-26.5082	0.2		19.91
30	-533.7180	1.0	1.80400	19.85	46.58
31	18.7073	3.5	1.54072	19.85	47.23
32	95.0000	Bf		19.85
[aspherical data]
6	110.0000	0	6.08226E-06	3.27658E-09	-8.68205E-11	4.65488E-13
25	48.5260	0	-4.66282E-05	6.30079E-09	-1.16447E-11	-4.36431E-14
[figure]
source	Data/US20070297067_Figure05P.png
originX	21.54
originY	72.04
ppmm	1.878
[notes]
Bill: Repaired a6 A4 6.08226E-05 -> 6.08226E-06 (confirmed JP2008-003195)
