[descriptive data]
title	US 2008/0198475 Example 3 (Sony Vario-Sonnar T 24-70mm F2.8 ZA SSM)
[constants]
[variable distances]
Focal Length	24.70	37.98	67.95
Angle of View	83.8	59.1	34.7
F-Number	2.88	2.88	2.90
Image Height	43.2	43.2	43.2
Total length	undefined	undefined	undefined
Magnification	0	0	0
d0	Infinity	Infinity	Infinity
d6	2.778	12.920	26.688
d14	15.202	7.708	1.000
d23	8.124	3.250	0.500
Bf(p)	undefined	undefined	undefined
Bf	36.83	48.22	65.71
Aperture Diameter	18.821	21.639	26.868
[lens data]
1	504.081	1.800	1.84666	67.55	23.78
2	71.854	0.010	1.51400	62.56	42.83
3	71.854	7.700	1.83481	62.56	42.72
4	584.881	0.150		62.56	
5	50.971	6.500	1.83481	56.58	42.72
6	117.843	d6		56.58	
7	98.067	1.250	1.77250	37.57	49.36
8	16.107	9.330		25.05
9	-30.479	1.000	1.80420	22.44	46.50
10	73.121	0.290		22.44	
11	49.985	6.960	1.84666	23.64	23.78
12	-43.586	2.660		23.64	
13	-19.820	1.000	1.77250	27.04	49.62
14	-34.419	d14		28.73
15	AS	1.700		18.821
16	44.559	1.000	1.88300	31.68	40.80
17	22.781	0.010	1.51400	31.68	42.83
18	22.781	8.540	1.72000	31.68	50.34
19	-90.909	0.150		31.68	
20	141.075	3.060	1.83481	31.88	42.72
21	-154.416	2.020		31.88
22	-46.164	1.100	1.90366	31.88	31.32
23	-191.269	d23		33.88
24	36.148	7.700	1.49700	32.55	81.61
25	-52.812	0.250		32.55
26	66.234	4.200	1.49700	29.69	81.61
27	-84.106	0.760		29.69
28	-100.000	0.950	1.90366	29.83	31.32
29	73.539	0.010	1.51400	29.83	42.83
30	73.539	8.100	1.48749	29.83	70.44
31	-23.330	0.010	1.51400	29.83	42.83
32	-23.330	1.450	1.77250	29.83	49.36
33	296.121	5.000		30.58
34	-61.290	3.880	1.83400	31.74	37.34
35	-32.148	Bf		32.82
[aspherical data]
7	98.067	0	1.2736009E-05	-6.7365016E-09	-7.1808301E-11	7.8825874E-13	-2.6948768E-15	3.7189316E-18
33	296.121	0	1.7495023E-05	3.8801483E-09	-1.1234198E-10	1.0535738E-12	-4.6012946E-15	7.3037374E-18
[figure]	
source	Data/US20080198475_Figure09P.png
originX	22.54
originY	84.52
ppmm	1.949
[notes]
