[descriptive data]
title	US 2010/0302648 Example 1 (Canon EF-S15-85mm f3.5-5.6 IS USM)
[constants]
[variable distances]
Focal Length	15.50	34.96	82.17
Angle of View	82.78	42.68	18.88
F-Number	3.63	4.64	5.65
Image Height	27.32	27.32	27.32
Total Length	129.61	147.29	169.61
Magnification	0	0	0
d0	Infinity	Infinity	Infinity
d5	2.30	19.06	35.33
d15	19.62	9.05	2.36
d21	1.74	1.74	1.74
d24	8.73	4.99	3.31
Bf	35.46	50.70	65.11
Aperture Diameter	12.472	12.239	12.126
[lens data]
1	110.658	1.90	1.84666	58.31	23.8
2	52.161	7.36	1.61800	52.80	63.4
3	663.281	0.15		52.80
4	45.167	4.99	1.80400	47.70	46.6
5	113.249	d5		47.70
6	102.442	0.05	1.51640	25.44	52.2
7	66.977	1.20	1.88300	25.44	40.8
8	10.556	5.90		17.02
9	-23.955	0.90	1.88300	17.02	40.8
10	34.604	0.15		17.58	
11	25.180	4.80	1.80610	18.84	33.3
12	-25.180	0.48		18.84
13	-18.860	0.90	1.80400	16.05	46.6
14	62.131	2.59	1.80518	16.73	25.4
15	-33.902	d15		16.73
16	AS	0.68		12.472
17	33.342	2.75	1.62588	14.48	35.7
18	-33.342	0.15		14.48
19	33.575	3.50	1.49700	14.52	81.5
20	-19.990	0.90	1.84666	14.52	23.8
21	-818.039	d21		14.52	
22	-36.765	1.10	1.85135	14.66	40.1
23	20.008	2.15	1.84666	14.66	23.8
24	149.653	d24		14.66
25	26.110	6.30	1.48749	22.44	70.2
26	-26.110	0.15		22.44
27	115.344	6.35	1.48749	21.94	70.2
28	-16.183	1.60	1.85006	21.94	40.2
29	490.723	0.92		21.61
30	-118.547	3.80	1.48749	21.61	70.2
31	-25.929	Bf		22.92	
[aspherical data]
6	102.442	0	3.56265E-05	-1.52365E-07	3.65770E-10	-5.64258E-13
22	-36.765	0	9.33559E-06	-3.71157E-08	1.13092E-09	-1.10840E-11
29	490.723	0	2.25534E-05	8.49121E-09	-4.05465E-11	-4.31560E-13
[figure]
source	Data/US20100302648_Figure01P.png
originX	39.54
originY	122.80
ppmm	2.784
[notes]
Bill: Patent is missing d21; looks like constant 1.74mm
