[descriptive data]
title	US 2020/0348497 Example 8 (Nikon 1 Nikkor VR 10-100mm f4-5.6)
[constants]
[variable distances]
Focal Length	10.30260	30.00000	96.99284
Angle of View	80.88566	29.71682	9.45446
F-Number	4.12	5.48	5.81
Image Height	16.38	16.38	16.38
Total Length	103.02710	121.37977	143.32397
Magnification	0	0	0
d0	Infinity	Infinity	Infinity
d5	2.10606	20.13084	40.20889
d13	19.66416	6.24359	1.80000
d14	4.27874	4.97381	1.80000
d17	3.43763	2.74256	5.91637
Bf	14.05688	27.80535	34.11509
Aperture Diameter	8.12	8.12	9.70
[lens data]
1	145.183	1.700	2.00100	44.81	29.14
2	36.639	8.100	1.49782	40.09	82.57
3	-399.352	0.100		40.09
4	43.208	6.000	1.88300	39.39	40.66
5	Infinity	d5		39.39
6	436.597	0.100	1.55389	19.46	38.09
7	87.003	1.100	1.83481	19.46	42.73
8	8.300	5.350		13.35
9	-12.607	1.000	1.75500	13.35	52.34
10	-32.799	0.800		16.03
11	41.120	2.950	1.80809	13.54	22.74
12	-19.604	0.900	1.88300	13.54	40.66
13	-73.132	d13		13.54
14	AS	d14		8.12
15	22.373	0.900	1.90265	13.01	35.73
16	12.230	3.450	1.67003	13.01	47.14
17	-59.699	d17		13.01
18	13.739	3.600	1.49782	12.89	82.57
19	-24.820	0.900	2.00069	12.89	25.46
20	-270.014	2.200		12.89
21	-117.055	2.050	1.84666	12.22	23.80
22	-15.985	1.000	1.77377	12.22	47.25
23	24.175	2.084		12.22
24	66.365	2.800	1.56883	11.55	56.00
25	-15.447	0.100		11.55
26	44.994	2.750	1.51742	12.33	52.20
27	-15.201	0.900	1.90366	12.33	31.27
28	29.993	0.300		12.33
29	14.609	5.050	1.67270	12.19	32.19
30	-9.200	0.900	2.00069	12.19	25.46
31	-24.389	1.400		12.19
32	-12.862	1.000	1.85135	11.33	40.10
33	-27.495	Bf		12.83
[aspherical data]
6	436.597	19	9.17458E-05	-6.51986E-07	2.69890E-09	-1.23751E-11
23	24.175	-0.5177	-7.24815E-06	-3.60139E-07	4.05630E-09	
33	-27.495	-21	-1.22780E-04	8.28360E-07	-6.05245E-09	-9.88805E-11
[figure]
source	Data/US20200348497_Figure18AP.png
originX	6.15
originY	100.29
ppmm	3.296
[notes]
Bill: Patent supplied Aperture Diameter.
