[descriptive data]
title	US 2022/0236544 Example 10 (Fujifilm Fujinon GF20-35mm F4 R WR)
[constants]
AsphericalOddCount	4
[variable distances]
Focal Length	20.600	28.030	33.990	undefined	undefined
Angle of View	110.0	87.6	74.6	undefined	undefined
F-Number	4.11	4.08	4.11	undefined	undefined
Image Height	54.64	54.64	54.64	54.64	54.64
Magnification	0	0	0	-0.1	-0.1
d0	Infinity	Infinity	Infinity	180.59	316.78
d7	17.460	7.850	2.540	19.500	3.910
d11	7.560	6.450	5.170	5.520	3.800
d18	7.450	11.970	16.410	7.450	16.410
d23	5.080	11.280	13.430	5.080	13.430
Bf	21.240	21.240	21.240	21.240	21.240
Aperture Diameter	13.242	15.872	17.420	13.242	17.420
[lens data]
1	42.29620	1.4000	1.95906	47.10	17.47	
2	21.18990	6.3511		35.90
3	61.17980	2.2900	1.58313	36.76	59.46	
4	19.13090	9.1788		30.03
5	-56.20940	1.2100	1.49700	30.03	81.60	
6	26.17730	4.7900	1.84667	29.76	23.79	
7	137.33490	d7		29.76		
8	44.76950	2.4500	1.91082	18.11	35.25	Patent diameter
9	Infinity	7.0374		22.06		
10	-36.71010	2.7500	1.68863	18.32	31.20	
11	-44.49750	d11		18.32		
12	AS	1.2008		13.242
13	25.97500	6.9800	1.48749	20.34	70.44	
14	-25.97500	0.8000	1.75700	20.34	47.71	
15	19.42400	3.8500	1.49700	20.28	81.61	
16	Infinity	1.4526		20.28		
17	39.39080	6.8000	1.49648	24.36	81.30	
18	-22.76970	d18		24.36		
19	41.59390	1.1500	1.90366	28.06	31.31	
20	16.66180	4.8500	1.49700	25.80	81.61	
21	42.39860	4.7645		25.31	
22	-45.86640	1.5000	1.69350	25.31	53.20	
23	-277.69160	d23		27.73		Patent diameter
24	-254.44430	6.5500	1.87070	48.32	40.73	
25	-45.24990	17.0778		48.32
26	CG	3.2000	1.51680	54.92	64.20	
27	CG	2.0500		54.92		
[aspherical data]
3	61.17980	0	0.0000000E+00	4.1300441E-05	-2.4033683E-06	-4.8681225E-08	5.3290405E-09	1.7877787E-10	-1.7943006E-11	3.2566028E-13
4	19.13090	0	0.0000000E+00	3.0099143E-05	-1.6543125E-06	-8.7456445E-08	1.0604481E-09	-9.8343487E-12	3.5349032E-11	-1.6366418E-12
10	-36.71010	0	0.0000000E+00	5.8666005E-05	-1.1082747E-07	-2.0831316E-08	3.2732275E-08	-5.0650804E-09	3.6587411E-10	-1.0976748E-11
11	-44.49750	0	0.0000000E+00	6.2126215E-05	-1.8583677E-06	6.8611949E-07	-1.0884906E-07	1.1559071E-08	-6.5016237E-10	1.5338197E-11
17	39.39080	0	0.0000000E+00	-9.5480325E-06	8.5764274E-07	-1.3625695E-07	4.6449896E-09	8.2283721E-10	-8.4896133E-11	2.3243095E-12
18	-22.76970	0	0.0000000E+00	5.1436650E-06	3.5383265E-07	-5.7514914E-08	1.6762465E-09	1.7360953E-10	-1.4084261E-11	8.0801659E-14
22	-45.86640	0	0.0000000E+00	-2.2230188E-05	-2.5662668E-06	6.2977636E-08	1.5501381E-08	-1.3231686E-09	7.9174894E-11	-4.3970839E-12
23	-277.69160	0	0.0000000E+00	-1.4798556E-06	-3.9669057E-06	1.9581443E-07	1.5953243E-08	-8.6203549E-10	-4.6746994E-11	2.4548978E-12
[figure]
source	Data/US20220236544_Figure25P.png
originX	20.08
originY	132.07	158.48
ppmm	3.024
[notes]
Bill: d0 measured. 
