[descriptive data]
title	US 2009/0296231 Example 1 (Canon EF70-200mm f2.8L IS II USM)
[constants]
[variable distances]
Focal Length	72.12	135.00	193.98
F-Number	2.9	2.9	2.9
Angle of View	33.4	18.2	12.7
Image Height	43.2	43.2	43.2
Total Length	183.4	183.4	183.4
Magnification	0	0	0
d0	Infinity	Infinity	Infinity
d6	10.72	26.51	33.79
d10	1.58	13.45	17.30
d17	29.09	14.44	1.09
d22	17.39	4.38	6.62
Bf	54.00	54.00	54.00
[lens data]
1	289.168	2.80	1.74950	74.58	35.3
2	113.925	0.96		71.00
3	136.073	8.52	1.49700	71.00	81.5
4	-299.563	0.10		72.14	
5	73.100	6.66	1.49700	67.48	81.5
6	190.324	d6		67.48	
7	51.002	2.20	1.80518	55.06	25.4
8	43.113	1.55		50.73
9	51.352	8.51	1.49700	50.73	81.5
10	-15551.359	d10		51.10	
11	-1008.202	1.40	1.80400	35.54	46.6
12	34.486	5.76		32.57
13	-81.184	1.40	1.49700	32.57	81.5
14	37.378	5.33	1.84666	33.18	23.9
15	352.647	2.83		33.18
16	-57.635	1.40	1.69680	33.18	55.5
17	-199731.253	d17		35.00	
18	153.392	5.04	1.67790	35.68	55.3
19	-90.419	0.15		35.68	
20	1051.897	6.50	1.49700	35.68	81.5
21	-41.538	1.45	1.83400	35.68	37.2
22	-104.544	d22		35.68	
23	AS	0.39		35.069
24	59.410	3.24	1.80400	36.96	46.6
25	173.026	0.49		36.96	
26	42.341	3.38	1.77250	34.90	49.6
27	62.133	1.85		33.04
28	350.253	1.60	1.74000	33.04	28.3
29	34.471	6.87	1.49700	33.54	81.5
30	-135.210	3.70		33.54	
31	260.157	3.69	1.80518	30.42	25.4
32	-64.844	1.40	1.58313	30.42	59.4
33	33.633	4.89		29.03
34	-67.742	1.40	1.74400	29.03	44.8
35	1881.652	3.46		30.42	
36	192.183	4.01	1.80400	34.10	46.6
37	-73.493	2.48		34.10	
38	164.169	8.87	1.48749	36.80	70.2
39	-29.142	2.00	1.83400	34.98	37.2
40	-391.790	4.90		36.88	
41	78.138	3.40	1.83400	40.12	37.2
42	306.537	Bf		40.12	
[figure]
source	Data/US20090296231_Figure01P.png
originX	30.56
originY	109.54
ppmm	1.669
[notes]
