[descriptive data]
title	US 2020/0132974 Example 1 (Canon RF24-70mm F2.8 L IS USM)
[constants]
[variable distances]
Focal Length	24.72	43.75	67.65
Angle of View	82.38	52.62	35.48
F-Number	2.91	2.91	2.91
Image Height	43.28	43.28	43.28
Total Length	144.34	158.19	172.04
Magnification	0	0	0
d0	Infinity	Infinity	Infinity
d5	0.80	17.81	28.91
d15	16.54	8.10	2.46
d24	11.55	5.41	3.56
d31	2.38	1.11	0.91
d33	12.58	13.85	14.04
d37	14.31	25.73	35.97
Bf	14.31	25.73	35.97
Aperture Diameter	18.346	22.478	26.356
[lens data]
1	211.125	2.10	1.80810	70.70	22.8
2	80.660	6.03	1.77250	67.55	49.6
3	248.854	0.15		67.55
4	57.558	6.97	1.77250	62.61	49.6
5	160.440	d5		62.61
6	66.217	1.40	1.88300	39.22	40.8
7	18.113	8.41		29.35
8	-206.710	1.20	1.61800	30.19	63.4
9	22.688	4.36	1.85478	27.15	24.8
10	79.196	4.20		27.15
11	-35.317	1.20	1.58313	23.68	59.4
12	-312.513	0.43		26.30
13	910.041	5.47	1.59270	26.21	35.3
14	-19.928	1.10	1.88300	24.20	40.8
15	-47.138	d15		26.21
16	AS	0.40		18.346
17	81.194	4.45	1.83481	29.35	42.7
18	-54.244	0.15		29.35
19	41.217	7.25	1.49700	29.35	81.5
20	-32.257	1.10	2.00069	29.35	25.5
21	-293.896	2.41		29.35
22	-71.464	1.75	1.76802	28.25	49.2
23	64.990	1.91	1.80810	28.25	22.8
24	199.742	d24		28.25
25	30.855	6.56	1.59522	27.82	67.7
26	-85.643	0.35		27.82
27	38.493	1.20	1.73800	28.54	32.3
28	22.868	7.83	1.53775	28.54	74.7
29	-71.877	0.15		28.54
30	-4310.465	1.70	1.85400	26.01	40.4
31	109.508	d31		26.01
32	53.194	0.90	1.80400	28.55	46.6
33	22.891	d33		25.48
34	-42.821	1.70	1.58313	30.68	59.4
35	-2156.781	0.15		33.90	
36	344.261	3.20	2.00100	37.85	29.1
37	-88.670	Bf		37.85
[aspherical data]
12	-312.513	0	-5.69442E-06	-2.29053E-09	-4.72363E-11	4.65343E-13	-1.99227E-15
22	-71.464	0	1.87606E-06	1.45872E-09	2.78338E-11	-2.10980E-13	3.98590E-16
30	-4310.465	0	-2.01869E-05	6.17344E-08	-2.64177E-10	-2.98832E-13	2.64092E-15
31	109.508	0	1.63774E-06	9.32838E-08	-2.34772E-10	-7.39973E-13	4.51086E-15
34	-42.821	0	-2.51719E-05	1.25180E-07	-5.32709E-10	5.08044E-13	7.30860E-16
35	-2156.781	0	-2.60571E-05	1.26402E-07	-6.23562E-10	1.45147E-12	-1.39940E-15
[figure]
source	Data/US20200132974_Figure01P.png
originX	19.84
originY	121.95
ppmm	2.556
[notes]
