[descriptive data]
title	US 2017/0329112 Example 1 (Ricoh HD Pentax-DA 55-300mm F4.5-6.3ED PLM WR RE)
[constants]
[variable distances]
Focal Length	56.500	132.085	291.188
Angle of View	29.0	12.0	5.4
F-Number	4.60	5.14	6.48
Image Height	28.48	28.48	28.48
Total Length	163.502	201.850	233.845
Magnification	0	0	0
d0	Infinity	Infinity	Infinity
d5	2.392	53.371	79.101
d10	39.049	18.199	3.044
d22	3.010	5.736	3.310
Bf	52.474	57.967	81.814
[lens data]
1	66.223	5.940	1.51633	45.44	64.14
2	990.033	0.150		45.44	
3	119.740	1.700	1.78590	44.12	44.20
4	41.913	8.270	1.48749	44.12	70.24
5	533.575	d5		44.12	
6	-200.863	1.200	1.79952	19.92	42.22
7	20.538	2.960	1.84666	19.92	23.78
8	77.368	2.101		19.92	
9	-49.938	1.100	1.80400	19.64	46.58
10	3743.504	d10		19.64
11	74.271	3.220	1.72916	21.24	54.68
12	-101.460	0.200		21.24	
13	33.328	4.920	1.49700	21.12	81.55
14	-58.601	1.200	1.80610	21.12	33.27
15	97.682	2.700		21.12
16	AS	15.026		19.374
17	78.451	1.100	1.80610	19.60	33.27
18	30.401	1.242		19.60	
19	67.476	4.540	1.58913	20.04	61.13
20	-67.476	0.200		20.04	
21	26.356	3.730	1.58313	20.64	59.37
22	200.093	d22		20.64	
23	-225.082	2.110	1.78472	17.68	25.68
24	-47.838	1.968		17.68	
25	-44.791	1.000	1.69680	16.62	55.53
26	29.861	Bf		16.62	
[figure]	
source	Data/US20170329112_Figure01P.png
originX	172.61
originY	159.01
ppmm	3.525
[notes]
