[descriptive data]
title	US 2020/0142168 Example 1 (Nikon AF-S Nikkor 24-70mm f/2.8E ED VR)
[constants]
[variable distances]
Focal Length	24.80	50.01	67.85	undefined	undefined	undefined
Angle of View	85.0	45.4	34.4	undefined	undefined	undefined
F-Number	2.92	2.92	2.92	undefined	undefined	undefined
Image Height	43.20	43.20	43.20	43.200	43.200	43.200
Total Length	220.251	198.419	200.827	220.251	198.419	200.827
Magnification	0	0	0	-0.09955	-0.22367	-0.28947
S	Infinity	Infinity	Infinity	418.3	381.0	396.6
d0	Infinity	Infinity	Infinity	198.049	182.581	195.773
d7	48.945	10.930	1.902	55.680	17.665	8.637
d16	7.735	7.735	7.735	1.000	1.000	1.000
d18	1.802	17.931	29.439	1.802	17.931	29.439
d20	2.088	4.668	3.620	2.088	4.668	3.620
d26	1.250	1.250	1.250	1.250	1.250	1.250
d30	17.692	7.680	1.492	17.692	7.680	1.492
d39	2.530	10.000	17.180	2.530	10.000	17.180
Bf	38.505	38.522	38.506	38.505	38.522	38.506
Bf(p)	41.035	48.522	55.686	41.035	48.522	55.686
Aperture Diameter	18.937	22.416	24.728	18.937	22.416	24.728
[lens data]
1	121.85638	2.900	1.74389	65.85	49.5
2	29.63670	15.360		52.51
3	-197.50816	0.200	1.56093	52.51	36.6
4	-169.39125	2.100	1.80400	52.51	46.6
5	60.51496	0.150		50.11
6	52.85097	5.600	2.00100	51.79	29.1
7	146.47986	d7		50.04
8	148.41161	3.000	1.59349	36.41	67.0
9	-517.10678	0.100		36.41	
10	49.87002	3.500	1.59349	37.65	67.0
11	157.35190	4.762		37.65	
12	87.49334	4.800	1.59349	37.65	67.0
13	-132.22400	1.500	1.90366	37.65	31.3
14	45.76622	1.640		36.25
15	78.93526	4.450	1.77250	36.25	49.6
16	-176.75459	d16		37.65	
17	57.14809	5.300	1.81600	40.20	46.6
18	-583.40702	d18		40.20	
19	FS	1.200		24.84	
20	AS	d20		18.937
21	-141.85186	1.200	1.80400	25.24	46.6
22	33.20059	4.360		23.70	
23	-33.72704	1.200	1.60300	23.70	65.4
24	-60.09530	0.100		25.24	
25	65.48868	3.150	1.84666	25.98	23.8
26	-127.25009	d26		25.98	
27	-119.24441	1.100	1.59349	26.96	67.0
28	67.70394	1.150		26.96	
29	62.36800	2.100	1.80518	27.93	25.5
30	107.42000	d30		27.93	
31	119.87584	4.700	1.55332	33.08	71.7
32	-115.00129	0.100		33.08	
33	71.95116	1.400	1.83481	34.32	42.7
34	38.48800	6.800	1.59319	34.32	67.9
35	-237.01429	0.280		34.32	
36	43.00799	9.500	1.49782	35.29	82.6
37	-42.99900	1.400	1.80518	34.32	25.5
38	98.94100	4.600	1.69350	34.32	53.3
39	462.40647	d39		34.32	
40	FS	Bf		35.29	
[aspherical data]
2	29.63670	-1	2.21510E-06	2.57690E-09	-6.01500E-12	1.09200E-14	-7.29000E-18
3	-197.50816	0	-3.83430E-07	7.93340E-10	-3.53630E-12	5.08120E-15	-3.43370E-18
31	119.87584	0	4.80890E-06	5.06980E-10	-2.73140E-12	-7.78150E-16	
39	462.40647	0	7.56540E-06	-9.88600E-10	5.61740E-12	-8.07750E-15	
[figure]
source	Data/US20200142168_Figure01WP.png
originX	11.37
originY	195.46
ppmm	3.989
[notes]
Bill: Magnification measured. Construction diagram at intermediate focal length.
