[descriptive data]
title	US 2013/0088622 Example 4 (Canon EF-S18-135mm f3.5-5.6 IS STM)
[constants]
[variable distances]
Focal Length	18.60	50.99	130.48
Angle of View	72.60	30.00	11.96
F-Number	3.59	4.88	5.97
Image Height	27.32	27.32	27.32
Total Length	138.05	159.04	187.49
Magnification	0	0	0
d0	Infinity	Infinity	Infinity
d6	0.90	22.59	42.10
d13	25.44	7.28	1.50
d15	2.65	4.09	7.85
d17	6.67	5.23	1.47
d26	5.22	2.39	1.30
Bf	35.60	55.89	71.70
[lens data]
1	FS	1.50		59.01	
2	107.732	1.90	1.84666	52.25	23.8
3	60.391	7.57	1.49700	50.77	81.5
4	-1239.687	0.15		50.45	
5	53.128	6.09	1.60311	48.38	60.6
6	238.329	d6		47.56	
7	164.319	1.45	1.83481	30.19	42.7
8	15.295	6.85		22.89	
9	-53.790	1.20	1.77250	22.60	49.6
10	50.684	0.88		22.14	
11	29.817	5.57	1.84666	22.37	23.8
12	-59.549	1.10	1.77250	21.65	49.6
13	91.992	d13		20.77	
14	57.606	1.95	1.80518	14.14	25.4
15	-73.234	d15		14.18	
16	-35.671	0.70	1.90366	13.67	31.3
17	150.440	d17		13.92	
18	30.381	3.40	1.60311	15.02	60.6
19	-41.483	0.83		14.95	
20	AS	3.30		14.52	
21	25.373	4.95	1.60311	14.26	60.6
22	-21.035	0.75	1.84666	13.48	23.8
23	86.598	3.56		13.18	
24	-136.978	0.70	1.74950	12.81	35.3
25	12.387	2.58	1.84666	12.87	23.8
26	30.397	d26		12.84	
27	47.113	1.00	1.72151	15.43	29.2
28	31.941	3.58	1.59551	15.84	39.2
29	-38.622	Bf		16.43	
[aspherical data]
27	47.113	0	-2.10453E-05	-4.04601E-08	9.66019E-10	-2.17624E-11	1.50968E-13
[figure]
source	Data/US20130088622_Figure13P.png
originX	27.54
originY	99.52
ppmm	2.314
[notes]
Bill: Patent supplies all diameters
