[descriptive data]
title	US 2009/0190239 Example 1 (Nikon AF-S Nikkor 500mm f/4G ED VR)
[constants]
[variable distances]
Focal Length	489.78	undefined
Angle of View	5.0	undefined
F-Number	4.08	undefined
Image Height	43.2	43.2
Magnification	0	-0.11194
S	Infinity	5000
d0	Infinity	4573.08
d11	39.04	49.88
d16	24.02	13.18
Bf	82.68	82.68
[lens data]
1	1500.000	5.00	1.51680	120.4	64.2	Patent diameter
2	1500.000	1.00		120.4	
3	179.070	18.09	1.49782	122.37	82.5
4	-920.680	10.77		122.37
5	185.070	16.62	1.49782	110.34	82.5
6	-452.050	1.04		114.59
7	-435.270	5.00	1.78800	112.40	47.4
8	287.740	98.05		104.19
9	94.676	5.00	1.69680	73.06	55.5
10	56.528	13.12	1.49782	67.53	82.5
11	458.170	d11		61.94
12	-1537.000	3.00	1.83400	45.90	37.2
13	73.074	4.24		38.70	
14	-122.520	4.84	1.84666	38.70	23.8
15	-44.264	3.00	1.69680	45.90	55.5
16	1489.600	d16		38.70	
17	AS	7.00		38.236
18	357.290	6.28	1.48749	42.5	70.4	Patent diameter
19	-59.630	0.50		42.5	
20	-60.598	1.80	1.84666	42.50	123.8
21	-147.500	7.84		42.50
22	158.310	3.85	1.80100	41.97	35.0
23	-313.680	28.00		41.97
24	134.850	2.50	1.80100	37.98	35.0
25	49.355	5.09	1.62004	41.36	36.3
26	-1227.600	0.30		37.98
27	382.230	2.50	1.48749	41.47	70.4
28	74.239	25.00		32.8		Patent diameter
29	Infinity	2.00	1.51680	50.64	64.2
30	Infinity	Bf		50.64	
[figure]
source	Data/US20090190239_Figure01P.png
originX	12.85
originY	77.07
ppmm	0.931
[notes]
Bill: d0 and Magnification measured.
