[descriptive data]
title	US 2005/0219708 Example 4 (Nikon AF-S Zoom-Nikkor 70-300mm f/4.5-5.6G IF-ED VR)
[variable distances]
Focal Length	71.39993	134.99982	294.00047	undefined	undefined	undefined
Angle of View	34.46	17.55	8.20	undefined	undefined	undefined
F-Number	4.64	4.85	5.88	undefined	undefined	undefined
NA	undefined	undefined	undefined	0.11	0.10	0.08
Image Height	43.20	43.20	43.20	43.20	43.20	43.20
Magnification	0	0	0	-0.05775	-0.11125	-0.24755
S	Infinity	Infinity	Infinity	1500	1500	1500
d0	Infinity	Infinity	Infinity	1313.900	1291.092	1265.399
d2	13.43865	13.43865	13.43865	2.36289	2.15893	1.91994
d5	2.49989	31.01849	43.01129	13.57565	42.29821	54.53000
d12	28.21141	18.59271	2.50011	28.21141	18.59271	2.50011
Bf	53.40008	57.30852	87.10064	53.40008	57.30852	87.10064
Aperture Diameter	23.908	23.894	26.033	23.908	23.894	26.033
[lens data]
1	340.6588	4.2000	1.516330	59.52	64.14
2	-340.6590	d2		59.52	
3	65.1639	1.8000	1.784696	51.52	26.30
4	45.8381	8.8000	1.496999	49.38	81.61
5	-1308.9200	d5		49.38	
6	-271.2500	1.4000	1.772499	26.46	49.61
7	71.7854	1.3000		25.64
8	-566.9340	1.4000	1.772499	25.64	49.61
9	24.4437	4.7000	1.846660	25.66	23.78
10	133.0962	3.7500		25.66	
11	-46.0918	1.4000	1.772499	25.38	49.61
12	1927.6140	d12		26.46	
13	AS	2.0000		23.908
14	188.6747	3.4000	1.639999	28.86	60.09
15	-72.2450	0.2000		28.86	
16	73.7218	6.0000	1.496999	28.86	81.61
17	-38.1983	1.4000	1.800999	28.86	34.96
18	-154.6610	0.2000		28.86	
19	32.2550	4.2000	1.517417	28.58	52.42
20	143.8540	7.9000		28.58	
21	333.5741	1.3000	1.846660	24.86	23.78
22	54.3293	4.1000	1.487490	24.32	70.24
23	-89.5707	10.2000		24.32	
24	256.9205	3.6000	1.805181	21.38	25.43
25	-35.5686	1.2000	1.804398	21.38	39.59
26	35.5686	3.4000		19.66
27	FS	3.1000		16.55
28	47.0802	4.0000	1.639799	24.54	34.47
29	-96.8946	2.4000		24.54
30	-23.3234	1.2000	1.772499	23.19	49.61
31	-42.5579	Bf		24.54
[figure]
source	Data/US20050219708_Figure13P.png
originX	11.81
originY	74.63
ppmm	1.719
[notes]
