[descriptive data]
title	US 2014/0139720 Example 5 (Olympus M.Zuiko ED 12-40mm f2.8 Pro)
[constants]
[variable distances]
Focal Length	12.25	21.92	39.10	undefined
Angle of View	88.92	53.84	30.48	undefined
F-Number	2.88	2.88	2.88	undefined
Image Height	21.64	21.64	21.64	21.64
Total Length	104.788	105.126	129.979	104.788
Magnification	0	0	0	-0.14134
d0	Infinity	Infinity	Infinity	102
d3	0.8433	3.1723	26.5044	0.8433
d10	19.7674	6.3586	1.0555	11.4674
d18	1.8876	8.2567	13.0735	6.0876
d21	4.6989	9.7482	11.7552	8.7989
Bf	15.996	15.997	15.997	15.996
Aperture Diameter	11.663	14.399	16.345	11.663
[lens data]
1	55.0572	2.400	1.92286	47.88	18.90
2	44.2744	7.101	1.69680	45.70	55.53
3	207.8490	d3		45.70	
4	159.5696	1.500	1.74320	30.82	49.29
5	12.8384	7.332		20.16
6	-22.1355	1.200	1.49700	20.16	81.54
7	22.1355	4.241	1.75520	18.66	27.51
8	-56.8950	1.807		18.66	
9	-16.7113	1.100	1.77250	15.92	49.60
10	-29.9316	d10		17.30	
11	AS	1.000		11.663
12	29.3834	4.596	1.58313	19.76	59.38
13	-148.0986	3.530		19.76	
14	91.1635	4.632	1.49700	22.08	81.54
15	-24.2108	0.130		22.08	
16	42.3361	1.200	1.80518	21.12	25.42
17	15.6885	8.296	1.49700	19.88	81.54
18	-32.0641	d18		19.88	
19	573.6706	0.920	1.80610	14.30	40.88
20	12.8813	2.041	1.94595	14.30	17.98
21	17.2342	d21		14.30	
22	30.0105	1.395	2.00069	23.02	25.46
23	22.6466	7.173	1.58313	23.02	59.38
24	-36.2011	12.5585		23.72	
25	CG	4.000	1.51633	28.64	64.14
26	CG	0.800		28.64	
[aspherical data]
4	159.5696	-9.0073	1.7086E-05	7.3258E-08	-5.0052E-10	1.3518E-12
5	12.8384	0.2022	-2.0814E-05	-1.0324E-07	2.0273E-09	-2.2396E-11
12	29.3834	-2.136	7.7286E-07	-5.8809E-08	-8.1816E-10	-3.2776E-12
13	-148.0986	8.4339	4.0121E-05	-3.1751E-08	-1.2712E-09	-5.4995E-13
18	-32.0641	-0.7208	5.6768E-07	1.3061E-08	1.1822E-11	-1.1620E-14
19	573.6706	9.0337	-1.7254E-06	-4.0437E-08	3.1029E-09	-3.4898E-11
[figure]
source	Data/US20140139720_FigureP.png
originX	22.75
originY	139.65
ppmm	3.490
[notes]
Bill: Added a 4th scenario that approximates the figure at (closest?) focus.
