[descriptive data]
title	US 2015/0316753 Example 1 (Sony E PZ 16-50mm F3.5-5.6 OSS)
[constants]
[variable distances]
Focal Length	16.48	28.20	48.50
Angle of View	92.00	55.32	32.38
F-Number	3.61	4.77	5.77
Image Height	28.4	28.4	28.4
Magnification	0	0	0
d0	Infinity	Infinity	Infinity
d4	23.043	10.230	0.800
d14	3.325	4.565	9.669
d16	3.775	5.594	6.410
Bf	13.817	20.784	26.837
Aperture Diameter	9.885	9.867	11.161
[lens data]
1	172.566	1.080	1.88300	24.99	40.80
2	12.058	4.000		19.92
3	19.766	2.018	2.00272	19.98	19.32
4	32.048	d4		19.63
5	13.010	2.283	1.69350	13.88	53.20
6	199.000	1.500		13.88	
7	AS	0.500		9.885
8	11.062	3.353	1.49700	12.40	81.61
9	-31.892	0.700	1.83400	12.34	37.34
10	8.850	1.526		8.98	
11	15.567	2.500	1.48749	11.22	70.44
12	-34.265	0.500		11.22	
13	24.398	1.601	1.48749	11.78	70.44
14	-351.765	d14		11.78	
15	-24.720	0.790	1.69680	10.47	55.46
16	30.038	d16		12.28	
17	93.933	2.190	1.80610	16.80	40.73
18	-60.132	Bf		16.80
[aspherical data]
2	12.058	-0.083257779	-1.2058E-05	-3.9503E-07	3.1552E-09	-2.6164E-11
5	13.010	0	-6.3285E-06	-5.1744E-07	1.0598E-08	-2.0601E-10
6	199.000	0	2.3738E-06	-2.1246E-07	6.8489E-10	-7.7144E-11
16	30.038	-0.8909625	6.1843E-05	-2.7882E-07	-1.0586E-09	1.0602E-11
17	93.933	0	-8.8132E-05	7.6707E-07	-8.7771E-09	7.0405E-11
18	-60.132	0	-9.0000E-05	6.3117E-07	-8.4535E-09	6.5005E-11
[figure]
source	Data/US20150316753_Figure01P.png
originX	25.54
originY	77.48
ppmm	2.158
[notes]			
