[descriptive data]
title	US 2022/0214530 Example 1 (Canon RF100-400mm F5.6-8 IS USM)
[constants]
[variable distances]
Focal Length	100.31	200.00	388.00
Angle of View	24.34	12.34	6.38
F-Number	5.77	7.17	8.24
Image Height	43.28	43.28	43.28
Total Length	182.61	225.42	258.53
Magnification	0	0	0
d0	Infinity	Infinity	Infinity
d5	16.89	59.69	92.80
d8	41.71	26.23	3.60
d13	11.14	6.27	4.09
d17	18.95	11.89	2.07
Bf	48.26	75.67	110.31
!Aperture Diameter	21.494	21.589	22.072
[lens data]
1	103.753	4.61	1.48749	48.27	70.2
2	Infinity	0.15		48.27	
3	156.943	1.90	1.61340	47.32	44.3
4	53.406	5.96	1.49700	47.32	81.5
5	380.919	d5		47.32	
6	-101.313	1.00	1.77250	23.26	49.6
7	28.984	2.85	2.05090	23.26	26.9
8	55.746	d8		23.26	
9	AS	0.60		21.494
10	29.396	5.49	1.48749	23.41	70.2
11	-59.441	5.76		23.41	
12	-31.194	1.30	2.00100	20.46	29.1
13	-75.081	d13		20.46	
14	415.256	3.50	1.48749	20.77	70.2
15	-30.719	6.37		20.77	
16	49.641	3.00	1.53110	19.33	55.9
17	47.793	d17		19.33	
18	-992.387	2.22	1.84666	20.02	23.9
19	-42.688	0.95	1.80400	20.02	46.5
20	39.970	Bf		20.02	
[aspherical data]
16	49.641	0	-4.71184E-05	-1.69647E-07	6.47160E-10	-6.68961E-12	3.22858E-14
17	47.793	0	-4.13756E-05	-1.60763E-07	6.71955E-10	-4.98484E-12	2.62649E-14
[figure]
source	Data/US20220214530_Figure01P.png
originX	12.53
originY	93.50
ppmm	2.241
[notes]
