[descriptive data]
title	US 2022/0365327 Example 3 (Panasonic Leica DG Vario-Summilux 25-50mm F1.7 Asph)
[constants]
Scaled	10.82	14.2
[variable distances]
Focal Length	25.612	35.012	48.820
Angle of View	45.804	34.346	24.992
F-Number	2.000	2.000	2.000
Image Height	21.640	21.640	21.640
Total Length	144.243	144.243	144.243
Magnification	0	0	0
d0	Infinity	Infinity	Infinity
d2	1.468	16.270	27.542
d7	12.550	7.303	3.219
d10	23.455	12.704	1.676
d21	2.700	4.043	4.871
d24	12.867	12.720	15.733
Bf	17.449	17.449	17.449
Aperture Diameter	21.614	22.056	23.226
[lens data]
1	77.574	6.968	1.58913	56.07	61.25
2	-961.365	d2		56.07
3	728.072	1.601	1.80610	35.97	40.73
4	27.227	7.044		29.48
5	-218.021	1.410	1.68893	31.73	31.16
6	26.443	4.196	2.00100	28.71	29.13
7	76.006	d7		28.71	
8	241.646	1.311	1.48749	31.07	70.44
9	35.814	3.826	1.84666	28.25	23.78
10	347.368	d10		28.25
11	186.413	3.513	1.58313	29.55	59.46
12	-63.818	2.401		28.55
13	AS	5.297		21.614
14	-34.217	1.500	1.64769	28.93	33.84
15	94.853	6.690	1.49700	33.45	81.61
16	-37.891	0.150		33.45
17	195.402	6.181	1.59282	34.65	68.62
18	-39.839	0.150		34.65
19	67.223	1.500	1.71736	33.22	29.50
20	23.577	9.046	1.59282	31.29	68.62
21	-82.143	d21		31.29
22	395.881	2.082	1.84666	24.37	23.78
23	-100.042	0.911	1.58144	24.37	40.89
24	19.762	d24		19.45
25	33.962	5.300	1.80610	24.77	40.73
26	-39.418	1.573		24.77
27	-36.828	1.100	1.65844	25.27	50.85
28	54.473	Bf		22.36
[aspherical data]
11	186.413	0	-8.1286E-06	1.1606E-08	-9.6290E-12	-9.6649E-15
12	-63.818	0	5.1982E-06	1.8202E-08		
[figure]
source	Data/US20220365327_Figure03W.png
originX	64.22
originY	572.79
ppmm	12.902
[figure]
source	Data/US20220365327_Figure03WP.png
originX	29.51
originY	178.99
ppmm	3.825
[notes]
