[descriptive data]
title	US 2018/0081156 Example 1 (Leica DC Vario-Elmarit 8.8-176mm F2.8-4.5 ASPH (Panasonic FZ2500,FZ2000,FZH1))
[constants]
[variable distances]
Focal Length	9.1401	39.1047	168.6806
Angle of View	82.3272	23.0162	5.4062
F-Number	2.91353	4.32290	4.63206
Image Height	13.6200	15.8360	15.8360
Total Length	142.2000	142.2000	142.2000
Magnification	0	0	0
d0	Infinity	Infinity	Infinity
d6	0.8772	27.3614	51.9806
d12	41.4217	12.5974	1.5000
d13	25.7230	13.9366	2.0000
d25	1.4000	7.0507	3.9102
d29	2.6253	11.1011	12.6566
Bf(p)	0.71405	0.67946	0.66746
Bf	0	0	0
Aperture Diameter	10.4980	10.4980	11.7840
P	27.5269	95.3206	360.1614
P'(p)	-160.1098	-270.9432	-148.2760
P'	-160.8098	-271.6432	-148.9760
H	36.1475	128.7955	337.8089
H'(p)	133.0938	103.0945	-26.4932
H'	-9.1260	-39.1253	-168.7132
[lens data]
1	91.8240	1.5000	1.90366	48.40	31.3
2	49.8655	0.0050	1.56732	45.36	42.8
3	49.8655	7.0500	1.59282	45.36	68.6
4	3000.0000	0.1500		45.36	
5	50.3677	4.6200	1.59282	41.64	68.6
6	240.8800	d6		41.64	
7	386.9769	1.0476	1.95375	28.86	32.3
8	15.7808	7.3600		22.74	
9	-27.1060	1.2000	1.80525	22.30	40.9
10	51.6837	0.3300		22.30	
11	35.3366	3.5900	1.94595	22.52	18.0
12	-91.2689	d12		22.52	
13	AS	d13		10.4980
14	14.0940	4.6000	1.77182	16.70	49.6
15	174.5151	0.5000		16.70	
16	16.3423	5.1200	1.49700	14.08	81.6
17	-13.4810	0.0050	1.56732	12.74	42.8
18	-13.4810	0.5000	1.88300	12.74	40.8
19	11.1441	2.5700		12.74	
20	18.1467	4.0600	1.55024	13.30	75.6
21	-13.1220	0.0050	1.56732	13.30	42.8
22	-13.1220	0.5000	1.69895	13.30	30.0
23	-30.1756	1.5400		13.30	
24	34.1615	1.7600	1.68820	13.52	31.1
25	149.6990	d25		13.52	
26	104.0648	3.3300	1.68820	12.68	31.1
27	-12.5312	0.0050	1.56732	12.68	42.8
28	-12.5312	0.5000	1.80420	12.68	46.5
29	14.9147	d29		12.68	
30	27.1679	6.8500	1.80525	19.16	40.9
31	-18.3077	0.0050	1.56732	19.16	42.8
32	-18.3077	0.8000	1.92119	19.16	24.0
33	-81.7079	7.6700		19.20	
34	CG	2.3000	1.51680	16.98	64.2
35	CG	0.7000		16.98	
[aspherical data]
9	-27.1060	3.51523	9.50609E-05	-1.19316E-06	1.02224E-08	-2.26985E-11	
10	51.6837	0	6.80001E-05	-1.23885E-06	1.06516E-08	-3.20770E-11	
14	14.0940	0.836518	-4.21007E-05	7.09284E-08	-6.19453E-09	5.96586E-11	-4.68713E-13
15	174.5151	0	-1.45079E-05	3.76423E-07	-4.65945E-09	4.02785E-11	
24	34.1615	0	-8.67409E-05	-6.80320E-07	2.20681E-08	-4.09626E-10	
25	149.6990	0	-6.76312E-05	-8.32658E-07	2.65808E-08	-4.37836E-10	
26	104.0648	0	2.07523E-05	-3.49617E-07	1.56939E-08	-1.68224E-10	
30	27.1679	0	1.07094E-05	1.16689E-07	-7.07962E-10	2.28709E-12	
[figure]
source	Data/US20180081156_Figure01aP.png
originX	97.37
originY	389.85
ppmm	5.562
[notes]
Bill: Patent supplies Aperture Diameter
