[descriptive data]
title	US 2016/0011404 Example 5 (Fujifilm Fujinon XF27mm F2.8)
[constants]
AsphericalOddCount	9
[variable distances]
Focal Length	27.81
Angle of View	55.2
F-Number	2.88
Image Height	28.4
Total Length	undefined
Magnification	0
d0	Infinity
Bf	11.27
[lens data]
1	26.053	0.80	1.59270	12.02	35.3
2	6.457	3.04	1.88300	10.06	40.8
3	30.578	2.14		10.06	
4	AS	2.44		7.826
5	-9.548	0.70	1.59270	7.96	35.3
6	15.870	2.86	1.72916	7.96	54.7
7	-11.381	0.60		8.18	
8	-11.898	2.80	1.58313	8.90	59.5
9	-20.798	4.39		12.34	
10	-18.450	1.52	1.80518	15.60	25.4
11	-64.769	0.20		17.94	
12	100.010	4.27	1.90366	21.82	31.3
13	-29.001	6.00		21.82	
14	CG	2.80	1.51680	26.74	64.2
15	CG	3.43		26.74	
[aspherical data]
8	-11.898	-1	7.0620023E-03	-1.7499231E-02	2.2378175E-02	-1.5275947E-02	3.1350874E-03	2.6653708E-03	-1.9393091E-03	2.5998420E-04	1.7720892E-04	-6.8579204E-05	-9.9188983E-07	4.5920468E-06	-6.0414099E-07	-1.0345902E-07	2.8011243E-08	-2.2694472E-10	-4.0009448E-10	2.8985323E-11
9	-20.798	-1	6.3586846E-03	-1.1023944E-02	9.6878003E-03	-3.9913235E-03	-1.1999457E-04	8.1445734E-04	-2.8017275E-04	-3.9636577E-06	2.3185531E-05	-4.0771733E-06	-5.2082735E-07	2.3298727E-07	-1.1418578E-08	-4.3437939E-09	5.8129007E-10	1.3062657E-11	-6.2155182E-12	3.0227519E-13
[figure]
source	Data/US20160011404_Figure05P.png
originX	85.48
originY	120.18
ppmm	9.741
[notes]
Bill: Standard Fujifilm XF Image Height assumed. d15 measured.
