[descriptive data]
title	US 2005/0157403 Example 1 (Nikon AF-S Zoom-Nikkor 200-400mm f4G IF-ED VR)
[constants]
[variable distances]
Focal Length	204.00000	300.00000	392.00000	undefined	undefined	undefined
Angle of View	undefined	undefined	undefined	undefined	undefined	undefined
F-Number	4.08	4.08	4.08	undefined	undefined	undefined
Image Height	43.2	43.2	43.2	43.2	43.2	43.2
Magnification	0	0	0	-0.13941	-0.20502	-0.26789
d0	Infinity	Infinity	Infinity	1607.6776	1607.6776	1607.6776
d7	54.90581	54.90581	54.90581	72.39989	72.39989	72.39989
d12	23.85167	23.85167	23.85167	6.35759	6.35759	6.35759
d14	5.84488	38.59130	54.82963	5.84488	38.59130	54.82963
d21	29.27185	15.53993	2.41844	29.27185	15.53993	2.41844
d26	25.24955	6.23504	3.11820	25.24955	6.23504	3.11820
Bf	91.16781	91.16781	91.16781	91.16781	91.16781	91.16781
[lens data]
1	370.79	5.3	1.80384	107.28	33.89	F1f = 102.10
2	127.29	16	1.49782	104.62	82.56	
3	-684.01	0.2		104.62		
4	141.05	9.5	1.49782	100.62	82.56	
5	729.91	0.2		100.62		
6	158.56	9.5	1.49782	96.62	82.56	
7	3054.00	d7		96.62		
8	-294.11	2.9	1.78800	60.94	47.38	
9	141.05	9		60.94		
10	-452.78	4	1.84666	58.28	23.78	
11	-194.47	2.9	1.60300	58.28	65.47	
12	308.66	d12		58.28		
13	-674.36	5.4	1.80440	58.28	39.59	
14	-113.03	d14		58.28		F1r = 55.86
15	699.21	1.9	1.69680	39.28	55.52	
16	80.55	2.05		39.28		
17	749.83	4.5	1.84666	37.94	23.78	
18	-81.07	1.9	1.64000	37.94	60.09	
19	148.04	3.94		36.63
20	-61.50	1.9	1.64000	36.63	60.09	
21	-661.36	d21		38.28		
22	349.98	3.5	1.60300	38.94	65.47	
23	-349.98	0.5		38.94		
24	623.77	6	1.60300	39.28	65.47	
25	-52.99	1.9	1.79504	39.28	28.55	
26	-104.52	d26		40.94		
27	AS	1		38.484
28	119.72	2	1.80384	40.00	33.89	F4f = 38.49
29	81.54	4.5	1.60300	40.00	65.47	
30	-848.55	0.1		40.00		
31	68.65	4	1.60300	38.64	65.47	
32	159.71	22		38.64		
33	FS	2.27		28.20		
34	440.22	3.3	1.84666	28.58	23.78	F4m = 27.83
35	-72.19	1.6	1.74100	26.86	52.67	
36	57.12	4.5		26.86		
37	-462.27	1.6	1.74100	28.58	52.67	
38	110.56	4.86		28.58		
39	286.11	4	1.49782	30.96	82.56	
40	-91.12	0.1		30.96		
41	64.83	6.5	1.64000	32.32	60.09	
42	-64.83	1.7	1.84666	32.32	23.78	
43	417.36	3		32.32		
44	Infinity	2	1.51680	32.66	64.12	
45	Infinity	Bf		32.66		
[figure]
source	Data/US20050157403_Figure01P.png
originX	26.42
originY	63.75
ppmm	0.937
[notes]
