[descriptive data]
title	US 2019/0265504 Example 1 (Fujifilm Fujinon XF200mm F2 R LM OIS WR)
[metadata]
[constants]
[variable distances]
Focal Length	194.01	181.53
Angle of View	9.0	8.2
F-Number	2.06	2.33
Image Height	30.80	30.80
Total Length	undefined	undefined
Magnification	0	-0.12029
d0	Infinity	1572
d15	18.63	7.08
d18	4.92	16.47
Bf	0	0
[lens data]
1	430.7013	7.0700	1.67270	97.58	32.10
2	-727.3321	0.4562		97.58	
3	165.9720	10.7500	1.43875	95.02	94.66
4	-1120.2835	20.2132		95.02	
5	105.9369	13.9100	1.49700	77.80	81.54
6	-218.3400	3.1600	1.83481	75.24	42.74
7	775.7212	1.6106		75.24	
8	91.4829	11.0200	1.49700	66.52	81.54
9	-267.5300	2.7200	1.91082	64.48	35.25
10	141.8275	22.2150		64.48	
11	266.7587	4.1100	1.80809	48.26	22.76
12	-266.7587	0.3002		48.26	
13	266.7635	2.0000	1.80000	46.04	29.84
14	47.2925	9.4871		42.98	
15	AS	d15		40.730
16	61.1684	1.8100	1.54814	38.94	45.78
17	39.3800	6.6000	1.69680	37.40	55.53
18	Infinity	d18		37.40	
19	36.1305	2.3000	1.60342	29.90	38.03
20	23.9164	7.9000		28.54	
21	415.3848	2.2800	1.95906	26.14	17.47
22	-91.4760	1.5100	1.73400	26.14	51.47
23	42.9219	1.8900		22.98
24	-217.2372	1.4000	1.80100	22.98	34.97
25	66.6268	3.2077		22.98
26	51.5518	3.1100	1.90366	26.82	31.31
27	Infinity	1.0602		26.82
28	-77.9583	1.4000	1.80809	25.53	22.76
29	145.8634	4.4301		27.50	
30	133.6002	4.2800	1.80610	30.42	40.93
31	-60.7409	0.6043		30.42	
32	53.2520	8.6300	1.65412	30.58	39.73
33	-53.2520	1.9000	1.80000	29.90	29.84
34	154.3014	28.1625		29.90	
35	CG	2.8500	1.51680	31.60	64.20
36	CG	1.1000		31.60	
[figure]
source	Data/US20190265504_Figure01IP.png
originX	5.51
originY	137.50
ppmm	1.946
[notes]
Bill: Angle of View and Figure suggest Image Height of 30.80mm which exceeds the usual 28.40mm. Magnification measured.
