[descriptive data]
title	US 2021/0231927 Example 3 (Fujifilm Fujinon XF50mm F1.0 R WR)
[constants]
AsphericalOddCount	9
[variable distances]
Focal Length	49.549	undefined
Angle of View	31.4	31.2
F-Number	1.03	1.16
Image Height	28.40	28.40
Magnification	0	-0.07780
S	Infinity	700
d0	Infinity	588.49
d14	11.466	7.025
d22	14.401	18.842
Bf	0	0
Aperture Diameter	28.970	25.768
[lens data]
1	-138.62827	2.400	1.54072	61.16	47.23
2	58.55723	10.030		57.18
3	75.89616	11.800	1.59282	59.88	68.62
4	-105.01257	0.200		59.88	
5	45.45982	10.800	1.59282	57.74	68.62
6	399.21443	0.600		57.74	
7	44.95362	4.320	1.95906	50.48	17.47
8	63.84817	0.600		48.56	
9	36.12697	5.270	1.78800	44.72	47.52
10	60.17700	1.800	1.89286	44.72	20.36
11	31.65635	4.565		35.51
12	177.12407	1.520	1.80809	38.32	22.76
13	27.86122	6.406		30.90
14	AS	d14		28.970
15	-14.64464	2.550	1.68863	25.52	31.20
16	-18.73058	0.200		29.58	
17	49.66071	6.450	1.88300	28.08	39.22
18	-32.52200	1.210	1.69895	29.99	30.05
19	32.52200	0.820		28.62
20	42.22428	8.800	1.88300	31.05	39.22
21	-28.75400	1.210	1.62005	30.00	36.35
22	-178.14293	d22		30.00	
23	CG	2.850	1.51680	28.52	64.20
24	CG	1.000		28.52	
[aspherical data]
15	-14.64464	0	0	5.0823068E-05	5.6696216E-06	-1.1665918E-06	2.3011235E-07	-8.5462646E-09	-3.9871990E-09	5.8946218E-10	6.8551648E-12	-7.4371184E-12	3.9451971E-13	3.7621265E-14	-4.2785117E-15	-2.5668735E-17	1.8252095E-17	-4.3536351E-19	-2.9072588E-20	1.1528202E-21
16	-18.73058	0	0	3.9661172E-05	7.3155985E-06	-1.9241870E-06	2.0632606E-07	2.7709406E-08	-6.9926396E-09	-2.2702122E-11	9.8429055E-11	-3.5432557E-12	-7.7218349E-13	4.3918443E-14	3.5209637E-15	-2.5005394E-16	-8.7077803E-18	7.1579377E-19	9.0040531E-21	-8.3059544E-22
[figure]
source	Data/US20210231927_FigureP.png
originX	48.57
originY	162.57
ppmm	3.074
[notes]
Bill: d0 and Magnification measured.
