[descriptive data]
title	US 2016/0103303 Example 1 (Ricoh HD Pentax-D FA 70-200mm F2.8ED DC AW)
[constants]
[variable distances]
Focal Length	72.06	100.00	194.00
Angle of View	34.4	24.4	12.4
F-Number	2.90	2.90	2.90
Image Height	43.28	43.28	43.28
Total Length	243.06	243.05	243.06
Magnification	0	0	0
d0	Infinity	Infinity	Infinity
d7	3.30	20.97	43.94
d15	27.09	21.74	4.00
d20	8.58	10.89	20.96
d22	31.73	17.09	1.80
Bf(p)	37.79	37.79	37.79
Bf	48.25	48.25	48.25
[lens data]
1	298.927	2.30	1.83400	71.54	37.2
2	83.202	8.48	1.49700	71.54	81.6
3	314.408	0.50		71.54	
4	99.969	11.13	1.43875	70.16	95.0
5	-278.717	0.20		70.16	
6	86.058	7.57	1.59522	65.80	67.7
7	338.946	d7		65.80	
8	-820.899	4.99	1.90366	39.96	31.3
9	-59.351	1.20	1.81600	39.96	46.6
10	58.207	4.98		36.74
11	-125.863	1.33	1.59522	36.94	67.7
12	47.206	6.16	1.80518	36.94	25.5
13	-316.015	2.47		36.94
14	-63.999	1.10	1.83481	37.52	42.7
15	217.234	d15		37.52
16	182.634	5.83	1.80400	40.20	46.6
17	-66.021	0.20		40.20
18	-195.611	5.35	1.49700	39.77	81.6
19	-46.988	1.30	1.84666	39.77	23.8
20	-96.235	d20		39.77
21	-56.165	1.40	1.61340	37.36	44.3
22	-102.414	d22		37.36
23	AS	1.20		37.530
24	35.843	8.25	1.59522	38.38	67.7
25	-1114.899	2.65		38.38	
26	33.094	4.97	1.43875	33.06	95.0
27	101.917	1.75		33.06	
28	-407.374	1.30	1.78590	31.56	44.2
29	32.342	14.77		30.50	
30	84.103	5.95	1.59522	32.42	67.7
31	-84.103	11.77		32.42	
32	-29.143	1.30	1.81600	31.14	46.6
33	-108.062	0.20		31.78	
34	-341.779	3.47	1.90366	32.84	31.3
35	-67.612	Bf		32.84	
[figure]	
source	Data/US20160103303_Figure01P.png
originX	162.57
originY	105.68
ppmm	1.622
[notes]
Bill: Corrected patent Bf.
