[descriptive data]
title	US 2020/0371325 Example 2 (Panasonic Leica DG Vario-Summilux 10-25mm F1.7 Asph)
[constants]
Scaled	24.248	31.838
[variable distances]
Focal Length	10.299	13.252	15.799	24.248
Angle of View	92.800	undefined	68.788	48.074
F-Number(p)	2.200	2.200	2.200	2.200
F-Number	1.720	1.720	1.720	1.720
Image Height	21.630	21.630	21.630	21.630
Total Length	148.568	144.280	146.012	158.540
Magnification	0	0	0	0
d0	Infinity	Infinity	Infinity	Infinity
d2	0.600	5.844	11.125	25.172
d9	22.208	13.280	9.060	1.765
d12	13.028	8.679	6.059	1.513
d23	2.500	5.863	8.436	14.985
d26	3.136	3.517	4.237	8.008
Bf	15.118	15.118	15.118	15.118
Aperture Diameter	20.853	22.192	23.367	27.212
[lens data]
1	74.485	5.671	1.62299	62.04	58.12
2	182.449	d2		62.04	
3	84.950	2.300	1.83400	43.85	37.16
4	18.574	9.240		30.04	
5	266.747	2.000	1.58313	30.85	59.46
6	24.710	6.392		30.85	
7	-43.721	1.510	1.49700	26.63	81.61
8	41.487	4.564	2.00100	28.41	29.13
9	Infinity	d9		28.41	
10	96.641	1.310	1.48749	25.21	70.44
11	31.775	3.514	1.80100	25.21	34.97
12	99.857	d12		25.21
13	70.997	3.425	1.58313	26.35	59.46
14	-138.670	2.847		26.35
15	AS	4.028		20.853
16	-62.336	1.500	1.72047	28.05	34.71
17	56.325	7.721	1.48749	33.54	70.44
18	-42.692	0.150		33.54
19	55.657	8.965	1.49700	35.26	81.61
20	-39.856	0.150		35.26
21	45.732	1.601	1.80100	33.17	34.97
22	17.884	10.258	1.59282	29.14	68.62
23	-214.965	d23		29.14
24	243.210	0.930	1.76200	16.10	40.10
25	13.042	2.980	1.80518	16.10	25.46
26	20.579	d26		15.16	
27	22.801	8.944	1.49700	24.10	81.61
28	-22.801	0.579		24.10	
29	-73.336	1.400	1.80610	22.96	40.73
30	-1000.000	Bf		23.90	
[aspherical data]
5	266.747	0	1.4536E-05	-1.3985E-07	7.1463E-10	-2.3164E-12	3.0058E-15
6	24.710	0	1.8707E-07	-1.9396E-07	1.0319E-09	-4.2467E-12	6.9416E-15
13	70.997	0	-5.6667E-06	-9.4609E-09	1.3533E-11	-4.9342E-14	
14	-138.670	0	8.7069E-06	-2.5660E-09	1.3988E-11		
29	-73.336	0	-9.7171E-05	2.5178E-07	9.5741E-10	-9.8699E-12	
30	-1000.000	0	-7.5104E-05	3.3358E-07	3.4307E-10	-6.5824E-12	
[!figure]
source	Data/US20200371325_Figure02A.png
originX	19.39
originY	361.40
ppmm	6.482
[figure]
source	Data/US20200371325_Figure02PA.png
originX	31.60
originY	182.53
ppmm	3.817
[notes]
Bill: Required scaling and decreased F-Number. G3 and G4 diameters are larger than the patent but match production. Also introduced scenario#2
