[descriptive data]					
title	US 2020/0174231 Example 1 (Fujifilm Fujinon GF45mm F2.8 R WR)
[constants]
AsphericalOddCount	5					
[variable distances]					
Focal Length	44.690
Angle of View	67.8
F-Number	2.88
Image Height	58.00
Total Length	undefined
Magnification	0
d0	Infinity
Bf	0
[lens data]					
1	435.4060	1.50	1.56732	43.16	42.82
2	23.7968	6.08		33.72	
3	110.9875	1.30	1.48749	37.82	70.44
4	34.2201	2.50		33.64	
5	35.4026	4.38	1.83481	35.46	42.72
6	100.9749	6.80		35.46	
7	27.4819	6.75	1.65160	29.52	58.55
8	-99.9793	3.08		29.52	
9	-88.1673	8.15	1.49700	24.02	81.61
10	-15.7650	0.91	1.51742	24.02	52.43
11	-108.4250	4.74		26.38	
12	AS	9.30		15.535
13	-14.8471	0.90	1.69895	17.90	30.05
14	152.3200	6.01	1.49700	29.08	81.61
15	-25.0078	0.15		27.34	
16	117.4165	8.50	1.85400	37.34	40.38
17	-31.1846	1.89		37.34	
18	-49.9993	3.03	1.85026	36.86	32.27
19	-36.4290	1.41	1.58144	38.20	40.75
20	Infinity	25.00		40.42
21	CG	3.20	1.51680	55.34	64.20
22	CG	4.617		55.34	
[aspherical data]
16	117.4165	0	0	2.5111094E-06	-8.1916033E-07	3.0328098E-08	4.4686427E-09	-2.4426688E-10	-1.0799226E-11	6.5637730E-13	1.3638985E-14	-5.6762959E-16
17	-31.1846	0	0	1.0876283E-05	-1.3848879E-06	1.6586534E-07	-7.3663085E-09	-3.4202876E-10	5.5683892E-11	-1.3869137E-12	-7.6139587E-14	3.4342285E-15
[figure]
source	Data/US20200174231_Figure01P.png
originX	15.30
originY	141.94
ppmm	3.983
[notes]					
