[descriptive data]
title	US 2017/0374291 Example 1 (Canon EF24-105mm f4L IS II USM)
[constants]
[variable distances]
Focal Length	24.69	49.90	102.08
Angle of View	82.46	46.88	23.94
F-Number	4.12	4.12	4.12
Image Height	43.28	43.28	43.28
Total Length	159.97	173.88	197.86
Magnification	0	0	0
d0	Infinity	Infinity	Infinity
d5	2.53	18.62	35.63
d13	21.85	9.58	2.78
d22	2.01	7.41	11.28
d25	11.50	6.10	2.22
d31	38.55	48.63	62.40
Bf	0	0	0
Aperture Diameter	15.867	19.813	25.016
[lens data]
1	178.434	1.80	1.84666	63.44	23.9
2	68.215	7.84	1.72916	60.97	54.7
3	751.188	0.15		60.97
4	50.147	5.96	1.77250	55.66	49.6
5	104.481	d5		53.77
6	115.979	1.60	1.85135	33.35	40.1
7	14.222	7.07		22.38
8	-37.011	1.10	1.91082	22.38	35.3
9	69.605	0.15		24.57
10	40.887	4.50	1.89286	23.03	20.4
11	-40.887	0.89		23.03
12	-25.711	1.10	1.83481	21.16	42.7
13	-73.036	d13		23.03
14	FS	0.20		22.48	
15	45.063	4.20	1.59522	28.56	67.7
16	-180.813	3.15		28.56
17	AS	0.20		15.867
18	30.571	1.40	2.00069	28.02	25.5
19	16.729	9.80	1.63854	26.10	55.4
20	-315.502	0.20		26.10
21	47.174	4.90	1.58313	26.10	59.4
22	-62.428	d22		26.10
23	-44.409	3.65	1.84666	17.38	23.9
24	-16.518	1.00	1.76802	19.93	49.2
25	37.556	d25		19.93
26	46.372	1.30	1.83220	29.29	40.1
27	24.151	10.50	1.53775	29.29	74.7
28	-30.802	0.20		29.29
29	-123.196	7.60	1.48749	29.34	70.2
30	-19.698	1.60	2.00100	29.34	29.1
31	-38.489	d31		31.77
32	CG	1.20	1.51633	49.72	64.1
33	CG	0.69		49.72	
[aspherical data]
6	115.979	0	1.20558E-05	-6.28320E-08	2.64843E-10	-6.26254E-13	7.20141E-16
7	14.222	0	1.34983E-06	-1.01881E-07	5.74225E-10	-5.51879E-12	1.60555E-14
21	47.174	0	-8.16725E-06	7.80825E-09	2.82746E-11	6.09225E-14	2.43222E-16
25	37.556	0	-9.06418E-06	2.95444E-09	6.99562E-11	-3.74665E-13	
26	46.372	0	-2.62853E-06	1.20172E-08	-1.53772E-12	-7.72619E-15	
[figure]
source	Data/US20170374291_Figure01P.png
originX	37.53
originY	110.52
ppmm	2.522
[notes]
