[descriptive data]
title	US 2004/0042087 Example 3 (Olympus Zuiko Digital ED 50-200mm F2.8-3.5 SWD)
[constants]
[variable distances]
Focal Length	52.468	101.227	202.201
Angle of View	24.4	12.5	6.2
F-Number	2.800	2.932	3.629
Image Height	22.28	22.28	22.28
Total Length	undefined	undefined	undefined
Magnification	0	0	0
d0	Infinity	Infinity	Infinity
d6	12.641	56.311	75.231
d10	1.080	4.039	5.286
d17	25.398	16.644	1.000
d23	1.000	5.932	1.000
d32	30.910	34.733	55.298
Bf	0	0	0
Aperture Diameter	27.643	27.905	27.640
[lens data]
1	144.917	4.500	1.84666	64.04	23.78
2	106.988	0.500		64.04	
3	97.833	7.880	1.49700	61.84	81.54
4	-1064.379	0.100		61.84	
5	125.667	5.900	1.48749	60.60	70.23
6	227.310	d6		60.60	
7	54.408	2.880	1.84666	44.56	23.78
8	42.045	0.441		39.92	
9	45.198	7.583	1.51633	39.92	64.14
10	2046.151	d10		43.66	
11	-655.523	2.220	1.88300	25.58	40.76
12	33.090	3.303		23.76	
13	-67.278	2.000	1.48749	23.76	70.23
14	31.144	5.550	1.84666	27.28	23.78
15	-261.694	2.005		25.22	
16	-35.593	2.000	1.77250	25.22	49.60
17	-971.185	d17		29.10	
18	153.448	4.120	1.69680	32.46	55.53
19	-80.673	0.123		32.46	
20	343.299	2.660	1.80610	31.46	40.92
21	50.791	0.500		30.82	
22	54.806	6.500	1.49700	30.82	81.54
23	-54.806	d23		30.82	
24	AS	1.290		27.643
25	34.940	6.320	1.49700	30.38	81.54
26	-179.799	0.928		28.44	
27	-68.958	2.620	1.64769	28.46	33.79
28	121.068	28.111		30.36	
29	141.931	5.010	1.65160	30.60	58.55
30	-49.033	11.765		30.60	
31	-28.987	1.880	1.83481	25.12	42.72
32	-53.512	d32		30.36	
33	CG	4.000	1.51633	25.32	64.14
34	CG	1.000		25.32	
[figure]
source	Data/US20040042087_Figure03P.png
originX	11.49
originY	73.43
ppmm	1.574
[notes]
