[descriptive data]
title	US 2015/0241657 Example 1 (Ricoh smc Pentax-Q 06 Telephoto Zoom 15-45mm F2.8)
[constants]
[variable distances]
Focal Length	15.50	21.49	44.04
Angle of View	35.2	25.0	12.0
F-Number	2.90	2.90	2.90
Image Height	9.40	9.40	9.40
Total Length	75.58	75.57	75.55
Magnification	0	0	0
d0	Infinity	Infinity	Infinity
d5	1.65	9.04	18.89
d12	9.67	8.00	1.69
d16	10.48	4.76	1.22
Bf	0	0	0
[lens data]
1	45.554	1.20	1.80810	27.16	22.8
2	31.451	4.30	1.49700	27.16	81.6
3	-2061.947	4.80		27.16	
4	31.427	3.30	1.48749	22.54	70.2
5	390.000	d5		22.54	
6	-273.977	1.00	1.72916	10.32	54.7
7	25.016	1.00		10.32	
8	-24.825	1.00	1.72916	9.40	54.7
9	14.042	1.00		8.92	
10	13.805	2.30	1.84666	8.92	23.8
11	106.188	1.00	1.77250	8.92	49.6
12	20.854	d12		8.92	
13	AS	0.90		7.874
14	60.940	2.60	1.69680	8.81	55.5
15	-10.246	1.00	1.85026	8.81	32.3
16	-23.254	d16		8.81
17	19.427	2.20	1.69680	8.82	55.5
18	85.000	0.30		8.82	
19	9.058	3.00	1.49700	8.20	81.6
20	74.966	1.00	1.72342	8.20	38.0
21	8.918	5.20		8.20	
22	20.735	2.30	1.60300	9.00	65.5
23	-31.228	2.50		9.00	
24	-9.860	1.00	1.56732	9.00	42.8
25	-16.841	9.28		9.18	
26	CG	1.05	1.51633	9.40	64.1
27	CG	0.56		9.40	
[figure]	
source	Data/US20150241657_Figure01P.png
originX	14.52
originY	88.46
ppmm	3.541
[notes]
