[descriptive data]
title	US 2020/0073096 Example 3 (Fujifilm Fujinon XF16mm F2.8 R WR)
[constants]
[variable distances]
Focal Length	16.48	undefined
Angle of View	89.2	undefined
F-Number	2.88	undefined
Image Height	28.4	28.4
Total Length	undefined	undefined
Magnification	0	-0.01730
S	Infinity	1000
d0	Infinity	939.41
d15	3.34	3.10
d17	4.27	4.51
Bf	14.08	14.08
[lens data]
1	33.356	1.00	1.53996	26.14	59.73
2	17.010	5.00		21.90	
3	29.980	1.25	1.51633	18.36	64.06
4	9.975	5.70		14.18	
5	17.372	1.66	1.72916	12.00	54.68
6	48.583	4.86		12.00	
7	AS	2.39		8.350
8	27.246	2.56	2.00069	11.16	25.46
9	-14.909	0.64	1.72047	11.16	34.71
10	33.642	0.83		10.15
11	-25.261	1.69	1.58313	10.15	59.38
12	-11.860	0.20		11.54	
13	-12.204	0.85	1.84666	10.70	23.78
14	21.022	4.72	1.72916	14.96	54.68
15	-14.562	d15		14.96	
16	174.900	3.16	1.83481	20.44	42.74
17	-35.411	d17		20.44	
18	-22.728	1.32	1.85478	20.74	24.80
19	-42.023	11.10		23.26	
20	CG	2.85	1.51633	27.94	64.14
21	CG	1.10		27.94	
[aspherical data]
3	29.980	0	2.0475055E-04	-2.8858581E-06	2.6924719E-08	-1.1080869E-10
4	9.975	0	2.2955992E-04	-2.8272217E-06	2.6938117E-08	-1.4157104E-10
11	-25.261	0	1.9239198E-05	3.6727167E-07	1.5572212E-07	-1.0598583E-09
12	-11.860	0	1.4097228E-04	5.1002854E-07	1.3065139E-07	-2.3152786E-10
[figure]
source	Data/US20200073096_Figure03P.png
originX	8.00
originY	165.90
ppmm	7.281
[notes]
Bill: d0 computed and Magnification measured then d0 adjusted.
