[descriptive data]
title	US 2014/0247506 Example 1 (Fujifilm Fujinon XF60mm F2.4 R Macro)
[metadata]
[constants]
AsphericalOddCount	4
[variable distances]
Focal Length	61.06	undefined	undefined
Angle of View	25.4	20.4	15.4
F-Number	2.48	3.10	4.03
Image Height	28.40	28.40	28.40
Total Length	undefined	undefined	undefined
Magnification	0	-0.2	-0.5
d0	Infinity	363.04	179.86
d13	1.80	10.57	23.73
Bf	0	0	0
[lens data]
1	51.9744	3.17	1.48749	27.48	70.2
2	Infinity	0.10		27.48	
3	28.9998	3.80	1.58913	26.08	61.1
4	52.7228	0.10		23.70	
5	18.5122	5.50	1.72916	22.44	54.7
6	57.1350	1.16	1.66680	20.82	31.1
7	12.7943	4.20		17.12	
8	AS	2.60		15.527	
9	-317.3207	1.01	1.51742	18.38	48.8
10	17.1800	2.80	1.49700	15.86	81.5
11	52.4398	2.54		15.86	
12	34.5881	2.60	1.80348	16.42	40.4
13	106.5522	d13		16.42	
14	Infinity	1.80	1.72916	20.62	54.7
15	22.4660	3.55		18.52	
16	28.6691	2.82	1.51823	23.98	58.9
17	77.4943	1.81		23.98	
18	236.5466	3.00	1.80400	25.02	46.6
19	-56.9828	17.46		25.02	
20	CG	2.85	1.51680	41.00	64.2
21	CG	1.00		41.00	
[aspherical data]
12	34.5881	-30.54014	-1.886310E-04	2.861281E-04	-7.198710E-05	1.134194E-05	-2.726246E-07	-1.992572E-07	2.806654E-08	-1.181930E-09
13	106.5522	60.10862	-1.680437E-04	1.554805E-04	-5.548409E-05	1.067906E-05	-1.051099E-06	4.143267E-08	3.478004E-10	-4.029777E-11
[figure]
source	Data/US20140247506_Figure01AP.png
originX	3.47
originY	157.52
ppmm	6.403
[notes]
Bill: d0 Computed. Adjusted d19 18.46 -> 17.46
