[descriptive data]
title	US 2020/0166735 Example 11 (Fujifilm Fujinon XF16-80mm F4 R OIS WR)
[constants]
AsphericalOddCount	4
[variable distances]
Focal Length	16.497	36.533	77.751
Angle of View	87.2	40.4	19.8
F-Number	4.12	4.12	4.13
Image Height	28.40	28.40	28.40
Total Length	undefined	undefined	undefined
Magnification	0	0	0
d0	Infinity	Infinity	Infinity
d5	0.800	16.301	36.160
d13	20.010	6.315	0.948
d21	2.400	3.974	2.502
d24	4.010	15.227	30.211
Bf	0	0	0
Aperture Diameter	9.782	12.815	15.899
[lens data]
1	128.24623	1.500	1.84666	51.54	23.78
2	66.35400	5.420	1.72916	49.80	54.67
3	370.23098	0.150		49.80	
4	60.85319	4.910	1.69680	47.82	55.53
5	218.25042	d5		47.82	
6	294.10562	2.000	1.80780	31.12	40.89
7	13.29231	8.380		21.06	
8	-17.12196	0.700	1.61800	21.06	63.39
9	-108.18599	0.150		23.36	
10	89.95607	3.620	1.92287	22.60	20.88
11	-33.23372	1.450		22.60	
12	-19.01017	0.700	1.84667	20.90	23.79
13	-27.63008	d13		21.62	
14	AS	1.100		9.782
15	16.62717	4.510	1.68893	20.08	31.16
16	-416.39974	1.640		20.08	
17	50.66171	0.700	1.84667	19.76	23.79
18	10.88100	3.750	1.61800	17.58	63.39
19	19.23257	1.600		17.58	
20	16.53927	5.890	1.49710	19.22	81.56
21	-20.80043	d21		19.22	
22	87.20800	2.000	1.85896	15.22	22.73
23	-87.20800	0.610	1.80440	14.68	39.59
24	20.15648	d24		14.68	
25	398.56925	3.300	1.51680	25.18	64.20
26	-46.61600	1.200	1.69350	25.18	53.35
27	Infinity	0.511		26.74
28	-83.44813	3.690	1.58313	26.02	59.46
29	-29.56019	14.614		27.02	
30	CG	2.850	1.51680	28.44	64.20
31	CG	1.000		28.44	
[aspherical data]
6	294.10562	0	0	-2.8490089E-05	3.4001978E-06	8.6025369E-08	-1.5881372E-08	4.6954316E-11	2.5563829E-11	-2.8828379E-13
7	13.29231	0	0	-7.0282771E-05	5.3460017E-06	-3.5251621E-08	-6.1941991E-08	6.3478737E-09	4.1329015E-11	-2.5970681E-11
15	16.62717	0	0	-2.6026370E-05	8.9327675E-06	-2.0288251E-06	1.4984851E-07	8.9124018E-09	-1.6175571E-09	3.8219433E-11
16	-416.39974	0	0	-5.2519720E-06	1.1905465E-05	-2.8991687E-06	2.5206330E-07	1.1490979E-08	-3.0037271E-09	1.0930036E-10
20	16.53927	0	0	-5.1646523E-05	-1.3212713E-05	9.0512974E-06	-2.6426652E-06	3.9970349E-07	-3.0895564E-08	9.5538736E-10
21	-20.80043	0	0	3.0888509E-05	-1.1362506E-05	7.4686715E-06	-2.0164295E-06	2.7982876E-07	-1.9958501E-08	5.7836273E-10
28	-83.44813	0	0	2.2349857E-05	5.5598856E-06	-8.5821407E-07	1.4544149E-08	3.8678891E-09	-1.9921474E-10	-3.5162202E-14
29	-29.56019	0	0	4.5879069E-05	-1.7722904E-06	2.7031166E-07	-3.9980318E-08	4.4104943E-10	2.3673571E-10	-1.1877867E-11
[figure]
source	Data/US20200166735_Figure11WP.png
originX	44.89
originY	341.51
ppmm	8.750
[notes]
