[descriptive data]
title	US 2015/0103211 Example 1 (Leica DC Vario-Elmarit 4.5-108mm F2.8 (Panasonic FZ300))
[constants]
[variable distances]
Focal Length	4.6399	21.8698	103.0950
Angle of View	81.5814	20.8692	4.4730
F-Number	2.90063	2.90020	2.90012
Total Length	89.3284	96.5798	125.0498
Image Height	6.8200	7.8040	7.8040
Magnification	0	0	0
d0	Infinity	Infinity	Infinity
d6	0.5000	22.7670	51.7865
d14	32.7666	5.2446	0.5000
d23	1.5008	14.2646	6.7433
d25	4.7802	5.2935	18.1364
d27	2.6840	1.9034	0.8074
Bf	0.86417	0.87415	0.84363
P	20.8000	65.3027	331.5043
P'	-25.7393	-33.0473	-57.2754
H	24.6307	73.0726	251.7233
H'(p)	84.6884	74.7100	21.9548
H'	-3.7758	-20.9957	-102.2514
Aperture Diameter	6.397	9.115	11.536
[lens data]
1	80.3864	1.4000	1.84666	41.20	23.8
2	53.0873	0.0100	1.56732	40.52	42.8
3	53.0873	5.9157	1.49700	40.52	81.6
4	-427.7536	0.1500		40.52	
5	47.3115	3.5449	1.59282	39.33	68.6
6	127.1777	d6		39.33	
7	1000.0000	0.7000	1.88202	20.27	37.2
8	12.3851	4.5810		15.98
9	-28.3905	0.5500	1.77250	15.25	49.6
10	12.3607	0.0100	1.56732	14.85	42.8
11	12.3607	3.6797	1.92286	14.85	20.9
12	-51.9617	1.2698		14.85	
13	-17.7500	0.5500	1.84666	14.27	23.8
14	-36.3481	d14		14.27	
15	AS	1.0000		6.397
16	14.0910	2.6306	1.58332	14.08	59.1
17	73.1970	2.4431		14.08	
18	14.3186	4.2000	1.48749	13.77	70.4
19	-14.3186	0.0100	1.56732	13.68	42.8
20	-14.3186	0.8000	1.64769	13.68	33.8
21	14.3186	2.0317		12.80	
22	14.0569	3.8069	1.51776	13.57	69.9
23	-20.2282	d23		13.57	
24	90.8839	0.9956	1.49700	11.09	81.6
25	14.5013	d25		11.09	
26	10.7551	3.3000	1.51776	11.72	69.9
27	-15.5641	d27		11.72	
28	-11.5520	0.8736	1.54410	10.48	56.1
29	20.7491	1.0000		10.48	
30	CG	0.7800	1.51680	9.85	64.2
31	CG	Bf		9.85	
[aspherical data]
7	1000.0000	0	5.35704E-05	4.65344E-07	-7.25267E-09	2.22110E-11	8.30852E-15	
8	12.3851	0	5.50272E-05	3.09902E-07	3.07019E-08	-2.86257E-10	-4.52816E-13	
16	14.0910	0	3.48800E-06	-1.42689E-06	1.35938E-07	-3.63061E-09	4.20870E-11	-1.53813E-16
17	73.1970	0	2.92293E-05	-2.39842E-06	2.21752E-07	-6.29904E-09	7.24108E-11	-5.87135E-16
22	14.0569	0	-1.48035E-04	-4.24178E-07	5.45212E-08	-1.39274E-09		
23	-20.2282	0	2.14264E-05	-4.49634E-07	4.61173E-08	-1.19672E-09		
26	10.7551	0	-1.62288E-04	6.30224E-06	-2.17877E-07	4.94955E-10		
27	-15.5641	0	2.37250E-04	7.41232E-06	-4.10461E-07	4.09234E-09		
28	-11.5520	0	1.55938E-03	-4.44918E-05	1.30805E-06	-1.79649E-08		
[figure]
source	Data/US20150103211_Figure01aP.png
originX	47.03
originY	265.83
ppmm	9.267
[notes]
