[descriptive data]
title	US 2013/0155294 Example 1 (Sony DT 18-135mm F3.5-5.6 SAM)
[constants]
[variable distances]
Focal Length	18.56	50.01	130.89
Angle of View	78.1	30.9	12.2
F-Number	3.61	4.43	5.79
Image Height	28.40	28.40	28.40
Magnification	0	0	0
d0	Infinity	Infinity	Infinity
d5	2.02	24.48	42.45
d14	21.83	9.26	1.40
d20	8.00	3.15	1.00
Bf(p)	undefined	undefined	undefined
Bf	38.53	59.39	83.60
Aperture Diameter	12.989	14.405	14.581
[lens data]
1	133.241	1.30	1.84666	55.88	23.78
2	61.395	6.94	1.72916	53.82	54.67
3	732.741	0.10		53.82	
4	63.071	4.00	1.77250	44.40	49.62
5	175.580	d5		44.40	
6	98.407	0.15	1.53420	28.02	41.73
7	60.000	0.90	1.83481	28.02	42.72
8	14.443	6.07		20.37
9	-29.082	0.90	1.77250	20.37	49.62
10	51.963	0.25		20.92	
11	35.964	4.74	1.84666	20.38	23.78
12	-35.964	1.73		20.38	
13	-19.265	0.90	1.77250	18.60	49.62
14	-52.037	d14		18.60	
15	AS	1.00		12.989
16	28.265	1.30	1.83481	17.78	42.72
17	18.569	4.77	1.56384	17.78	60.83
18	-53.766	1.02		17.78	
19	-23.678	0.90	1.83481	17.64	42.72
20	-39.467	d20		18.46	
21	20.064	7.00	1.49700	20.24	81.61
22	-38.092	1.30		20.24	
23	43.493	0.15	1.53420	20.26	41.73
24	68.034	0.90	1.83400	20.26	37.34
25	22.160	4.12		18.64	
26	104.165	1.72	1.51742	21.92	52.15
27	21.556	6.00	1.48749	21.92	70.44
28	-68.385	Bf		21.92	
[aspherical data]
6	98.407	1	1.728E-05	-1.468E-08	-4.855E-11	7.204E-13
23	43.493	-3.15	-4.010E-05	-8.455E-08	-8.174E-10	5.619E-12	-2.246E-14	
[figure]
source	Data/US20130155294_Figure01AP.png
originX	18.56
originY	69.51
ppmm	1.671
[notes]			
