[descriptive data]
title	US 2010/0220400 Example 1 (Nikon AF-S Nikkor 24-120mm f/4G ED VR)
[constants]
[variable distances]
Focal Length	24.70	45.75	116.39	undefined	undefined	undefined
Angle of View	85.24	48.96	20.28	undefined	undefined	undefined
F-Number	4.12	4.13	4.14	undefined	undefined	undefined
NA	undefined	undefined	undefined	0.12	0.12	0.12
Image Height	43.2	43.2	43.2	43.2	43.2	43.2
Total Length	146.351	158.339	190.957	undefined	undefined	undefined
Magnification	0	0	0	-0.03333	-0.03333	-0.03333
d0	Infinity	Infinity	Infinity	693.69	1286.93	3210.25
d5	2.899	17.248	44.501	2.077	16.566	43.557
d13	24.017	11.369	1.199	24.840	12.051	2.143
d21	1.779	5.564	8.842	1.799	5.564	8.842
d26	8.342	4.578	1.300	8.342	4.578	1.300
Bf(p)	38.496	48.783	64.317	undefined	undefined	undefined
Bf	38.496	48.783	64.317	38.38	48.73	64.24
Aperture Diameter	14.387	17.660	22.831	14.387	17.660	22.831
[lens data]
1	207.8010	2.000	1.846660	61.14	23.77
2	84.2787	7.595	1.593189	59.10	67.87
3	-1502.5800	0.100		59.10	
4	57.9483	5.600	1.755000	55.26	52.29
5	142.1986	d5		55.26	
6	1030.3484	1.200	1.816000	31.44	46.63
7	15.8302	8.018		23.73
8	-31.9349	1.000	1.795000	23.73	45.30
9	-78.0281	0.100		23.73
10	60.0996	4.200	1.846660	23.00	23.77
11	-33.4080	0.537		21.98	
12	-28.4260	1.000	1.806100	21.98	40.94
13	1638.3373	d13		21.98	
14	51.6280	2.600	1.755000	23.26	52.29
15	-725.4606	1.400		23.26	
16	AS	0.500		14.387
17	30.6214	3.000	1.846660	23.50	23.77
18	17.0593	6.600	1.487490	22.74	70.45
19	-88.0490	0.100		22.74	
20	42.1543	3.400	1.593189	22.48	67.87
21	-433.2258	d21		22.48	
22	-54.3056	3.500	1.850260	18.14	32.35
23	-17.0745	1.000	1.755000	18.14	52.29
24	85.6576	3.000		18.14	
25	-54.2304	1.000	1.713000	20.70	53.89
26	-943.5177	d26		20.70	
27	88.1343	5.734	1.589130	26.32	61.18
28	-24.2775	0.100		26.32	
29	-207.7437	6.509	1.487490	26.32	70.45
30	-19.8055	1.000	1.850260	28.12	32.35
31	-73.8800	Bf		28.12	
[aspherical data]
6	1030.3484	0	1.3187E-05	-3.1049E-08	4.7444E-11	-3.4386E-14
13	1638.3373	0	-9.2669E-07	-2.1215E-08	8.5264E-12	-8.7463E-14
27	88.1343	-31	-7.1222E-06	-3.5524E-09	4.1974E-11	-1.1273E-13
[figure]
source	Data/US20100220400_Figure01P.png
originX	31
originY	330
ppmm	7.387
[notes]
