[descriptive data]
title	US 2011/0273780 Example 1 (Sony E 18-55 mm F3.5-5.6 OSS)
[constants]
[variable distances]
Focal Length	18.49	27.38	53.51
Angle of View	77.72	54.04	29.42
F-Number	3.74	4.15	5.62
Image Height	28.4	28.4	28.4
Total Length	undefined	undefined	undefined
Magnification	0	0	0
d0	Infinity	Infinity	Infinity
d3	1.108	6.032	13.437
d9	12.384	6.481	1.600
d17	5.510	6.071	2.887
d19	6.841	6.280	9.465
Bf	15.537	19.989	40.350
Aperture Diameter	9.942	10.059	10.060
[lens data]
1	31.253	1.478	1.846660	35.90	23.78
2	25.183	5.771	1.729160	34.30	54.66
3	151.048	d3		34.30	
4	54.338	1.000	1.910823	24.24	35.25
5	9.548	5.665		16.14
6	-31.233	1.100	1.851348	16.14	40.10
7	32.568	0.400		14.58	
8	22.165	2.835	1.922860	17.46	20.88
9	-136.224	d9		17.46	
10	23.250	1.695	1.618000	11.52	63.39
11	949.971	2.000		11.52	
12	AS	2.181		9.942
13	18.811	3.365	1.487490	11.86	70.45
14	-15.181	1.000	1.805181	11.86	25.46
15	-48.635	1.736		11.86	
16	-36.032	2.222	1.729030	12.20	54.04
17	-14.698	d17		12.84	
18	237.858	1.000	1.851348	14.02	40.10
19	16.414	d19		11.94	
20	31.209	3.060	1.581440	23.26	40.89
21	Infinity	Bf		23.26	
[aspherical data]
6	-31.233	0	-7.49645E-06	-7.70344E-08	6.67223E-10	-1.38051E-11
16	-36.032	0	-1.24878E-04	1.87829E-07	-1.51018E-09	-1.96142E-11
18	237.858	0	-5.85209E-06	-8.97199E-07	1.91120E-08	-1.26629E-10
19	16.414	0	-3.28062E-05	-6.60272E-07	1.86921E-08	-1.24801E-10
[figure]
source	Data/US20110273780_Figure01P.png
originX	14.51
originY	78.43
ppmm	2.118
[notes]
Bill: Bf values out of order; repaired.
