[descriptive data]
title	US 2022/0276464 Example 7 (Fujifilm Fujinon XF23mm F1.4 R LM WR)
[constants]
AsphericalOddCount	6
[variable distances]
Focal Length	23.62	undefined
Angle of View	67.6	65.8
F-Number	1.44	1.63
Image Height	28.90	28.90
Magnification	0	-0.20445
d0(p)	Infinity	100
d0	Infinity	100.57
d12	7.1000	2.3603
d22	1.7500	6.4897
Bf	0	0
[lens data]
1	-887.4776	1.05	1.53996	33.24	59.73
2	41.1494	6.07		28.96	
3	-41.1494	2.90	1.88300	29.30	40.80
4	-29.0764	1.21	1.80809	29.30	22.76
5	59.9485	2.43		27.64	
6	383.4806	5.21	1.88300	29.22	40.80
7	-30.6142	1.24	1.59270	29.22	35.31
8	30.6142	5.28	1.88300	29.22	40.80
9	-205.8923	1.92		29.22	
10	57.3331	3.08	1.95906	27.74	17.47
11	-548.6944	4.53		27.74	
12	AS	d12		24.082
13	20.3442	5.70	1.59282	23.10	68.62
14	-62.1811	1.01	1.53172	23.10	48.85
15	19.7263	4.9315		18.82	
16	-18.5053	0.90	1.71736	18.82	29.51
17	41.4180	2.78	1.69680	20.84	55.53
18	-131.9641	0.20		20.84	
19	26.3178	6.64	1.59282	23.86	68.62
20	-26.3178	1.21		23.86	
21	-47.8136	2.75	1.80610	24.30	40.73
22	-29.8762	d22		24.30	
23	41.9378	3.47	1.59282	25.60	68.62
24	-182.0569	0.1705		24.20	
25	-96.5919	1.60	1.68863	24.20	31.20
26	39.8918	12.4725		24.20	
27	CG	2.8500	1.51680	29.80	64.20
28	CG	0.2112		29.80	
[aspherical data]
21	-47.8136	0	0	-2.5889736E-05	-1.2982469E-05	3.9674529E-06	-3.3303227E-07	-3.6339144E-08	8.3507781E-09	-8.8865392E-11	-6.1824538E-11	2.4978937E-12	1.5432811E-13	-8.6065364E-15
22	-29.8762	0	0	3.8776676E-05	-2.5112083E-05	6.3074834E-06	-3.8211736E-07	-7.3012005E-08	1.1737062E-08	5.8414358E-11	-9.0385482E-11	2.8952969E-12	2.2843368E-13	-1.1340132E-14
25	-96.5919	0	0	7.2364942E-06	5.0239052E-06	-2.1832431E-07	-2.7355498E-07	3.9540483E-08	1.0727165E-09	-4.4759311E-10	1.2086165E-11	1.4154146E-12	-6.6987628E-14	1.6259149E-17
26	39.8918	0	0	-2.7396067E-05	3.6746936E-05	-1.0191898E-05	1.1281121E-06	-5.4977919E-09	-1.0847982E-08	1.0246797E-09	-1.8775158E-11	-3.3599052E-12	2.7496660E-13	-6.8934430E-15
[figure]
source	Data/US20220276464_Figure14P.png
originX	19.52
originY	138.53
ppmm	3.968
[notes]
Bill: Measured d0 and Magnification.
