[descriptive data]
title	US 2012/0013996 Example 1 (Canon EF8-15mm f4L Fisheye USM)
[constants]
[variable distances]
Focal Length	8.05	11.85	15.14
Angle of View	175	175	175
Angle of View(m)	174.01	175.06	175.02
F-Number	4.12	4.12	4.12
Image Height	22.30	33.54	43.28
Total Length	129.57	127.26	129.98
Magnification	0	0	0
d0	Infinity	Infinity	Infinity
d10	20.89	9.25	3.89
d27	40.25	49.58	57.66
Bf	40.25	49.58	57.66
Aperture Diameter(p)	undefined	undefined	10.95
Aperture Diameter	8.599	9.874	10.937
[lens data]
1	59.840	2.50	1.80400	61.87	46.6
2	17.282	14.64		34.15	
3	129.723	1.61	1.59282	32.59	68.6
4	21.610	6.44		27.39	
5	-86.935	1.36	1.59282	27.10	68.6
6	31.102	0.15		25.84	
7	22.525	7.45	1.80518	26.07	25.4
8	-110.226	5.82		24.72	
9	-31.089	1.20	1.85135	17.80	40.1
10	-844.340	d10		17.08	
11	FS	1.46		10.26	
12	43.413	1.62	1.88300	10.87	40.8
13	-94.260	1.85		10.94	
14	AS	1.70		8.599
15	-19.292	0.75	1.88300	10.96	40.8
16	32.493	3.22	1.51823	11.53	58.9
17	-20.261	0.20		12.31	
18	194.716	4.25	1.48749	12.74	70.2
19	-12.377	0.80	1.88300	13.21	40.8
20	-27.182	0.20		13.96	
21	712.893	3.28	1.59270	14.77	35.3
22	-21.620	0.35		15.87	
23	-60941.798	0.93	1.83400	16.91	37.2
24	28.231	4.77	1.49700	17.60	81.5
25	-34.279	0.20		18.70	
26	-80910.795	1.68	1.48749	19.49	70.2
27	-87.072	Bf		19.87	
[aspherical data]
9	-31.089	0	-6.64162E-06	2.58871E-08	-8.99837E-10	1.12233E-11	-5.07106E-14
[figure]
source	Data/US20120013996_Figure01wP.png
originX	57.56
originY	119.49
ppmm	2.115
[notes]
Bill: Patent supplies diameters including tele aperture. Adjusted 10.95 -> 10.937