[descriptive data]
title	US 2017/0090170 Example 1 (Fujifilm Fujinon XF100-400mm F4.5-5.6 R LM OIS WR)
[constants]
[variable distances]
Focal Length	102.873	178.159	387.872
Angle of View	15.6	9.0	4.2
F-Number	4.62	4.79	5.78
Image Height	28.60	28.60	28.60
Total Length	undefined	undefined	undefined
Magnification	0	0	0
d0	Infinity	Infinity	Infinity
d5	47.912	84.375	109.566
d13	28.893	19.144	1.765
d22	11.359	7.991	24.280
d29	7.202	7.574	2.343
d34	5.165	17.208	27.898
d36	36.048	28.853	29.788
Bf	0	0	0	0
[lens data]
1	269.482	2.22	1.83481	77.66	42.72
2	107.650	8.45	1.49700	72.04	81.54
3	-666.673	0.15		72.04	
4	96.624	7.95	1.43875	69.64	94.66
5	Infinity	d5		69.64	
6	-208.692	3.69	1.60562	30.40	43.71
7	-38.623	1.00	1.75500	30.40	52.32
8	-78.917	2.30		30.40	
9	-167.213	1.01	1.59522	28.34	67.73
10	25.005	3.09	1.78470	28.34	26.29
11	44.828	2.87		24.72
12	-69.055	1.00	1.81600	24.72	46.62
13	193.371	d13		28.34	
14	71.432	5.72	1.58913	29.52	61.13
15	-44.452	0.15		29.52	
16	39.587	6.53	1.49700	28.32	81.54
17	-33.114	1.00	1.90043	28.32	37.37
18	139.346	0.18		28.32	
19	28.837	6.70	1.58267	25.94	46.42
20	-28.837	1.00	1.51742	25.94	52.43
21	21.276	2.78		19.26
22	AS	d22		18.178
23	49.781	4.67	1.49700	20.30	81.54
24	-56.442	0.33		20.30	
25	-40.487	1.00	1.83481	20.30	42.72
26	-448.896	0.17		20.30	
27	40.523	1.01	1.69700	20.30	48.52
28	20.750	4.30	1.51742	20.30	52.43
29	-43.730	d29		20.30	
30	92.447	1.00	1.61800	19.86	63.33
31	16.394	2.63		17.79
32	Infinity	1.01	1.49700	19.86	81.54
33	14.909	4.45	1.69350	19.86	53.20
34	53.220	d34		19.86	
35	-249.666	2.91	1.54072	26.48	47.23
36	-49.770	d36		26.48	
37	CG	2.15	1.54763	29.54	54.99
38	CG	0.70	1.49784	29.54	54.95
39	CG	1.00		29.54	
[figure]
source	Data/US20170090170_Figure01WP.png
originX	95.49
originY	154.48
ppmm	1.975
[notes]
Bill: No Image Height.
