[descriptive data]
title	WO 2019/116563 Example 3 (Nikon AF-S Nikkor 105mm f/1.4E ED)
[constants]
[variable distances]
Focal Length	102.148	undefined
Angle of View	23.842	undefined
F-Number	1.45	undefined
Image Height	43.26	43.26
Total Length	150.819	undefined
Magnification	0	-0.132
d0	Infinity	849.21
d7	7.956	19.956
d10	17.029	5.029
Bf	39.632	39.632
Aperture Diameter	34.204	34.204
[lens data]
1	228.1479	4.915	1.59349	76.74	67.00
2	6415.6205	0.100		76.74
3	98.0319	9.004	1.49700	71.10	81.61
4	-860.7055	0.100		71.10	
5	70.0561	11.648	1.49700	63.36	81.61
6	-266.9895	3.500	1.72047	64.33	34.71
7	168.2377	d7		57.18
8	-156.9444	4.000	1.65940	54.76	26.87
9	-74.8277	2.500	1.51680	54.76	63.88
10	48.8369	d10		50.62	
11	59.4115	7.084	2.00100	48.93	29.13
12	-9603.9985	0.100		48.93
13	101.9988	8.889	1.69680	45.50	55.52
14	-54.3899	1.800	1.71736	45.50	29.57
15	28.0230	6.087		34.32	
16	AS	1.356		34.204
17	118.5500	5.540	1.49700	34.54	81.61
18	-59.9736	0.100		34.54
19	-74.1390	1.600	1.72047	36.04	34.71
20	23.5612	8.119	1.76684	33.02	46.78
21	-400.5055	2.828		30.577
22	-39.0201	1.600	1.58184	30.577	40.98
23	124.0696	5.332	2.00100	32.53	29.13
24	-52.6359	Bf		32.53
[figure]
source	Data/WO2019-116563_Figure05P.png
originX	109.52
originY	194.17
ppmm	4.007
[notes]
Bill: Computed CLD d0. Moved AS 0.244mm to the right.
15	28.0230	5.843		36.12	
16	AS	1.600		34.257
