[descriptive data]
title	WO 2020/012638 Example 8 (Nikon Nikkor Z DX 16-50mm f/3.5-6.3 VR)
[constants]
[variable distances]
Focal Length	16.46	35.04	48.50
Angle of View	84.69	42.54	31.81
F-Number	3.56	5.35	6.36
Image Height	28.40	28.40	28.40
Total Length	71.75	66.94	71.27
Magnification	0	0	0
d0	Infinity	Infinity	Infinity
d5	23.92	6.40	2.00
d14	5.34	10.17	13.02
d16	3.66	11.54	16.92
Bf	10.05	10.05	10.05
Aperture Diameter	9.490	9.797	10.400
[lens data]
1	164.2409	1.20	1.834810	26.36	42.73
2	13.2012	0.12	1.560930	22.00	36.64
3	11.5762	4.97		22.00
4	19.9548	2.43	1.922860	22.42	20.88
5	34.9021	d5		22.42	
6	14.5813	0.90	1.834410	12.60	37.28
7	9.2500	3.36	1.755000	12.08	52.34
8	52.3705	1.60		12.08	
9	AS	2.00		9.490
10	11.1735	0.70	1.953750	11.28	32.33
11	7.6414	4.00	1.497000	10.76	81.61
12	-45.2316	1.40		10.76	
13	19.2894	0.90	1.795256	9.58	45.25
14	11.9890	d14		9.58	
15	-29.6878	1.00	1.801390	13.64	45.46
16	56.3004	d16		14.04	
17	-345.3773	4.20	1.953750	29.50	32.33
18	-32.7802	Bf		29.50	
[aspherical data]
3	11.5762	-1	3.80785E-05	3.24996E-08	-7.75872E-11	-1.57872E-12
6	14.5813	0	-1.40463E-05	-4.76006E-08	2.18077E-10	-1.70904E-11
13	19.2894	0	-8.28392E-05	-8.50079E-07	1.22452E-08	-3.42932E-11
15	-29.6878	0	-1.28382E-04	4.23515E-06	-9.86336E-08	1.12907E-09
16	56.3004	0	-8.33049E-05	3.48272E-06	-6.94588E-08	6.14665E-10
[figure]
source	Data/WO2020-012638_Figure15P.png
originX	57
originY	433
ppmm	11.916
[notes]
