[descriptive data]
title	WO 2022/259649 Example 5 (Nikon Nikkor Z 24-120mm f/4 S)
[constants]
[variable distances]
Focal Length	24.70	116.50
Angle of View	86.76	19.94
F-Number	4.00	4.12
Image Height	43.2	43.2
Magnification	0	0
d0	Infinity	Infinity
d3	1.525	46.708
d11	24.145	2.370
d16	9.007	1.400
d21	6.277	18.040
d25	2.000	5.177
d27	9.107	1.773
Bf	13.555	45.147
Aperture Diameter	12.587	23.867
[lens data]
1	61.204	1.800	1.903660	56.53	31.27
2	43.500	9.290	1.618000	50.84	
3	599.325	d3		50.84	
4	8892.243	1.400	1.775030	39.76	47.31
5	21.486	7.770		29.88
6	-67.187	1.500	1.834000	29.00	37.18
7	139.906	0.230		29.00	
8	60.170	4.730	1.854510	27.50	25.15
9	-60.170	1.960		27.50	
10	-27.165	1.100	1.497820	25.72	82.57
11	-128.171	d11		28.03
12	AS	0.880		12.587
13	34.508	3.660	1.593060	27.36	66.97
14	131.359	0.200		27.36	
15	51.576	2.030	1.618000	28.10	63.34
16	76.388	d16		28.10
17	33.398	5.600	1.497820	27.96	82.57
18	-112.939	1.450		27.96	
19	51.317	1.100	1.900430	27.16	37.38
20	17.933	6.550	1.497820	24.62	82.57
21	1939.354	d21		24.62
22	-28.100	1.100	1.784720	24.16	25.64
23	-52.294	0.200		26.64
24	156.708	4.090	1.772500	28.24	49.62
25	-53.421	d25		28.24	
26	-214.076	3.800	1.553320	29.90	71.67
27	-36.775	d27		29.90	
28	-43.094	1.300	1.775030	29.65	47.31
29	37.433	3.600	1.922860	34.52	20.88
30	81.956	Bf		34.52
[aspherical data]
4	8892.243	0	6.78E-06	-9.11E-09	2.14E-11	-6.61E-15	-7.48E-17	1.46E-19
13	34.508	0	-7.33E-06	1.12E-09	-3.78E-12	-5.24E-15		
27	-36.775	0	1.69E-05	-8.63E-09	5.71E-12	-9.88E-15		
28	-43.094	0	2.41E-06	1.50E-09	-1.37E-10	6.99E-13	-1.28E-15	-1.88E-19
[figure]
source	Data/WO2022-259649_Figure09P.png
originX	60.30
originY	193.29
ppmm	4.606
[notes]
