[descriptive data]					
title	WO 2014/126145 Example 9 (Tamron 18-200mm F/3.5-6.3 Di II VC)
[constants]			
[variable distances]					
Focal Length	18.5136	60.0681	194.9318
Angle of View	79.3020	26.4452	8.3502
F-Number	3.6223	5.2626	6.2969
Image Height	29	29	29
Total Length	undefined	undefined	undefined
Magnification	0	0	0
d0	Infinity	Infinity	Infinity
d5	1.5962	25.3923	48.9184
d13	27.6928	11.2082	1.8013
d20	2.8381	2.4372	1.6000
d24	8.0972	2.3333	1.2000
Bf	41.9921	76.3615	96.9967
[lens data]					
1	81.0662	1.2000	1.84666	47.90	23.78
2	53.5297	6.6000	1.49700	47.90	81.61
3	-814.2792	0.2000		47.90
4	52.2329	4.4000	1.51742	43.25	52.15
5	195.9920	d5		43.25
6	195.9920	1.1000	1.83481	26.88	42.72
7	12.8669	6.4500		19.67
8	-26.6048	1.0000	1.53103	19.67	58.27
9	98.2891	0.2000		20.00	
10	50.8434	4.4000	1.80518	19.42	25.46
11	-23.3493	0.4600		19.42
12	-19.0740	0.7000	1.77250	16.52	49.62
13	-230.6555	d13		19.68
14	AS	0.9000		15.397
15	32.4971	3.6000	1.48749	19.01	70.44
16	-34.7066	1.9500		19.01
17	23.1922	3.6000	1.48749	19.06	70.44
18	-89.2603	0.4500		16.65
19	-42.0273	0.8000	1.84666	16.65	23.78
20	-467.3151	d20		19.06
21	-47.8795	0.2000	1.51460	19.03	49.96
22	-48.3845	0.7000	1.83400	19.03	37.34
23	16.8825	3.0000	1.80518	19.03	25.46
24	194.2614	d24		19.03
25	34.3111	1.2000	1.53103	20.00	58.27
26	37.7297	0.1500		20.00	
27	37.0491	5.6000	1.51680	22.10	64.20
28	-20.7740	0.1600		22.10
29	-37.6215	0.8000	1.90366	20.46	31.31
30	29.7997	0.3800		22.01	
31	35.8567	4.5000	1.61293	22.01	37.00
32	-32.7692	Bf		22.01
[aspherical data]						
8	-26.6048	0	1.31599E-05	-2.73202E-08	-3.40841E-09	2.47387E-11
9	98.2891	0	-2.32801E-05	-1.87538E-07	-1.36401E-09	8.45448E-12
21	-47.8795	0	1.24302E-05	-5.08935E-08	1.07027E-09	-6.51853E-12
25	34.3111	0	1.70166E-05	-6.84744E-07	-3.95111E-09	2.71942E-11
26	37.7297	0	6.02044E-05	-7.15308E-07	-3.74756E-09	3.10070E-11
[figure]
source	Data/WO2014-126145_Figure01P.svg
originX	160.30
originY	385.93
ppmm	9.708
[notes]
Bill: Patent has more aspherical surfaces than the lens construction diagram implies; unrelaesed revision?
