[descriptive data]
title	WO 2021/070285 Example 1 (Olympus M.Zuiko ED 12-45mm F4.0 Pro)
[constants]
[variable distances]
Focal Length	12.35	23.33	44.08	16.97	31.99
Angle of View	89.15	49.49	26.75	66.81	36.54
F-Number	4.08	4.08	4.08	4.08	4.08
Image Height	21.64	21.64	21.64	21.64	21.64
Total Length	undefined	undefined	undefined	undefined	undefined
Magnification	0	0	0	0	0
d0	Infinity	Infinity	Infinity	Infinity	Infinity
d3	0.76	10.01	24.20	5.21	15.70
d10	22.02	8.68	2.40	14.62	4.48
d18	2.59	7.29	10.21	4.64	9.78
d20	5.05	7.16	12.71	6.35	8.72
Bf	0	0	0	0	0
Aperture Diameter	8.158	9.796	11.790	8.924	10.811
[lens data]
1	47.853	1.80	1.92286	40.04	18.90
2	36.315	6.20	1.77250	38.18	49.60
3	236.613	d3		38.18	
4	71.723	1.20	1.83481	24.42	42.74
5	10.124	6.86		17.76	
6	-27.202	0.90	1.58313	17.20	59.38
7	36.480	0.70		17.20	
8	39.004	3.50	2.00100	16.44	29.13
9	-39.004	0.60	1.71999	16.00	50.23
10	-12728.053	d10		16.00	
11	AS	1.00		8.158
12	18.320	2.67	1.74320	14.04	49.34
13	100.000	2.80		14.04	
14	22.469	3.29	1.49700	13.72	81.54
15	-44.000	0.20		13.72	
16	40.000	0.60	1.91082	12.84	35.25
17	9.444	4.72	1.49700	12.30	81.54
18	-32.319	d18		12.30	
19	-64.316	1.00	1.53071	15.14	55.69
20	20.350	d20		15.14	
21	28.000	5.23	1.51823	22.34	58.90
22	-85.294	10.14		22.34	
23	CG	4.11	1.51633	22.30	64.14
24	CG	2.00		22.30	
[aspherical data]
6	-27.202	0	-1.03051E-04	2.10669E-06	-2.80389E-08	1.20443E-10
7	36.480	0	-1.37375E-04	2.29620E-06	-3.34216E-08	1.73499E-10
12	18.320	0	-1.04826E-05	1.71953E-07	-4.29469E-09	
13	100.000	0	3.27632E-05	2.08660E-07	-4.65262E-09	
19	-64.316	0	9.83534E-05	-3.03476E-07		
20	20.350	0	1.18832E-04	-8.06363E-07	3.82351E-09	-3.68592E-11
[figure]
source	Data/WO2021-070285_Figure01P.png
originX	19.47
originY	123.46
ppmm	3.552
[notes]
