[descriptive data]
title	WO 2020/157904 Example 1 (Nikon Nikkor Z 24-200mm f/4-6.3 VR)
[constants]
[variable distances]
Focal Length	24.72001	49.99999	105.05133	193.99063	undefined	undefined	undefined	undefined
Angle of View	85.17396	45.33392	22.27372	12.26028	undefined	undefined	undefined	undefined
F-Number	4.12109	5.58779	6.39998	6.50002	undefined	undefined	undefined	undefined
Image Height	41.00	43.40	43.40	43.40	41.00	43.40	43.40	43.40
Total Length	126.45486	144.16810	168.50373	188.47410	126.45486	144.16810	168.50373	188.47410
Magnification	0	0	0	0	-0.06221	-0.11053	-0.17918	-0.28386
d0	Infinity	Infinity	Infinity	Infinity	365.93400	397.40040	473.88510	503.91470
d6	1.50000	17.29645	38.92328	54.52847	1.50000	17.29645	38.92328	54.52847
d14	18.83905	10.91446	4.55495	1.10018	18.83905	10.91446	4.55495	1.10018
d22	12.23175	6.39417	3.18615	1.47844	12.23175	6.39417	3.18615	1.47844
d28	5.54311	4.42699	5.70823	2.00068	6.43705	6.05192	10.02051	11.69839
d31	10.05055	17.00460	18.93085	24.34574	9.15661	15.37967	14.61857	14.64803
Bf	11.75486	22.41624	30.66474	38.48515	11.78171	22.50112	30.88824	39.04500
Aperture Diameter	12.723	12.723	13.379	14.823	12.723	12.723	13.379	14.823
[lens data]
1	185.7354	2.0000	1.90366	54.18	31.27
2	75.9813	1.0263		52.82	
3	81.5981	6.4204	1.59319	52.82	67.90
4	-494.4016	0.1000		52.82	
5	59.1320	6.1300	1.59319	51.28	67.90
6	390.1369	d6		51.28	
7	236.0277	1.2500	1.95375	26.54	32.33
8	19.0394	5.0675		22.44	
9	-46.6700	1.1000	1.75500	22.44	52.33
10	68.1612	0.4169		22.44	
11	37.1210	3.3840	1.92286	19.20	20.88
12	-52.5580	0.5124		19.20	
13	-32.9357	1.0000	1.81600	18.44	46.59
14	416.8076	d14		19.02	
15	AS	2.0000		12.723
16	39.8204	2.5136	1.90265	16.98	35.72
17	-292.5261	0.5000		16.98	
18	36.7161	1.0000	2.00100	18.34	29.12
19	20.9452	3.3404	1.57957	17.66	53.74
20	-76.0620	1.4447		17.66	
21	-35.5626	1.0000	1.95375	15.78	32.33
22	-290.1606	d22		15.96	
23	37.1374	4.6344	1.83481	21.82	42.73
24	-37.1374	1.0000	1.90366	21.82	31.27
25	-308.9768	0.1000		22.42	
26	31.6449	2.7756	1.95375	22.96	32.33
27	15.2741	8.7030	1.49710	22.08	81.49
28	-40.3095	d28		22.08	
29	1365.4927	3.0634	1.84666	22.96	23.80
30	-35.3251	1.0000	1.85135	23.56	40.13
31	32.6144	d31		23.56	
32	-16.9998	1.4000	1.82080	26.62	42.51
33	-22.5398	0.1000		29.34	
34	626.7496	3.5530	1.68376	34.74	37.57
35	-77.6296	Bf		34.74	
[aspherical data]
28	-40.3095	0	3.13017E-05	-1.03090E-07	6.53525E-10	-2.57830E-12	3.26730E-15
31	32.6144	0	-6.66636E-06	5.10546E-08	1.72567E-11	-2.40595E-12	9.84450E-15
33	-22.5398	0	-1.93366E-06	-2.05750E-08	8.81224E-11	-2.94021E-13	
[figure]
source	Data/WO2020-157904_Figure01P.png
originX	48.21
originY	195.93
ppmm	5.031
[notes]
