[descriptive data]
title	WO 2021/039813 Example 2 (Nikon AF-P DX Nikkor 10-20mm f/4.5-5.6G VR)
[constants]
[variable distances]
Focal Length	10.310	14.992	19.394
Angle of View	110.688	87.666	72.786
F-Number	4.625	5.233	5.828
Image Height	28.500	28.500	28.500
Total Length	127.176	118.440	118.247
Magnification	0	0	0
d0	Infinity	Infinity	Infinity
d10	25.062	8.757	0.770
d20	1.457	2.644	3.179
d24	5.723	4.536	4.001
Bf	38.107	45.676	53.470
[lens data]
1	72.2152	2.400	1.77250	47.16	49.62
2	18.0784	0.200	1.56093	33.47	36.64
3	12.8098	13.500		33.47
4	38.7253	0.200	1.55389	27.28	38.09
5	33.7793	1.500	1.80610	27.28	40.97
6	15.4957	6.413		23.58	
7	-222.7658	1.300	1.68348	23.58	54.80
8	47.0349	0.100		23.58	
9	25.7276	4.150	1.71736	23.58	29.57
10	-234.9661	d10		23.58	
11	FS	1.100		9.98	
12	24.5947	2.550	1.72825	9.98	28.38
13	-16.1540	0.800	1.91082	9.98	35.25
14	27.1775	1.920		9.98
15	-248.1745	1.580	1.51680	10.72	63.88
16	-25.4538	1.455		10.72
17	AS	1.802		9.784
18	21.5078	3.280	1.53172	11.00	48.78
19	-15.0998	0.900	1.91082	11.00	35.25
20	-23.4243	d20		11.00
21	-112.1885	0.800	1.91082	10.72	35.25
22	28.2245	0.697		10.72	
23	18.6097	1.830	1.51680	11.50	63.88
24	78.1610	d24		11.50
25	-60.8267	1.350	1.53110	14.24	55.91
26	-34.6017	0.600		14.24	
27	-134.5982	0.800	1.91082	16.58	35.25
28	21.0465	5.600	1.48749	16.58	70.31
29	-15.2651	Bf		16.58	
[aspherical data]
3	12.8098	-0.961	-1.10E-05	-2.98E-08	1.59E-10	2.68E-13
4	38.7253	-0.792	-3.60E-06	8.87E-08	2.10E-10	-2.30E-13
26	-34.6017	0	5.66E-05	5.08E-08	-2.05E-09	3.50E-11
[figure]
source	Data/WO2021-039813_Figure03P.png
originX	20.42
originY	194.61
ppmm	4.941
[notes]
