[descriptive data]
title	WO 2019/188070 Example 3 (Zeiss Vario-Sonnar T 9.0-72mm F2.8-4.5 (Sony DSC-RX100M6-7))
[constants]
Scaled	9	1
[variable distances]
Focal Length	9.00	23.67	66.60
Angle of View	84.4	35.0	12.4
F-Number	2.97	4.16	4.72
Total Length	60.21	69.12	84.42
Image Height	14.40	15.84	15.84
Magnification	0	0	0
d0	Infinity	Infinity	Infinity
d5	0.387	10.062	21.987
d12	13.275	6.003	1.737
d19	5.130	1.206	1.278
d22	4.896	5.805	6.237
d26	4.365	5.274	7.983
d28	4.986	13.527	17.964
Bf	0	0	0
Aperture Diameter	8.137	7.978	8.544
[lens data]
1	106.083	0.909	1.9460	26.86	18.0
2	53.442	2.367	1.6200	25.56	63.9
3	-234.558	0.099		25.56	
4	31.518	2.241	1.7292	23.04	54.7
5	130.743	d5		23.04	
6	124.830	0.540	1.8514	14.94	40.1
7	8.928	3.015		10.49
8	-31.896	0.576	1.8514	11.70	40.1
9	25.452	1.935	1.9460	11.70	18.0
10	-20.691	0.549		11.70	
11	-13.158	0.405	1.8514	10.44	40.1
12	-216.036	d12		10.44	
13	AS	0.459		8.137
14	11.007	2.466	1.6188	11.52	63.9
15	-44.244	0.990		11.52	
16	192.870	1.458	1.4971	11.52	81.6
17	-31.851	0.099		11.52	
18	22.455	0.432	2.0010	10.26	29.1
19	11.151	d19		9.54	
20	19.206	2.493	1.4971	10.62	81.6
21	-13.698	0.576	1.9460	10.62	18.0
22	-16.974	d22		10.62	
23	-87.669	0.990	1.8467	11.34	23.8
24	-29.322	0.099		11.34	
25	-38.997	0.441	1.8514	11.34	40.1
26	48.528	d26		11.34	
27	17.739	1.080	1.8514	13.14	40.1
28	19.584	d28		11.76
29	CG	0.288	1.5168	16.02	64.2
30	CG	1.251		16.02	
31	CG	0.486	1.5567	16.02	58.6
32	CG	0.963		16.02	
[aspherical data]
6	124.830	0	1.7875E-04	7.4652E-06	-4.8572E-07	9.5759E-09	-7.8872E-11	2.2287E-13
7	8.928	0	1.9949E-04	1.6787E-05	-1.3315E-07	-1.3052E-09	-1.4789E-10	2.5094E-12
8	-31.896	0	-2.9103E-04	1.1477E-05	1.9782E-07	-3.1387E-08	7.8965E-10	-9.7814E-12
11	-13.158	0	1.4650E-04	-3.9523E-05	2.6849E-06	-7.8819E-08	9.2352E-10	
12	-216.036	0	-1.5610E-04	-2.9626E-05	2.5237E-06	-9.7780E-08	1.8031E-09	-1.3091E-11
14	11.007	0	-1.1150E-04	1.2922E-06	-5.5346E-07	5.2803E-08	-2.3304E-09	3.4231E-11
15	-44.244	0	1.1150E-04	2.0908E-07	-6.3760E-07	7.4036E-08	-3.4839E-09	5.3040E-11
16	192.870	0	-7.3701E-05	-1.6081E-06	2.5056E-07	-1.0804E-09	1.1829E-10	-7.7486E-12
17	-31.851	0	-1.2266E-04	6.6850E-07	4.4907E-07	-4.2749E-08	2.4219E-09	-4.7835E-11
20	19.206	0	-8.2764E-05	8.3996E-07	-1.5943E-08	-5.9243E-09	4.3335E-10	-8.6983E-12
25	-38.997	0	-2.1816E-05	1.0163E-06	1.0095E-08	-4.2016E-09	1.0920E-10	
26	48.528	0	-4.4602E-05	2.5689E-06	-7.9396E-08	-1.2129E-09	6.6617E-11	
27	17.739	0	-3.6173E-04	4.2929E-06	2.7782E-09	-3.1279E-09	5.5110E-11	
28	19.584	0	-3.3451E-04	4.2172E-06	2.7186E-08	-3.9169E-09	6.4376E-11	
[figure]
source	Data/WO2019-188070_Figure05P.png
originX	61.54
originY	158.47
ppmm	4.825
[notes]
