[descriptive data]
title	WO 2020/136749 Example 1 (Nikon Nikkor Z 24-70mm f/2.8 S)
[constants]
[variable distances]
Focal Length	24.8	50.0	67.9	undefined	undefined	undefined
Angle of View	85.10	45.26	33.84	undefined	undefined	undefined
F-Number	2.92	2.92	2.92	undefined	undefined	undefined
NA	undefined	undefined	undefined	0.17	0.17	0.17
Image Height	43.20	43.20	43.20	43.20	43.20	43.20
Total Length	139.35	158.45	169.16	139.35	158.45	169.16
Magnification	0	0	0	-0.03368	-0.03332	-0.03338
d0	Infinity	Infinity	Infinity	698.36	1424.45	1929.87
d5	1.78	21.22	30.25	1.78	21.22	30.25
d13	19.29	6.13	2.01	19.29	6.13	2.01
d18	9.17	3.87	1.49	9.17	3.87	1.49
d21	5.18	14.28	19.02	4.14	12.99	17.67
d25	2.68	3.52	2.62	3.25	4.08	3.03
d27	6.13	2.81	1.95	6.60	3.53	2.89
Bf	11.93	23.42	28.62	11.93	23.42	28.62
Aperture Diameter	17.281	22.294	24.936	17.281	22.294	24.936
[lens data]
1	234.3873	2.500	1.84666	69.80	23.80
2	109.5180	5.200	1.75500	65.47	52.34
3	389.6852	0.200		65.47
4	59.0627	5.700	1.77250	57.36	49.62
5	135.3649	d5		57.36
6	218.4420	2.000	1.74389	43.77	49.53
7	18.6957	9.658		29.38
8	-59.6856	1.300	1.77250	29.38	49.62
9	59.6856	0.442		31.14
10	39.2099	6.400	1.72825	28.72	28.38
11	-48.6731	1.933		28.72
12	-26.4065	1.300	1.61800	27.65	63.34
13	-71.7612	d13		29.40
14	AS	1.712		17.281
15	71.8876	2.500	1.69370	28.69	53.32
16	127.6411	0.716		28.69
17	38.7492	5.900	1.59319	30.00	67.90
18	-105.4274	d18		30.00
19	67.0276	1.300	1.73800	30.76	32.33
20	19.5126	9.700	1.49782	28.21	82.57
21	-50.5609	d21		28.21
22	-23.9237	1.200	1.72047	23.24	34.71
23	-56.2081	0.200		24.20	
24	103.1749	5.900	1.59349	26.90	67.00
25	-33.0197	d25		26.90	
26	-70.6288	3.500	1.79189	28.13	45.04
27	-38.2153	d27		29.72
28	-43.9824	3.000	1.94595	28.98	17.98
29	-32.4253	0.200		30.01
30	-100.5837	1.500	1.85207	30.46	40.15
31	88.1634	7.847		30.46
32	-25.2838	1.400	1.58913	33.32	61.22
33	-45.3661	Bf		34.26
[aspherical data]
6	218.4420	0	5.27866E-06	-5.41835E-09	1.33113E-11	-2.04736E-14	2.05090E-17
15	71.8876	0	-4.55747E-06	-1.40092E-10	-8.81384E-13	-8.42653E-15	
27	-38.2153	0	1.09543E-05	-2.36281E-08	1.42728E-10	-5.02724E-13	7.51800E-16
30	-100.5837	0	-2.18913E-06	-2.29301E-08	3.94582E-11	-9.84200E-14	
[!figure]
source	Data/WO2020-136749_Figure04P.png
originX	55.98
originY	195.5
ppmm	4.370
[figure]
source	Data/WO2020-136749_Figure01.png
originX	157.49
originY	581.21
ppmm	7.849
[notes]
Bill: d0 and Magnification measured.
