[descriptive data]
title	WO 2014/007298 Example 2 (Sony E 10-18 mm F4 OSS)
[constants]
[variable distances]
Focal Length	10.30	12.51	17.52
Angle of View	110.10	97.50	76.56
F-Number	4.10	4.10	4.10
Image Height	28.00	28.00	28.00
Total Length	undefined	undefined	undefined
Magnification	0	0	0
d0	Infinity	Infinity	Infinity
d7	20.0121	12.8134	2.9601
d13	5.1370	5.0623	4.6373
d15	1.9422	2.0168	2.2418
Bf	17.1566	19.4914	24.4295
Aperture Diameter	8.664	9.290	10.668
[lens data]
1	28.4000	1.3000	1.83945	35.54	42.72
2	14.3000	7.0700		25.64
3	90.8000	1.2000	1.69980	26.98	55.46
4	14.3000	0.2000	1.53920	22.48	41.21
5	10.8893	7.5800		22.48
6	30.6900	3.0000	1.85505	21.74	23.78
7	108.0300	d7		21.74	
8	-30.0000	0.8000	1.76857	10.64	26.61
9	-49.6000	4.0000		10.64	
10	AS	1.0000		8.664
11	12.8640	0.8000	2.00912	13.00	29.13
12	8.5400	4.0000	1.57046	13.00	42.84
13	-70.2000	d13		13.00	
14	18.7628	4.0000	1.58547	15.28	59.46
15	-21.2252	d15		15.28	
16	-64.7000	1.2000	1.83945	15.64	42.72
17	10.0000	7.5000	1.43810	15.64	95.10
18	-12.9374	0.2000		15.64	
19	-27.0707	1.2000	1.85639	15.96	40.10
20	268.1100	Bf		15.30	
[aspherical data]
5	10.8893	-0.2453	-1.08309E-04	3.68582E-07	-1.39806E-08	1.13388E-10	-4.62724E-13
14	18.7628	0	-1.12128E-04	-7.81232E-07	-1.35955E-08	2.05117E-10	
15	-21.2252	0	-3.37582E-05	-1.18538E-06	3.29568E-09	3.35122E-11	
19	-27.0707	0	4.47125E-04	-1.09685E-05	1.51057E-07	-7.30602E-10	
20	268.1100	0	5.32074E-04	-1.02229E-05	1.37741E-07	-7.44289E-10	
[figure]
source	Data/WO2014-007298_Figure03P.png
originX	30.54
originY	84.52
ppmm	2.177
[notes]
