[descriptive data]
title	WO 2020/230915 Example 1 (Samyang AF 24mm F2.8 FE)
[constants]
[variable distances]
Focal Length	25.000	undefined	undefined
Angle of View	82.262	82.356	82.424
F-Number	2.892	2.900	2.905
Image Height	43.26	43.26	43.26
Total Length	53.196	53.196	53.196
Magnification	0	-0.02500	-0.12144
d0	Infinity	993.49977	200.04902
d1	4.33946	4.11302	3.25312
d2	2.13342	2.35986	3.21976
Bf	23.46700	23.46700	23.46700
[lens data]
1	47.290	0.700	1.43700	21.00	95.10
2	12.058	4.558		15.80	
3	-20.539	1.100	1.98613	15.80	16.48
4	-37.723	0.300		17.64	
5	20.001	3.638	1.80755	16.80	40.89
6	-20.326	0.100		16.80	
7	18.751	1.100	1.51815	12.06	64.03
8	9.599	2.037		10.82	
9	AS	d1		9.498
10	-10.324	2.724	1.69815	9.32	31.19
11	-14.074	0.100		14.58	
12	-187.408	5.142	1.77250	18.76	49.62
13	-12.176	d2		18.76	
14	Infinity	0.700	1.92286	20.78	20.88
15	30.890	21.523		19.78	
16	CG	2.500	1.51680	52.60	64.20
17	CG	0.500		52.60	
[aspherical data]
6	-20.326	-52.01448	-1.21E-04	2.21E-06	-2.60E-08	1.42E-10
8	9.599	-10.05487	3.41E-04	1.27E-06	-1.94E-07	3.56E-09
11	-14.074	0.60401	2.06E-04	4.04E-07	3.52E-08	-3.62E-10
[figure]
source	Data/WO2020-230915_Figure01P.png
originX	16.35
originY	183.77
ppmm	6.148
[notes]
