[descriptive data]
title	WO 2022/137385 Example 2 (Olympus M.Zuiko Digital ED 8-25mm F4.0 Pro)
[constants]
[variable distances]
Focal Length	8.16	14.14	24.51
Angle of View	112.09	76.17	46.44
F-Number	4.08	4.08	4.08
Total Length	131.41	122.63	124.79
Image Height	21.63	21.63	21.63
Magnification	0	0	0
d0	Infinity	Infinity	Infinity
d7	24.10	12.01	1.60
d11	15.09	4.89	1.60
d19	2.85	10.37	26.52
d22	3.75	9.72	9.44
d27	14.88	14.90	14.90
Bf(p)	14.88	14.90	14.90
Bf	14.88	14.88	14.88
Aperture Diameter	7.474	10.291	13.920
[lens data]
1	46.327	2.50	1.87070	39.92	40.73	Patent diameter
2	17.900	4.00		30.02
3	19.926	2.50	1.58253	28.75	59.32
4	9.332	10.00		23.09
5	-33.734	1.50	1.43875	22.80	94.66
6	23.614	4.07	1.95375	21.54	32.32
7	97.690	d7		21.54
8	110.972	3.94	1.65412	14.28	39.68
9	-17.583	0.82	1.87070	14.28	40.73
10	-86.483	1.20		14.28
11	AS	d11		7.474
12	36.832	5.00	1.51633	15.96	64.14
13	-15.143	0.80	1.87070	15.96	40.73
14	-419.457	0.20		16.96
15	46.749	3.70	1.85150	18.40	40.78
16	-46.749	2.87		18.40
17	38.545	1.10	1.91082	18.71	35.25
18	14.392	8.30	1.49650	18.71	81.53
19	-28.862	d19		18.83
20	160.981	2.30	1.94595	18.34	17.98
21	-55.520	0.85	1.72916	18.34	54.09
22	21.035	d22		18.34
23	18.400	7.60	1.49650	21.82	81.53
24	-35.483	0.20		21.82
25	600.000	1.30	2.00100	21.07	29.13
26	19.257	5.98	1.49700	20.79	81.54
27	-71.584	Bf		20.79
[aspherical data]
3	19.926	-0.764	2.31201E-07	-1.27960E-07	6.11189E-11	2.62381E-12	-5.25132E-15
4	9.332	-2	1.73256E-04	-1.12048E-06	2.10241E-09	1.31211E-11	-4.12883E-14
19	-28.862	0	1.24216E-05	-2.95451E-08	9.23569E-11	-1.67505E-12	
23	18.400	0	-1.61602E-05	-1.16560E-07	5.50493E-10	-2.28948E-12	
24	-35.483	0	2.17979E-05	-1.66279E-07	8.65173E-10	-2.46047E-12	
[figure]
source	Data/WO2022-137385_Figure03aP.png
originX	24.55
originY	115.51
ppmm	2.798
[notes]
