[descriptive data]
title	WO 2019/049372 Example 1 (Nikon Nikkor Z 24-70mm f/4 S)
[constants]
[variable distances]
Focal Length	24.72	46.31	67.91	undefined	undefined	undefined
Angle of View	86.68	48.00	33.32	undefined	undefined	undefined
F-Number	3.99	4.00	4.01	undefined	undefined	undefined
NA	undefined	undefined	undefined	0.12	0.12	0.12
HO	Infinity	Infinity	Infinity	195.48	97.62	69.67
Image Height	43.4	43.4	43.4	43.4	43.4	43.4
Total Length	121.583	134.978	151.029	121.583	134.978	151.029
Magnification	0	0	0	-0.111	-0.222	-0.311
d0	Infinity	Infinity	Infinity	190.431	156.766	139.825
d3	1.600	17.195	31.254	1.600	17.195	31.254
d9	23.690	8.562	2.895	23.690	8.562	2.895
d18	4.579	8.446	10.823	2.148	3.205	2.313
d22	8.245	4.378	2.000	10.675	9.619	10.510
d26	13.858	26.785	34.444	13.858	26.785	34.444
d28	0.100	0.101	0.101	0.100	0.101	0.101
Bf	15.558	28.486	36.144	15.558	28.486	36.144
Aperture Diameter	11.910	15.387	17.474	11.910	15.387	17.474
[lens data]
1	73.00000	2.150	1.84666	56.64	23.8
2	47.49515	8.600	1.75500	54.02	52.3
3	417.04330	d3		54.02	
4	400.00000	1.800	1.74353	39.26	49.5
5	17.04241	8.087		28.46	
6	-181.13172	1.350	1.75500	27.96	52.3
7	49.98466	2.108		27.96	
8	37.80684	3.693	2.00069	26.00	25.5
9	235.22758	d9		26.00	
10	AS	1.500		11.910
11	25.88353	4.048	1.55332	19.28	71.7
12	-254.63176	0.800		19.28	
13	52.19394	1.000	1.83481	18.62	42.7
14	26.38369	3.546	1.61800	17.96	63.3
15	-150.00000	3.743		17.96	
16	-33.68615	1.000	1.81600	17.32	46.6
17	17.28639	6.494	1.59319	17.32	67.9
18	-23.04098	d18		17.32	
19	-22.45485	1.000	1.80100	21.24	34.9
20	-41.05177	0.103		21.24	
21	59.92172	6.115	1.59201	25.02	67.0
22	-26.25646	d22		25.02	
23	-40.60645	3.489	1.58910	27.64	31.2
24	-24.00000	5.786		27.64	
25	-24.36536	1.500	1.61800	28.12	63.3
26	107.45414	d26		32.54	
27	CG	1.600	1.51680	45.42	64.1
28	CG	d28		45.42	
[aspherical data]
5	17.04241	-1	2.11342E-05	4.21453E-08	-3.77216E-11	4.44697E-13
11	25.88353	0	-5.01541E-06	1.10914E-09	4.72876E-11	-3.55280E-13
22	-26.25646	0	1.52181E-05	-2.09730E-08	-1.77284E-11	-1.36838E-13
24	-24.00000	0	3.09258E-06	3.56902E-08	-3.36788E-11	3.80333E-13
[figure]
source	Data/WO2019-049372_Figure01P.png
originX	28
originY	430
ppmm	11.207
[notes]
Bill: CLD Magnification and d0 from HO.
