[descriptive data]
title	WO 2020/213337 Example 2 (Sony FE 20mm F1.8 G)
[constants]
[variable distances]
Focal Length(p)	19.05	undefined
Focal Length	19.50	undefined
Angle of View(p)	60.24	undefined
Angle of View	undefined	undefined
F-Number	1.85	2.03
Image Height	43.26	43.26
Magnification	0	-0.24639
d0	Infinity	68.96
d13	8.73	3.33
d25	4.50	9.90
Bf	14.32	14.32
[lens data]
1	47.026	1.80	1.72916	47.74	54.7
2	20.449	4.17		35.50	
3	27.264	1.60	1.55032	37.04	75.5
4	17.546	4.13		30.56	
5	27.223	1.50	1.58313	32.60	59.5
6	16.000	5.00		27.92	
7	45.779	2.85	1.85896	30.02	22.7
8	167.956	14.69		30.02	
9	-30.739	1.10	1.74077	22.74	27.8
10	-119.722	0.83		25.86	
11	325.300	4.32	1.88300	27.52	40.8
12	-29.563	1.03		27.52	
13	AS	d13		23.679
14	25.206	7.88	1.49700	26.86	81.6
15	-25.206	1.20	1.75520	26.86	27.5
16	-55.000	0.30		26.86	
17	55.110	6.38	1.49700	26.58	81.6
18	-23.682	1.20	1.85478	26.58	24.8
19	152.294	0.30		26.58	
20	68.117	4.53	1.94595	27.14	18.0
21	-37.550	0.40		27.14	
22	-328.625	1.00	1.85478	26.02	24.8
23	32.579	3.52		23.48
24	-175.816	1.40	1.85135	23.48	40.1
25	300.000	d25		26.38	
26	1000.000	1.98	1.51680	34.54	64.2
27	-160.000	Bf		34.54	
[aspherical data]
5	27.223	0	3.201563E-05	-2.052107E-07	6.627072E-10	-1.113243E-12	
6	16.000	-0.5767229	4.052845E-05	-2.775909E-07	9.527079E-10	-2.305643E-12	
24	-175.816	0	-4.643247E-05	1.033816E-07	-1.262662E-09	7.029240E-12	-2.869344E-14
25	300.000	0	5.092772E-07	1.976421E-07	-8.543724E-10	6.232804E-12	-2.187840E-14
[figure]
source	Data/WO2020-213337_Figure04P.png
originX	21.65
originY	169.53
ppmm	4.408
[notes]
Bill: Measured d0 and Magnification. Patent Figure is slightly skewed. Focal Length looks like a typo and Angle of View is way off.
