[descriptive data]
title	WO 2015/141574 Example 2 (Nikon AF-S DX Nikkor 55-200mm f/4-5.6G ED VR II)
[constants]
[variable distances]
Focal Length	56.61	135.00	194.07
Angle of View	28.97	11.87	8.29
F-Number	4.12	4.94	5.78
Image Height	28.50	28.50	28.50
Total Length	148.30	164.07	172.09
Magnification	0.00	0.00	0.00
d0	Infinity	Infinity	Infinity
d5	2.10	24.96	28.67
d10	30.56	10.48	1.44
Bf	39.90	52.90	66.23
[lens data]
1	354.3437	2.90	1.51680	40.64	63.88
2	-354.3437	12.10		40.64	
3	53.5415	1.40	1.84666	35.44	23.80
4	38.6340	6.17	1.48749	34.50	70.31
5	-339.2311	d5		34.50	
6	-180.8776	1.20	1.69680	23.98	55.52
7	18.8950	4.11	1.80518	21.38	25.45
8	47.1527	2.54		21.38	
9	-48.4021	1.00	1.77250	21.38	49.62
10	189.6188	d10		21.38	
11	59.7109	3.80	1.60311	21.24	60.69
12	-59.7109	0.10		21.24	
13	27.1377	5.10	1.49782	20.84	82.57
14	-44.4450	1.00	1.80518	20.84	25.45
15	328.7306	1.50		20.84	
16	AS	11.54		18.381
17	-131.5467	3.10	1.85026	16.34	32.35
18	-15.9850	1.00	1.79952	16.34	42.09
19	39.3987	5.69		16.34	
20	51.6077	2.64	1.77250	16.76	49.62
21	-51.6077	7.75		16.76	
22	-20.7941	1.10	1.77250	16.76	49.62
23	-39.0838	Bf		16.76	
[figure]
source	Data/WO2015-141574_Figure04AP.png
originX	41.16
originY	195.49
ppmm	5.496
[notes]
