[descriptive data]
title	WO 2019/131993 Example 1 (Nikon AF-S Zoom-Nikkor 180-400mm f/4E TC1.4 FL ED VR without TC)
[constants]
[variable distances]
Focal Length	183.60	300.00	392.00
Angle of View	13.574	8.182	6.224
F-Number	4.082	4.083	4.085
Image Height	43.2	43.2	43.2
Total Length	389.811	389.811	389.811
Magnification	0	0	0
d0	Infinity	Infinity	Infinity
d14	2.100	24.430	31.667
d21	42.924	19.168	2.000
d26	9.686	11.112	21.042
Bf	53.409	53.409	53.409
Aperture Diameter	34.015	34.049	34.066
[lens data]
1	187.6310	12.850	1.43384	104.00	95.24
2	-1369.3867	0.200		104.00	
3	131.6428	17.000	1.49782	98.12	82.57
4	-452.9162	2.000		98.12	
5	-436.7952	4.500	1.74950	93.76	35.33
6	601.8570	29.883		93.76	
7	97.1140	3.500	1.77250	70.72	49.62
8	56.0328	13.900	1.49782	65.86	82.57
9	497.1239	7.364		65.86	
10	-329.2090	3.500	1.80610	60.48	33.27
11	-156.1463	3.000	1.48749	59.98	70.32
12	79.1305	28.015		55.88	
13	Infinity	4.300	1.72916	51.02	54.61
14	-182.9544	d14		51.02	
15	Infinity	2.000	1.88100	35.66	40.14
16	59.7029	4.237		34.31
17	-88.8317	2.000	1.49782	34.31	82.57
18	65.4428	5.000	1.78472	35.66	25.71
19	-338.9529	1.745		35.66	
20	-71.4408	2.000	1.49782	35.66	82.57
21	Infinity	d21		36.94	
22	195.4825	4.500	1.56883	38.56	56.00
23	-105.0273	0.100		38.56	
24	230.2794	5.200	1.49782	38.06	82.57
25	-70.9261	2.000	1.92119	37.28	23.96
26	-158.8556	d26		37.28	
27	AS	7.042		34.015
28	94.3172	1.800	1.95375	34.98	32.33
29	41.4840	5.800	1.59319	33.96	67.90
30	-381.0091	4.000		33.96	
31	-479.7602	4.000	1.80809	32.94	22.74
32	-70.0455	1.800	1.49782	32.94	82.57
33	988.8440	1.494		32.94	
34	-112.8294	1.800	1.83400	31.92	37.18
35	146.0907	4.974		31.92	
36	215.4909	4.200	1.69895	32.16	30.06
37	-61.9900	1.800	1.95375	32.68	32.33
38	-385.9072	0.100		32.68	
39	66.8756	3.400	1.54814	33.20	45.78
40	221.6337	39.558		33.20	
41	340.0306	6.900	1.80610	27.16	40.97
42	-42.8609	2.100	1.95375	27.16	32.33
43	-86.9472	5.542		27.16
44	Infinity	1.500	1.51680	25.26	63.88
45	Infinity	5.608		25.26	
46	80.6044	4.100	1.49782	25.76	82.57
47	Infinity	12.800		25.76	
48	-75.3148	1.900	2.00100	25.52	29.12
49	191.2937	51.990		25.52	
50	CG	2.000	1.51680	45.58	63.88
51	CG	0.100		45.58	
[figure]
source	Data/WO2019-131993_Figure01P.png
originX	84
originY	269
ppmm	3.977
[notes]
