[descriptive data]
title	WO 2019/187633 Example 1 (Sony FE 135mm F1.8 GM)
[constants]
[variable distances]
Focal Length	130.95	undefined	undefined
Angle of View	18.76	undefined	undefined
F-Number	1.854	undefined	undefined
Image Height	43.266	43.266	43.266
Total Length	145	145	145
Magnification	0	-0.03333	-0.25
d0	Infinity	3944.8322	559.6264
d10	3.0000	3.9603	10.8500
d15	17.0880	16.1277	9.2381
d16	12.6914	11.5986	5.9273
d19	11.9640	13.0568	18.7282
Bf	21.3946	21.3946	21.3946
[lens data]
1	67.6359	8.6799	1.61997	75.08	63.88
2	181.1834	0.4000		69.96	
3	54.6341	11.4782	1.43700	69.74	95.10
4	233.0436	1.8824		65.04	
5	208.5222	2.6500	1.72047	65.26	34.71
6	41.4576	0.3000		55.44	
7	42.3083	11.5000	1.59282	58.00	68.63
8	276.9603	0.4000		58.00	
9	71.0840	5.5858	1.58313	53.32	59.38
10	181.1560	d10		48.20	
11	122.3523	3.1014	1.95906	46.70	17.47
12	473.0091	1.9000	1.77250	46.70	49.62
13	34.4892	5.9178		39.02	
14	294.4306	1.6000	1.72916	39.44	54.67
15	94.0758	d15		37.52	
16	AS	d16		32.698
17	79.1944	1.2500	1.74077	32.40	27.76
18	42.8515	5.5000	1.61997	32.40	63.88
19	-85.5729	d19		32.40	
20	-692.7243	9.1465	1.80610	35.18	33.27
21	-38.9500	1.2900	1.51742	35.18	52.15
22	278.8445	5.0000		35.18	
23	-51.8751	1.2800	1.89190	34.12	37.13
24	-292.7369	17.8946		35.60	
25	CG	2.5000	1.51680	45.84	64.20
26	CG	1.0000		45.84	
[aspherical data]
9	71.0840	0	-1.343732E-06	-3.875437E-10	-7.218747E-14	1.266821E-16
[figure]
source	Data/WO2019-187633_Figure01P.png
originX	37
originY	147
ppmm	3.093
[notes]
