[descriptive data]
title	WO 2022/097401 Example 1 (Nikon Nikkor Z MC 105mm f/2.8 VR S)
[constants]
[variable distances]
Focal Length	102.86	undefined	undefined
Angle of View	24.06	undefined	undefined
F-Number	2.89	3.68	4.65
Image Height	43.40	43.40	43.40
Total Length	149.38	149.38	149.38
Magnification	0	-0.5	-1
d0	Infinity	226.746	138.188
d7	3.662	12.980	22.619
d12	25.484	16.167	6.528
d13	24.986	14.031	4.245
d18	2.206	13.161	22.947
Bf	16.78	16.78	16.78
Aperture Diameter	25.622	22.797	20.975
[lens data]
1	1598.6404	3.33	1.83481	45.86	42.73
2	-179.4707	0.2		45.86	
3	80.9451	1.2	1.85451	42.68	25.15
4	38.9730	7.07	1.59319	40.66	67.90
5	865.5813	0.2		40.66	
6	47.0836	4.57	1.59319	36.58	67.90
7	210.0810	d7		36.58	
8	-242.9579	1.1	1.51860	32.82	69.89
9	48.3271	1.613		31.40
10	122.3852	1.1	1.72047	31.40	34.71
11	28.6090	2.66	1.94595	28.70	17.98
12	44.8866	d12		28.02	
13	AS	d13		25.622
14	85.7680	2.4	1.83481	26.54	42.72
15	-644.4854	0.2		26.54	
16	79.2129	1.1	1.85451	26.54	25.15
17	32.8950	5.48	1.59319	26.54	67.90
18	-109.8711	d18		26.54	
19	163.4895	1.1	1.95375	26.54	32.33
20	45.6740	1.84		26.54	
21	85.0464	1.1	1.51860	27.82	69.89
22	23.8970	3.21	1.94595	27.82	17.98
23	29.2234	2.983		27.82	
24	34.9435	1.5	2.00069	32.36	25.46
25	21.6656	8.8	1.80440	32.36	39.61
26	250.8917	21.97		32.36	
27	-26.4605	1.53	1.51680	33.84	64.14
28	-47.3182	Bf		36.32	
[aspherical data]
27	-26.4605	0	9.61768E-06	1.56877E-08	-4.92862E-11	1.29299E-13	-7.46540E-17
[figure]
source	Data/WO2022-097401_Figure01P.png
originX	31.53
originY	194.76
ppmm	4.533
[notes]
Bill: Repaired sign a27 A10
