[descriptive data]
title	WO 2016/136352 Example 2 (Sony FE 90mm F2.8 Macro G OSS)
[variable distances]
Focal Length	92.63	undefined	undefined
Angle of View	26.30	undefined	undefined
F-Number	2.88	undefined	undefined
Image Height	43.26	43.26	43.26
Magnification	0	-0.5	-1.0
d0	Infinity	202.17	129.98
d7	2.80	11.89	22.17
d12	22.92	13.83	3.54
d16	23.22	13.23	5.00
d21	7.49	17.48	25.71
Bf	0	0	0
[lens data]
1	60.7452	6.483	1.7292	48.67	54.6735
2	-742.4113	0.500		48.67
3	85.1880	4.575	1.4970	42.88	81.6084
4	-300.7794	1.800	1.8467	42.88	23.7848
5	62.5282	0.500		37.42	
6	46.3651	4.722	1.7680	37.14	49.2414
7	478.0475	d7		37.14	
8	235.4026	1.200	1.7725	32.24	49.6243
9	31.9680	4.165		28.35
10	-120.8878	1.200	1.7292	28.35	54.6735
11	32.6584	3.067	1.9229	28.82	20.8804
12	109.2743	d12		26.72
13	44.4665	1.200	1.8061	32.06	33.2694
14	28.8115	5.800	1.4875	30.20	70.4412
15	-247.5076	3.190		30.20
16	AS	d16		25.616
17	89.3718	3.942	1.7292	29.71	54.6735
18	-74.3718	0.500		29.71
19	100.2759	5.427	1.4370	31.11	95.1004
20	-37.7081	1.280	1.6727	31.11	32.1705
21	-188.5814	d21		33.47
22	-76.0642	2.432	1.9037	31.11	31.3150
23	-43.4556	1.500		31.11
24	-88.4506	1.300	1.6584	30.32	50.8546
25	88.4506	6.245		30.32
26	-27.8033	1.300	1.6968	30.59	55.4597
27	-75.2165	22.747		32.54
28	CG	2.500	1.5168	50.86	64.1983
29	CG	1.000		50.86	
[aspherical data]
7	478.0475	0	1.68758E-06	-2.23231E-10	-6.57918E-13	1.65445E-15
[figure]
source	Data/WO2016-136352_Figure02P.png
originX	27.55
originY	174.05
ppmm	4.269
[notes]
Bill: d0 measured.
