[descriptive data]
title	WO 2019/229849 Example 1 (Nikon Nikkor Z 58mm f/0.95 S Noct)
[constants]
[variable distances]
Focal Length	59.62	undefined
Angle of View	39.96	undefined
F-Number	0.98	undefined
NA	undefined	0.39
Image Height	43.4	43.4
Total Length	160.74	undefined
Magnification	0	-0.194
d0	Infinity	320.994
d22	2.68	21.29
Bf	17.10	17.10
Aperture Diameter	47.918	47.918
[lens data]
1	108.488	7.65	1.902650	66.80	35.77
2	-848.550	2.80	1.552981	65.82	55.07
3	50.252	18.12		57.94	
4	-60.720	2.80	1.612660	58.28	44.46
5	2497.500	9.15	1.593190	65.32	67.90
6	-77.239	0.40		65.32	
7	113.763	10.95	1.848500	70.90	43.79
8	-178.060	0.40		70.90	
9	70.659	9.74	1.593190	65.00	67.90
10	-1968.500	0.20		65.00	
11	289.687	8.00	1.593190	61.06	67.90
12	-97.087	2.80	1.738000	59.42	32.33
13	47.074	8.70		50.24	
14	AS	5.29		47.918
15	-95.230	2.20	1.612660	49.92	44.46
16	41.204	11.55	1.497820	49.92	82.57
17	-273.092	0.20		49.92	
18	76.173	9.50	1.883000	51.12	40.69
19	-101.575	0.20		51.12	
20	176.128	7.45	1.953750	46.80	32.33
21	-67.221	1.80	1.738000	45.36	32.33
22	55.510	d22		39.84	
23	71.413	6.35	1.883000	39.46	40.69
24	-115.025	1.81	1.698950	39.46	30.13
25	46.943	0.80		39.46	
26	55.281	9.11	1.883000	38.94	40.69
27	-144.041	3.00	1.765538	38.28	46.76
28	52.858	14.50		38.28	
29	CG	1.60	1.516800	44.30	64.14
30	CG	1.00		44.30	
[aspherical data]
1	108.488	0	-3.82177E-07	-6.06486E-11	-3.80172E-15	-1.32266E-18		
20	176.128	0	-1.15028E-06	-4.51771E-10	2.72670E-13	-7.66812E-17		
28	52.858	0	3.18645E-06	-1.14718E-08	7.74567E-11	-2.24225E-13	3.34790E-16	-1.70470E-19
[figure]
source	Data/WO2019-229849_Figure01P.png
originX	44
originY	233
ppmm	4.424
[notes]
Bill: d0 at CLD is computed.
