[descriptive data]
title	WO 2019/073744 Example 1 (Sony FE 24mm F1.4 GM)
[constants]
[variable distances]
Focal Length	23.66	undefined
Angle of View	84.72	undefined
F-Number	1.44	1.80
Image Height	43.26	43.26	43.26
Total Length	undefined	undefined
Magnification	0	-0.172
d0	Infinity	131.08
d10	7.87	2.84
d22	2.91	7.94
Bf	15.51	15.51
[lens data]
1	47.284	2.00	1.77002	44.46	49.40
2	18.11	13.76		35.28
3	-98.70	1.45	1.49700	34.25	81.60
4	51.12	5.26	2.00100	33.53	29.10
5	-155.40	6.08		33.53
6	-40.64	1.20	1.78472	29.24	25.70
7	800.00	6.73		29.57
8	164.76	4.88	1.88100	32.14	40.10
9	-49.76	2.86		32.14
10	AS	d10		31.754
11	25.45	7.62	1.49700	31.25	81.60
12	-388.44	1.25	1.74077	30.30	27.80
13	29.43	0.40		27.95
14	28.52	9.69	1.49700	28.13	81.60
15	-28.52	1.25	1.73800	27.19	32.30
16	-275.22	0.30		27.19
17	33.42	5.19	2.00100	28.49	29.10
18	-256.66	2.33		28.49	
19	133.09	1.00	1.64769	26.13	33.80
20	28.26	4.86		24.46	
21	-300.00	1.40	1.85235	24.34	40.10
22	169.545	d22		25.71
23	113.29	2.50	1.61997	31.44	63.90
24	-1085.07	Bf		31.44
[aspherical data]
1	47.284	0	2.6794E-07	-1.5450E-08	3.5857E-11	-4.8835E-14	2.6703E-17
2	18.11	-3.6126E-01	4.4434E-06	-1.3900E-08	-8.7422E-12	1.3708E-13	-3.2811E-16
21	-300.00	0	-6.4801E-05	2.2496E-07	6.4591E-10	-9.7531E-12	2.1426E-14
22	169.545	0	-2.7344E-05	2.8107E-07	6.1650E-10	-7.7377E-12	1.5239E-14
[figure]
source	Data/WO2019-073744_Figure01P.png
originX	40
originY	216
ppmm	5.370
[notes]
Bill: CLD d0 computed.
