[descriptive data]
title	WO 2022/264542 Example 1 (Nikon Nikkor Z DX 18-140mm f/3.5-6.3 VR)
[constants]
[variable distances]
Focal Length	18.540	50.034	135.845	undefined	undefined	undefined
Angle of View	78.356	30.558	11.480	undefined	undefined	undefined
F-Number	3.604	4.938	6.486	undefined	undefined	undefined
Image Height	27.482	28.400	28.400	27.482	28.400	28.400
Total Length	102.842	118.968	150.558	102.841	118.968	150.558
Magnification	0	0	0	-0.151	-0.147	-0.333
d0	Infinity	Infinity	Infinity	96.613	280.487	248.897
d5	1.137	18.064	38.687	1.137	18.064	38.687
d13	20.855	6.402	2.040	20.855	6.402	2.040
d26	1.935	6.290	1.909	3.492	8.922	10.681
d29	13.983	12.681	18.046	12.425	10.049	9.274
d33	8.272	18.869	33.216	8.272	18.869	33.216
Bf	0	0	0	0	0	0
Aperture Diameter	12.817	12.637	12.638	12.817	12.637	12.638
[lens data]
1	78.364	1.650	1.80518	46.32	25.45
2	51.125	6.080	1.49782	42.34	82.57
3	-1387.433	0.100		42.34
4	51.002	3.950	1.48749	36.60	70.31
5	408.278	d5		34.58
6	105.667	1.000	1.83481	25.21	42.73
7	13.538	5.877		19.14	
8	-40.384	1.000	1.74400	17.56	44.81
9	40.384	0.710		17.56	
10	26.016	3.250	1.80809	16.60	22.74
11	-43.626	0.840		16.60	
12	-21.186	0.900	1.77250	15.46	49.62
13	-113.505	d13		17.24
14	AS	1.500		12.817
15	16.582	0.150	1.56093	15.65	36.64
16	17.341	3.350	1.51742	15.65	52.20
17	-499.849	1.000		16.65
18	54.519	1.560	1.60342	16.42	38.03
19	-1162.912	4.249		16.42
20	287.817	0.950	2.00100	14.61	29.12
21	15.000	3.900	1.49782	14.61	82.57
22	-33.047	1.000		14.61
23	20.944	0.150	1.56093	15.27	36.64
24	20.408	4.560	1.51680	15.27	64.14
25	-27.508	0.900	1.66755	17.34	41.87
26	-40.524	d26		17.34
27	164.872	1.800	2.00100	14.29	29.12
28	-37.498	0.900	1.80400	14.29	46.60
29	23.384	d29		13.14
30	-16.370	1.100	1.90265	18.28	35.77
31	-32.544	0.100		20.78
32	-502.457	2.080	1.84666	23.07	23.80
33	-52.880	d33		22.32
34	CG	1.600	1.51680	29.28	64.14
35	CG	1.000		29.28	
[aspherical data]
15	16.582	0	-2.96855E-05	-5.04688E-08	-4.78359E-12
23	20.944	0	-1.94678E-05	-1.10034E-08	-1.10745E-10
[figure]
source	Data/WO2022-264542_Figure01P.png
originX	26.52
originY	195.53
ppmm	5.300
[notes]
