[descriptive data]
title	WO 2021/039812 Example 8 (Nikon AF-S DX Nikkor 18-105mm f/3.5-5.6G ED VR)
[constants]
[variable distances]
Focal Length	18.453	35.174	102.585
Angle of View	80.159	44.015	15.824
F-Number	3.649	4.387	5.676
Image Height	29.500	29.500	29.500
Total Length	133.528	146.578	177.230
Magnification	0.000	0.000	0.000
d0	Infinity	Infinity	Infinity
d5	1.925	16.252	41.483
d14	24.941	13.455	3.243
d20	2.033	4.953	8.771
d24	10.413	7.494	3.675
Bf	38.266	48.474	64.107
[lens data]
1	123.0748	1.800	1.80518	53.66	25.43
2	58.2630	6.650	1.60311	50.94	60.68
3	1138.2722	0.100		50.94	
4	59.8952	4.400	1.66106	45.98	56.09
5	263.2417	d5		45.98	
6	161.2961	0.200	1.55389	29.54	38.09
7	135.3684	1.200	1.80610	29.54	40.94
8	14.0958	6.050		21.68	
9	-74.9323	1.000	1.80610	21.68	40.94
10	28.3988	0.850		21.68	
11	23.8014	5.500	1.84666	22.56	23.78
12	-38.6530	0.200		22.12	
13	-33.8807	1.000	1.80610	22.02	40.94
14	94.5735	d14		22.02	
15	AS	0.400		13.518
16	31.0087	1.200	1.75520	15.14	27.51
17	15.8999	4.400	1.49782	15.14	82.56
18	-53.0423	0.100		15.14	
19	28.4992	2.500	1.61800	14.92	63.38
20	-146.7710	d20		14.92	
21	-57.7504	0.800	1.72916	14.04	54.66
22	13.0400	2.400	1.85026	13.92	32.35
23	35.6734	3.400		13.92	
24	FS	d24		20.04	
25	-262.4339	3.500	1.51680	21.90	64.12
26	-22.7054	0.400		21.90	
27	51.9563	6.700	1.48749	22.38	70.45
28	-16.7199	1.200	1.85026	22.38	32.35
29	-68.5435	Bf		22.38	
[aspherical data]
6	161.2961	81.273	4.41E-06	-3.56E-08	1.04E-10	-2.46E-13
[figure]
source	Data/WO2021-039812_Figure15P.png
originX	6.74
originY	78.67
ppmm	1.968
[notes]
