[descriptive data]
title	WO 2020/105107 Example 1 (Nikon Nikkor Z DX 50-250mm f/4.5-6.3 VR)
[constants]
[variable distances]
Focal Length	51.50	86.28	242.80
Angle of View	32.2	18.8	6.6
F-Number	4.63	5.10	6.34
Image Height	29.00	29.00	29.00
Total Length	161.202	176.253	204.667
Magnification	0	0	0
d0	Infinity	Infinity	Infinity
d5	11.800	36.593	73.195
d10	37.855	24.078	3.134
d22	6.151	8.639	3.000
d25	29.739	25.019	28.466
d29	16.906	23.174	38.120
Bf	16.906	23.174	38.120
[lens data]
1	87.9319	4.100	1.51680	44.90	64.1
2	303555.2600	0.100		44.90
3	121.9960	2.300	1.60342	43.32	38.0
4	42.1657	6.300	1.48749	41.32	70.3
5	450.0045	d5		41.32	
6	539.7528	1.200	1.77250	22.71	49.6
7	44.5639	2.596		20.26	
8	-40.0811	1.200	1.80610	20.26	41.0
9	53.9450	2.200	1.94595	20.51	18.0
10	-287.1993	d10		20.51
11	81.3060	4.750	1.49700	22.07	81.6
12	-24.7170	1.300	1.85026	22.07	32.4
13	-81.9845	0.100		22.07
14	35.5809	2.650	1.51823	20.86	58.8
15	66022.9190	2.000		20.86
16	AS	11.870		18.571
17	71.9716	1.700	1.90200	20.04	25.3
18	30.6656	0.965		19.02
19	82.4590	2.230	1.74400	20.04	44.8
20	-82.4590	0.100		20.04
21	32.7781	2.250	1.79500	20.71	45.3
22	115.5977	d22		20.71
23	38.4958	2.560	1.80518	16.60	25.4
24	-75.0934	1.300	1.80610	16.60	41.0
25	21.4236	d25		14.09
26	-51.0001	3.420	1.58913	20.10	61.2
27	-20.9315	0.310		23.10
28	-24.8038	1.250	1.91082	21.30	35.2
29	-82.9036	Bf		23.71
[figure]
source	Data/WO2020-105107_Figure01AP.png
originX	92.72
originY	206.00
ppmm	5.233
[notes]
