[descriptive data]
title	WO 2021/085655 Example 3 (Samyang AF 85mm F1.4 FE/F/RF)
[constants]
[variable distances]
Focal Length	84.000	undefined
Angle of View	28.920	24.584
F-Number	1.470	1.565
Total Length	116.000	116.003
Image Height	43.26	43.26
Aperture Diameter	32.194	30.360
Magnification	0	-0.11281
S	Infinity	900
d0	Infinity	784.000
d7	1.94373	6.99684
d9	9.91877	4.86565
Bf	0	0
[lens data]
1	58.930	7.670	2.00069	58.79	25.46
2	235.051	1.232		55.59
3	40.211	10.395	1.49700	51.13	81.61
4	Infinity	1.900	1.84666	51.13	23.78
5	29.846	3.637		39.91
6	35.905	6.862	1.77250	41.38	49.62
7	225.077	d7		38.58
8	656.333	1.000	1.71300	38.58	53.94
9	31.930	d9		34.38
10	AS	4.197		32.194
11	541.689	1.900	1.75520	33.14	27.53
12	19.223	10.447	1.71300	31.62	53.94
13	-94.886	2.331		31.62	
14	-44.171	1.500	1.75520	31.62	27.53
15	33.915	6.366	1.92286	32.18	20.88
16	-167.037	4.428		32.18	
17	145.893	4.589	2.00100	32.14	29.13
18	-65.755	16.474		32.14	
19	-36.344	1.500	1.94595	32.76	17.98
20	-64.119	14.678		35.42	
21	CG	2.500	1.51680	51.34	64.20
22	CG	0.500		51.34	
[figure]
source	Data/WO2021-085655_Figure05P.png
originX	10.55
originY	160.79
ppmm	3.453
[notes]
Bill: Patent supplies Aperture Diameter.
