[descriptive data]
title	WO 2019/131993 Example 1 (Nikon AF-S Zoom-Nikkor 180-400mm f/4E TC1.4 FL ED VR with TC)
[constants]
[variable distances]
Focal Length	256.702	419.611	548.556
Angle of View	9.514	5.778	4.408
F-Number	5.715	5.719	5.723
Image Height	43.2	43.2	43.2
Total Length	391.938	391.938	383.938
Magnification	0	0	0
d0	Infinity	Infinity	Infinity
d14	2.100	24.430	31.667
d21	42.924	19.168	2.000
d26	9.686	11.112	21.042
Bf	53.436	53.480	53.436
Aperture Diameter(noTC)	34.015	34.049	34.066
Aperture Diameter	33.969	33.997	34.026
[lens data]
1	187.6310	12.850	1.43384	104.00	95.24
2	-1369.3867	0.200		104.00	
3	131.6428	17.000	1.49782	98.12	82.57
4	-452.9162	2.000		98.12	
5	-436.7952	4.500	1.74950	93.76	35.33
6	601.8570	29.883		93.76	
7	97.1140	3.500	1.77250	70.72	49.62
8	56.0328	13.900	1.49782	65.86	82.57
9	497.1239	7.364		65.86	
10	-329.2090	3.500	1.80610	60.48	33.27
11	-156.1463	3.000	1.48749	59.98	70.32
12	79.1305	28.015		55.88	
13	Infinity	4.300	1.72916	51.02	54.61
14	-182.9544	d14		51.02	
15	Infinity	2.000	1.88100	35.66	40.14
16	59.7029	4.237		34.31
17	-88.8317	2.000	1.49782	34.31	82.57
18	65.4428	5.000	1.78472	35.66	25.71
19	-338.9529	1.745		35.66	
20	-71.4408	2.000	1.49782	35.66	82.57
21	Infinity	d21		36.94	
22	195.4825	4.500	1.56883	38.56	56.00
23	-105.0273	0.100		38.56	
24	230.2794	5.200	1.49782	38.06	82.57
25	-70.9261	2.000	1.92119	37.28	23.96
26	-158.8556	d26		37.28	
27	AS	7.042		33.969
28	94.3172	1.800	1.95375	34.98	32.33
29	41.4840	5.800	1.59319	33.96	67.90
30	-381.0091	4.000		33.96	
31	-479.7602	4.000	1.80809	32.94	22.74
32	-70.0455	1.800	1.49782	32.94	82.57
33	988.8440	1.494		32.94	
34	-112.8294	1.800	1.83400	31.92	37.18
35	146.0907	4.974		31.92	
36	215.4909	4.200	1.69895	32.16	30.06
37	-61.9900	1.800	1.95375	32.68	32.33
38	-385.9072	0.100		32.68	
39	66.8756	3.400	1.54814	33.20	45.78
40	221.3637	2.570		33.42	
41	31.4129	5.800	1.51742	33.30	52.20
42	306.6180	1.178		33.30	
43	77.9844	4.500	1.72047	30.14	34.71
44	-77.9844	1.500	2.00100	28.84	29.12
45	6385.3581	1.316		28.84	
46	107.2817	1.500	2.00100	26.86	29.12
47	18.5119	5.300	1.67270	24.38	32.12
48	144.1868	2.902		24.38	
49	-332.6937	1.200	1.83481	23.06	42.73
50	32.1204	2.000		23.06	
51	34.0220	4.200	1.72047	22.68	34.71
52	-45.7148	1.200	1.61800	22.68	63.34
53	45.7148	4.392		22.68	
54	340.0306	6.900	1.80610	24.64	40.97
55	-42.8609	2.100	1.95375	25.16	32.33
56	-86.9472	5.542		25.16	
57	Infinity	1.500	1.51680	25.56	63.88
58	Infinity	5.608		25.56	
59	80.6044	4.100	1.49782	26.62	82.57
60	Infinity	12.800		26.62	
61	-75.3148	1.900	2.00100	25.78	29.12
62	191.2937	54.117		25.78	
63	CG	2.000	1.51680	46.20	63.88
64	CG	0.100		46.20	
[figure]
source	Data/WO2019-131993_Figure03P.png
originX	83
originY	258
ppmm	3.794
[notes]
Bill: TL look short by CG and have been corrected. Does *not* focus on the Image Plane.
4	lens	group	27	-814.181	-811.37	???
4A	lens	group	27	329.439		329.44	
4B	lens	group	31	-92.317		-92.32	
4C	lens	group	36	136.044		136.04
Gx	optical	group	41	-360.176	-360.17	
4R	lens	group	54	287.271		287.27	

1	187.6310	12.850	1.43384	104.00	95.24
2	-1369.3867	0.200		104.00	
3	131.6428	17.000	1.49782	98.12	82.57
4	-452.9162	2.000		98.12	
5	-436.7952	4.500	1.74950	93.76	35.33
6	601.8570	29.883		93.76	
7	97.1140	3.500	1.77250	70.72	49.62
8	56.0328	13.900	1.49782	65.86	82.57
9	497.1239	7.364		65.86	
10	-329.2090	3.500	1.80610	60.48	33.27
11	-156.1463	3.000	1.48749	59.98	70.32
12	79.1305	28.015		55.88	
13	Infinity	4.300	1.72916	51.02	54.61
14	-182.9544	d14		51.02	
15	Infinity	2.000	1.88100	35.66	40.14
16	59.7029	4.237		35.66	
17	-88.8317	2.000	1.49782	35.66	82.57
18	65.4428	5.000	1.78472	35.66	25.71
19	-338.9529	1.745		35.66	
20	-71.4408	2.000	1.49782	35.66	82.57
21	Infinity	d21		36.94	
22	195.4825	4.500	1.56883	38.56	56.00
23	-105.0273	0.100		38.56	
24	230.2794	5.200	1.49782	38.06	82.57
25	-70.9261	2.000	1.92119	37.28	23.96
26	-158.8556	d26		37.28	
27	AS	7.042		34.015
28	94.3172	1.800	1.95375	34.98	32.33
29	41.4840	5.800	1.59319	33.96	67.90
30	-381.0091	4.000		33.96	
31	-479.7602	4.000	1.80809	32.94	22.74
32	-70.0455	1.800	1.49782	32.94	82.57
33	988.8440	1.494		32.94	
34	-112.8294	1.800	1.83400	31.92	37.18
35	146.0907	4.974		31.92	
36	215.4909	4.200	1.69895	32.16	30.06
37	-61.9900	1.800	1.95375	32.68	32.33
38	-385.9072	0.100		32.68	
39	66.8756	3.400	1.54814	33.20	45.78
40	221.3637	2.570		33.42	
41	31.4129	5.800	1.51742	33.30	52.20
42	306.6180	1.178		33.30	
43	77.9844	4.500	1.72047	30.14	34.71
44	-77.9844	1.500	2.00100	28.84	29.12
45	6385.3581	1.316		28.84	
46	107.2817	1.500	2.00100	26.86	29.12
47	18.5119	5.300	1.67270	24.38	32.12
48	144.1868	2.902		24.38	
49	-332.6937	1.200	1.83481	23.06	42.73
50	32.1204	2.000		23.06	
51	34.0220	4.200	1.72047	22.68	34.71
52	-45.7148	1.200	1.61800	22.68	63.34
53	45.7148	4.392		22.68	
54	340.0306	6.900	1.80610	24.64	40.97
55	-42.8609	2.100	1.95375	25.16	32.33
56	-86.9472	5.542		25.16	
57	Infinity	1.500	1.51680	25.56	63.88
58	Infinity	5.608		25.56	
59	80.6044	4.100	1.49782	26.62	82.57
60	Infinity	12.800		26.62	
61	-75.3148	1.900	2.00100	25.78	29.12
62	191.2937	54.117		25.78	
63	CG	2.000	1.51680	46.20	63.88
64	CG	0.100		46.20	
