[descriptive data]
title	WO 2021/039813 Example 1 (Nikon AF Nikkor 18mm f/2.8D)
[constants]
[variable distances]
Focal Length	18.427	undefined	undefined
Angle of View	100.785	undefined	undefined
F-Number	2.925	undefined	undefined
Image Height	43.400	43.400	43.400
Total Length	102.549	undefined	undefined
Magnification	0	-0.033	-0.110
d0	Infinity	538.12	147.58
d19	3.681	2.861	1.035
Bf	37.769	38.589	40.415
[lens data]
1	47.3402	1.80	1.84042	49.88	43.34
2	25.8235	4.00		40.93
3	37.4875	6.90	1.65160	40.93	58.54
4	363.4633	0.10		41.84	
5	22.6420	1.30	1.79668	27.22	45.37
6	12.3983	3.90		20.78
7	31.6092	1.15	1.62731	20.78	59.30
8	13.9537	2.50		18.22
9	45.7185	1.00	1.62041	17.66	60.12
10	9.1338	3.00	1.59507	14.52	35.51
11	15.1245	1.00		14.52	
12	23.5684	12.30	1.69911	13.84	27.83
13	-23.3878	0.70		13.84	
14	AS	1.85		11.573
15	-38.6792	4.00	1.62588	12.62	35.70
16	-13.6132	1.20	1.86074	12.62	23.01
17	72.7558	1.00		13.98	
18	78.2777	3.40	1.66755	14.66	41.96
19	-15.3940	d19		14.66	
20	-33.1936	2.00	1.51680	17.44	64.12
21	-30.0403	1.20		19.44	
22	-26.8195	5.00	1.59319	19.44	67.87
23	-13.5397	1.80	1.86074	22.30	23.01
24	-16.6014	Bf		24.90	
[aspherical data]
21	-30.0403	0	5.0910E-05	1.2580E-07	-9.2250E-10	5.5330E-12
[figure]
source	Data/WO2021-039813_Figure01P.png
originX	5.79
originY	79.97
ppmm	1.864
[notes]
Bill: d0 measured.
